0.005336848266450966,0.0008277786903736011,0.001186486536798042,-0.00012466327089493198,0.0004065414328956097,-0.0001745336941565059,0.00018789784145623024,0.00014283613586842775,-0.0004499917067141059,0.00010635951765750374,0.001259532963647924,-0.0017531489591280233,0.001227105099169905,0.0011201591240330737,-0.00022751376526287205,0.0011671614245133692,0.00039949399835218294,0.0016752363495918026,-0.00023507233689021358,0.0002144515043095584,0.0008277786903736011,0.003747308389514109,-1.3530567696663183e-6,2.8563020012723992e-5,0.0003444125378465471,0.0007569371294014173,6.295741448902905e-5,0.00039978007891508776,-1.4462846809211431e-5,-0.0006209299521947168,0.001175834164703086,-0.000298290113573727,0.00041202157341052977,2.7465900450191063e-5,0.00037381569279628627,0.0006488965865481186,-0.0010220631800572921,0.0010095316803151058,0.0007476699463277234,-9.176725751778656e-5,0.001186486536798042,-1.3530567696663183e-6,0.0304936292855767,2.1918704071034733e-5,-0.0007582722579892893,0.005032341650330513,0.0010726769328260229,-0.0015439970162024878,0.0007677044056721476,-0.001182714878549363,0.0012564557541636739,0.006302239869258023,0.0008733862144012028,0.001365831973605913,0.0022095854032647792,-0.0019562400215371767,0.002122761677130363,0.002963248101848167,0.0011933472332649935,-0.00024207767212636703,-0.00012466327089493198,2.8563020012723992e-5,2.1918704071034733e-5,0.0033432603712781474,-0.00012539888763011414,0.003686122700111172,1.2325087532642147e-5,0.0004936589525778349,0.0005972692997106682,0.004016005154225233,0.0007827264716172731,-0.00044782107481956975,0.00040722201415015723,0.002393235751827591,0.00022909456586890433,0.0024547244800610874,0.0003457741041268397,7.544511923482281e-5,0.0012584227811031127,-0.0007222888421301345,0.0004065414328956097,0.0003444125378465471,-0.0007582722579892893,-0.00012539888763011414,0.003258469013409819,0.00023275793324321274,-0.00033551313167927877,0.00047812904022239176,0.0003642064342576002,-3.147167131638508e-5,0.0001970821865873609,-0.0007511520645198922,0.00018427401661619735,-0.0005801138260188056,-0.00025795817180239227,0.0005469942419146754,-0.0004825775237858206,-0.000592284976373924,0.0008372547124482967,0.00021595685366731636,-0.0001745336941565059,0.0007569371294014173,0.005032341650330513,0.003686122700111172,0.00023275793324321274,0.01989471722239929,-0.0009543854582559218,0.0005833414158353642,0.002938646672147754,0.008757005862434627,0.0038980047161069798,-0.002049817349431386,-0.0006219890738825232,0.001259184895425018,0.000973928961822162,0.004120313373601012,-0.0017881160257832126,-0.0006499486755852803,0.0007301396335860049,-0.002490924308056478,0.00018789784145623024,6.295741448902905e-5,0.0010726769328260229,1.2325087532642147e-5,-0.00033551313167927877,-0.0009543854582559218,0.0033866140187749257,-0.0006321500604014138,0.0009819863456298642,-0.00040157104126891036,0.0016372468267751882,0.0013355231656204895,0.0010827872641757893,0.0006327093886744539,0.00044132672499179665,0.0006015099049635794,0.0010690131403666425,0.0018597621993343219,2.5397512098660363e-5,0.0012233912291860836,0.00014283613586842775,0.00039978007891508776,-0.0015439970162024878,0.0004936589525778349,0.00047812904022239176,0.0005833414158353642,-0.0006321500604014138,0.0024234151270111416,0.00018941866034877244,0.00036689556912046685,0.00020147591201557006,-0.00038707712378201794,-0.00027108427355676534,0.0017749243885278984,0.00021915853990461044,0.000390941634630544,-0.0011272239067909088,-0.0010006755896703632,-0.00031008471755521747,-0.0003300180989100807,-0.0004499917067141059,-1.4462846809211431e-5,0.0007677044056721476,0.0005972692997106682,0.0003642064342576002,0.002938646672147754,0.0009819863456298642,0.00018941866034877244,0.009215235479388698,0.0015162463247845254,0.0034790061952078323,0.00036926052804851024,0.0004933395969254713,0.0009288968264560285,0.0008057430738663728,0.0016057322305065786,-0.0005658766307696644,0.002650748357945661,0.000902514103300413,0.00040910247549867803,0.00010635951765750374,-0.0006209299521947168,-0.001182714878549363,0.004016005154225233,-3.147167131638508e-5,0.008757005862434627,-0.00040157104126891036,0.00036689556912046685,0.0015162463247845254,0.021475635748037285,0.0003701118021958694,-0.006129333027092158,-0.00021264006318782866,0.004201546886065888,-0.0009295086226333432,0.0037855716420549194,-0.0007136442603605925,-0.002597105004545616,0.0019064580772781455,-0.0014466514424961974,0.001259532963647924,0.001175834164703086,0.0012564557541636739,0.0007827264716172731,0.0001970821865873609,0.0038980047161069798,0.0016372468267751882,0.00020147591201557006,0.0034790061952078323,0.0003701118021958694,0.028301349899926487,0.002543085933990184,0.00347341945466332,0.0033400620351508002,0.0021894068168944515,0.001616668298668041,-0.0002845852924426212,0.005719350136443386,0.0014048560859992647,0.00024915883332405817,-0.0017531489591280233,-0.000298290113573727,0.006302239869258023,-0.00044782107481956975,-0.0007511520645198922,-0.002049817349431386,0.0013355231656204895,-0.00038707712378201794,0.00036926052804851024,-0.006129333027092158,0.002543085933990184,0.013077511014082199,0.0006970516056555441,-0.000988515042322204,0.00190308922145104,-0.0012810687576901136,0.0016015041869545297,0.0017027160436353596,-0.00025516229570911146,0.0015388020469467205,0.001227105099169905,0.00041202157341052977,0.0008733862144012028,0.00040722201415015723,0.00018427401661619735,-0.0006219890738825232,0.0010827872641757893,-0.00027108427355676534,0.0004933395969254713,-0.00021264006318782866,0.00347341945466332,0.0006970516056555441,0.004555110412923983,0.0024655285216037526,-0.0004956670681948304,0.0010690185199106572,0.0016761151245831994,0.0026727753642373543,3.267456532213865e-5,-0.000483201966764674,0.0011201591240330737,2.7465900450191063e-5,0.001365831973605913,0.002393235751827591,-0.0005801138260188056,0.001259184895425018,0.0006327093886744539,0.0017749243885278984,0.0009288968264560285,0.004201546886065888,0.0033400620351508002,-0.000988515042322204,0.0024655285216037526,0.015191575027711351,0.00017831404312862751,0.002086318207210711,0.0009587301931055652,0.004327193185863925,0.0002922873522857735,-0.00020443178940405317,-0.00022751376526287205,0.00037381569279628627,0.0022095854032647792,0.00022909456586890433,-0.00025795817180239227,0.000973928961822162,0.00044132672499179665,0.00021915853990461044,0.0008057430738663728,-0.0009295086226333432,0.0021894068168944515,0.00190308922145104,-0.0004956670681948304,0.00017831404312862751,0.0037205181488037145,0.0001528539632866065,0.0001175423284661307,0.00061658497298177,-0.0005156527746782134,0.0005399999166316165,0.0011671614245133692,0.0006488965865481186,-0.0019562400215371767,0.0024547244800610874,0.0005469942419146754,0.004120313373601012,0.0006015099049635794,0.000390941634630544,0.0016057322305065786,0.0037855716420549194,0.001616668298668041,-0.0012810687576901136,0.0010690185199106572,0.002086318207210711,0.0001528539632866065,0.009473874947504663,0.00017540307823576292,0.0009435517325002421,0.0016260610153149752,6.399149078533474e-5,0.00039949399835218294,-0.0010220631800572921,0.002122761677130363,0.0003457741041268397,-0.0004825775237858206,-0.0017881160257832126,0.0010690131403666425,-0.0011272239067909088,-0.0005658766307696644,-0.0007136442603605925,-0.0002845852924426212,0.0016015041869545297,0.0016761151245831994,0.0009587301931055652,0.0001175423284661307,0.00017540307823576292,0.004854940607411394,0.0021762584485843905,-0.0002609958703318694,0.00014741044182157634,0.0016752363495918026,0.0010095316803151058,0.002963248101848167,7.544511923482281e-5,-0.000592284976373924,-0.0006499486755852803,0.0018597621993343219,-0.0010006755896703632,0.002650748357945661,-0.002597105004545616,0.005719350136443386,0.0017027160436353596,0.0026727753642373543,0.004327193185863925,0.00061658497298177,0.0009435517325002421,0.0021762584485843905,0.015378827196808244,0.0008154664258711487,0.0006593149799333602,-0.00023507233689021358,0.0007476699463277234,0.0011933472332649935,0.0012584227811031127,0.0008372547124482967,0.0007301396335860049,2.5397512098660363e-5,-0.00031008471755521747,0.000902514103300413,0.0019064580772781455,0.0014048560859992647,-0.00025516229570911146,3.267456532213865e-5,0.0002922873522857735,-0.0005156527746782134,0.0016260610153149752,-0.0002609958703318694,0.0008154664258711487,0.007940330734343418,0.000570511000233124,0.0002144515043095584,-9.176725751778656e-5,-0.00024207767212636703,-0.0007222888421301345,0.00021595685366731636,-0.002490924308056478,0.0012233912291860836,-0.0003300180989100807,0.00040910247549867803,-0.0014466514424961974,0.00024915883332405817,0.0015388020469467205,-0.000483201966764674,-0.00020443178940405317,0.0005399999166316165,6.399149078533474e-5,0.00014741044182157634,0.0006593149799333602,0.000570511000233124,0.00437347691628437
0.008599477784403682,0.00027555817937438055,-0.004392622168748975,-0.001764772529568588,-0.0007243042249127362,0.0055996993273852245,0.0005746896517982734,-0.0010329638618675635,0.0030891095780704305,-0.001665676732592995,-0.0008122490793702086,0.0012582015562243882,-0.0014991089759726905,0.0020441610560576755,0.0004778016874248846,-0.0012170451742972111,-0.00031184406811182676,0.0008452338735072104,0.0020701095385516665,-0.00109704605153056,0.00027555817937438055,0.004010038389181625,-0.0007596754102952036,0.0006916063550286543,0.0003714336377025156,0.0019753437271649785,-0.00019529929265316935,-0.000104558037202193,8.082854546487721e-5,0.0009990880155231942,0.0012454924302323304,0.0010726623148975694,0.0003495845557840901,0.0010954599145477197,0.0001350521695204661,1.9739535914637058e-5,0.0010459295977805262,0.0007001344784516352,0.0005236823954069,0.00044129673662783597,-0.004392622168748975,-0.0007596754102952036,0.03685157175514502,-3.8515486928424806e-5,-0.0002969235060386656,-0.0018210725653185398,0.0003979068008110341,0.0009259240314773333,-0.005191542404552952,0.007645364160537684,-0.0025469245945595543,0.0028099033532920665,0.0013534110273638407,0.007224127023072794,0.0037660148209910094,0.010019700404918569,-0.0011817434940195378,-0.0018608473937237872,-0.006985422750347806,8.1894300240462e-5,-0.001764772529568588,0.0006916063550286543,-3.8515486928424806e-5,0.003026013197732444,0.0003087016478520473,0.00041335764318662624,-7.804843185926647e-5,0.00011099971595254042,-0.0006392325296107367,0.0009162116946102776,0.003279719981507682,0.0009379828582592631,0.0012676556112310297,-0.0011372484971370494,2.9522152956155093e-5,-0.002347375126375091,0.00023235537739828608,0.0020423293211656265,0.0005280388722904705,0.002189520859932271,-0.0007243042249127362,0.0003714336377025156,-0.0002969235060386656,0.0003087016478520473,0.0034037156495337877,-0.00030296807326544886,0.0008493068829462544,0.0007938320447037751,-0.0009876873548353383,0.0012626263071079508,0.001023385021159924,0.00033718713606729786,0.001208061171131247,0.0016018225525709319,0.0009881595556718976,0.00140066640074802,0.0015001189622019994,0.0019121169213106894,0.0016599727827071018,9.833331659317386e-5,0.0055996993273852245,0.0019753437271649785,-0.0018210725653185398,0.00041335764318662624,-0.00030296807326544886,0.026742787977927163,0.0009048932483055132,-0.0027967303414555503,-0.0007157464667487342,0.0030131838638908894,0.010237770592722874,0.007233648140614644,0.003563248529964318,0.008668395538427746,0.002429397041872686,-0.004973214609881472,0.003745634181383577,0.004609342346604487,0.008729917254517057,0.004013292970146286,0.0005746896517982734,-0.00019529929265316935,0.0003979068008110341,-7.804843185926647e-5,0.0008493068829462544,0.0009048932483055132,0.0027444759444321585,0.00047416849613221416,0.0004383771752078742,0.0015410205475058904,0.0007525849311924614,0.0009454098719128665,-0.0003056996086666054,0.0006613061928669945,0.0005789013663100806,0.0006879055369676083,0.00039759430308955663,0.0019008128752983496,0.0003891735008503082,0.0003499392980378524,-0.0010329638618675635,-0.000104558037202193,0.0009259240314773333,0.00011099971595254042,0.0007938320447037751,-0.0027967303414555503,0.00047416849613221416,0.0026264787934505004,0.0009811398442031733,0.0006636623258303176,0.00018243844854660756,-0.0005576688285633296,0.0005366769996309232,-0.0008310958308592474,0.0002565303612251851,0.00219095433932825,0.0002820144780469377,0.0003620770472565462,-0.0009667786052480022,0.0009888115581646048,0.0030891095780704305,8.082854546487721e-5,-0.005191542404552952,-0.0006392325296107367,-0.0009876873548353383,-0.0007157464667487342,0.0004383771752078742,0.0009811398442031733,0.010352390236237354,-0.0015026843188886232,-0.0004016578828904472,-0.0014649052534114982,-0.0019814008084326497,-0.0033525567168873832,-0.0019275052104539992,-0.000954863650375505,-0.0012622435898731294,-0.00039180638693567433,0.00015556690611544894,0.0009435108525229448,-0.001665676732592995,0.0009990880155231942,0.007645364160537684,0.0009162116946102776,0.0012626263071079508,0.0030131838638908894,0.0015410205475058904,0.0006636623258303176,-0.0015026843188886232,0.014984026675239145,0.0038550497624643184,0.0035676249188405845,0.001995161797201524,0.0026016781056722033,0.0028884821939214687,0.00021392496438324288,0.0004981764147578892,0.0029192675697972364,-0.001550413128853274,0.00078234651214952,-0.0008122490793702086,0.0012454924302323304,-0.0025469245945595543,0.003279719981507682,0.001023385021159924,0.010237770592722874,0.0007525849311924614,0.00018243844854660756,-0.0004016578828904472,0.0038550497624643184,0.027368258322424437,0.006543182893716021,0.005803168382692991,0.001830972917076526,0.0010438472836916456,-0.006506614439785522,0.0025257080609067638,0.005542224051565797,0.005125659502104996,0.006495999953940096,0.0012582015562243882,0.0010726623148975694,0.0028099033532920665,0.0009379828582592631,0.00033718713606729786,0.007233648140614644,0.0009454098719128665,-0.0005576688285633296,-0.0014649052534114982,0.0035676249188405845,0.006543182893716021,0.01244359834786631,0.0017787743016903477,0.004618797865656853,0.002234980549872172,-0.0013590454846063504,0.0008577677555876002,0.0033697604105789028,0.0020205778220352346,0.0017524704427050318,-0.0014991089759726905,0.0003495845557840901,0.0013534110273638407,0.0012676556112310297,0.001208061171131247,0.003563248529964318,-0.0003056996086666054,0.0005366769996309232,-0.0019814008084326497,0.001995161797201524,0.005803168382692991,0.0017787743016903477,0.006587132037660948,0.0004392321789876911,0.0007941408587368696,-0.0004402856631949908,0.0006230486379786805,0.002646445476064842,0.002581247055251251,0.0030815553915572455,0.0020441610560576755,0.0010954599145477197,0.007224127023072794,-0.0011372484971370494,0.0016018225525709319,0.008668395538427746,0.0006613061928669945,-0.0008310958308592474,-0.0033525567168873832,0.0026016781056722033,0.001830972917076526,0.004618797865656853,0.0004392321789876911,0.02001243676310918,0.005265367636625065,0.004909783355361922,0.002948812699634409,-0.0008369963126255994,0.0009577344348404336,-0.0028515332154780844,0.0004778016874248846,0.0001350521695204661,0.0037660148209910094,2.9522152956155093e-5,0.0009881595556718976,0.002429397041872686,0.0005789013663100806,0.0002565303612251851,-0.0019275052104539992,0.0028884821939214687,0.0010438472836916456,0.002234980549872172,0.0007941408587368696,0.005265367636625065,0.004593539107828728,0.0011534819489859498,0.0013812007196006473,8.627210515724061e-5,-8.555873363726458e-5,-0.0010648456631736438,-0.0012170451742972111,1.9739535914637058e-5,0.010019700404918569,-0.002347375126375091,0.00140066640074802,-0.004973214609881472,0.0006879055369676083,0.00219095433932825,-0.000954863650375505,0.00021392496438324288,-0.006506614439785522,-0.0013590454846063504,-0.0004402856631949908,0.004909783355361922,0.0011534819489859498,0.01652826894095157,0.00015722666899565922,-0.0024831300766865972,-0.0023885486150176808,-0.00313429812856475,-0.00031184406811182676,0.0010459295977805262,-0.0011817434940195378,0.00023235537739828608,0.0015001189622019994,0.003745634181383577,0.00039759430308955663,0.0002820144780469377,-0.0012622435898731294,0.0004981764147578892,0.0025257080609067638,0.0008577677555876002,0.0006230486379786805,0.002948812699634409,0.0013812007196006473,0.00015722666899565922,0.004945745014014057,-0.00030920311350383017,0.0032209913180768946,0.0007112075527501072,0.0008452338735072104,0.0007001344784516352,-0.0018608473937237872,0.0020423293211656265,0.0019121169213106894,0.004609342346604487,0.0019008128752983496,0.0003620770472565462,-0.00039180638693567433,0.0029192675697972364,0.005542224051565797,0.0033697604105789028,0.002646445476064842,-0.0008369963126255994,8.627210515724061e-5,-0.0024831300766865972,-0.00030920311350383017,0.01748398327262337,0.003966028540504071,0.004495726023510063,0.0020701095385516665,0.0005236823954069,-0.006985422750347806,0.0005280388722904705,0.0016599727827071018,0.008729917254517057,0.0003891735008503082,-0.0009667786052480022,0.00015556690611544894,-0.001550413128853274,0.005125659502104996,0.0020205778220352346,0.002581247055251251,0.0009577344348404336,-8.555873363726458e-5,-0.0023885486150176808,0.0032209913180768946,0.003966028540504071,0.012143070724978248,0.0018931614852020443,-0.00109704605153056,0.00044129673662783597,8.1894300240462e-5,0.002189520859932271,9.833331659317386e-5,0.004013292970146286,0.0003499392980378524,0.0009888115581646048,0.0009435108525229448,0.00078234651214952,0.006495999953940096,0.0017524704427050318,0.0030815553915572455,-0.0028515332154780844,-0.0010648456631736438,-0.00313429812856475,0.0007112075527501072,0.004495726023510063,0.0018931614852020443,0.00884490541171933
0.010743058850937223,-0.0009479189236268847,0.010544212881268677,0.004075121177427586,0.002573135536771483,0.0034757674747605254,0.0004798385141336507,0.0013249193596134388,-0.0022111447075961865,0.008293649477991386,-0.0021330056420352356,0.0030296716528696037,0.0007091283876475216,-0.0035428231682138513,0.0018803745394940332,0.0006764485327602175,-0.0018377489729167152,0.0004686615062423715,-0.0005598045712310118,0.001575486901890427,-0.0009479189236268847,0.0040146881281183265,-0.001392622921717775,-0.0010963303948493854,-0.0004695343727428289,0.000690948917409073,5.625089114914071e-5,0.00048490654199420907,0.0021221527951361765,-0.00024835299987782807,0.0011626798403728917,0.00045138268104008203,-0.0010482516806586033,-0.00016770070402463455,-0.0006049574176166127,-0.00021441272150314285,0.0013819091100298422,0.0010315791099054462,-0.0004371494464634309,0.00038746870026292607,0.010544212881268677,-0.001392622921717775,0.0374078905564918,0.0048179608347517985,0.0034910167976425427,0.0038573204766046755,-0.0013530736851997864,0.0026991849444614495,0.0012327934396393612,0.013310058171815069,-0.0006675690681116053,-0.0008902035103770692,0.0006120778822613463,-0.0069150485117059485,0.002584704030723999,0.0015933207522541722,-0.0004336417846012267,0.008628882956598114,0.00026218663371862226,0.0034663609293535333,0.004075121177427586,-0.0010963303948493854,0.0048179608347517985,0.004295182214230123,0.0014624650175973533,-4.091106503860481e-5,9.758503323410288e-5,-0.0002125319935980886,-0.0015180401036009416,0.0038948146984612046,0.0004359940888790523,0.0011362555380656277,0.000282518068270225,-0.000657784712660102,0.0009308320167455732,-0.00021800360554455597,-0.0006184015439771129,0.0014318907289689923,-0.0013072325294923876,0.00018859659474973557,0.002573135536771483,-0.0004695343727428289,0.0034910167976425427,0.0014624650175973533,0.0035828525113065146,0.0007675391176440903,-0.000513781934536823,6.129442402684215e-5,-0.000998836327217813,0.0018983151403012192,-0.0020792517150565546,0.00042905819113598574,0.00048802534819179945,0.0009337090916325627,0.001009320847263186,0.00038058648701739563,-0.0002734062635651067,0.0012170522694798145,0.0013195920298438905,0.0011727634390556805,0.0034757674747605254,0.000690948917409073,0.0038573204766046755,-4.091106503860481e-5,0.0007675391176440903,0.013258927665997866,0.0014179996459330073,0.0034623198576261153,-0.00115923994510107,0.005203254440640752,-0.0019432708371990965,0.0034486544120264284,-0.0010855405534176319,-0.0019698732772033536,-0.00022177337659748804,-0.0008456812185477173,-0.00021292332674419887,-0.001163901228345688,0.0019146274104517578,0.0013628584321353052,0.0004798385141336507,5.625089114914071e-5,-0.0013530736851997864,9.758503323410288e-5,-0.000513781934536823,0.0014179996459330073,0.004127630265948515,0.0007343287839411895,0.00024784044417873317,0.00030839799735015176,0.0033716353740870383,0.0012542971789580059,0.001188198602560573,-0.0014686051975525628,-0.0004518938048244319,0.0001356504022832559,-0.00040644769170561335,-0.0036151920501254105,0.0009006293467928846,-0.0011327972806706112,0.0013249193596134388,0.00048490654199420907,0.0026991849444614495,-0.0002125319935980886,6.129442402684215e-5,0.0034623198576261153,0.0007343287839411895,0.003080927216458588,-0.0001545920649399951,0.0027900162852547124,-2.7347205363176925e-5,0.002125975310272375,-0.0008225442927930903,-0.002126124249931916,-0.0003108913974774414,-0.0006942815397657457,8.020120565931654e-5,-0.0005124149032415102,0.000935104586861599,6.306335376543249e-5,-0.0022111447075961865,0.0021221527951361765,0.0012327934396393612,-0.0015180401036009416,-0.000998836327217813,-0.00115923994510107,0.00024784044417873317,-0.0001545920649399951,0.01493356451572107,4.36902333136006e-5,0.0014210397294483236,0.00131185947006507,0.0014920087116944095,0.00303688111549485,-0.0014139259828362728,-0.0006901645410625482,0.0020881186151019307,0.0033451453333361784,-0.0010667390423047761,0.0007908915495399326,0.008293649477991386,-0.00024835299987782807,0.013310058171815069,0.0038948146984612046,0.0018983151403012192,0.005203254440640752,0.00030839799735015176,0.0027900162852547124,4.36902333136006e-5,0.023041126718226765,-0.0030074211738338867,0.006112120650649547,0.0025714630417883267,-0.0052677685373211285,0.0015660576381972891,0.0009417270442254598,-0.001543916003669535,0.0014203258370255743,-0.00166508829817524,0.0034658472716246275,-0.0021330056420352356,0.0011626798403728917,-0.0006675690681116053,0.0004359940888790523,-0.0020792517150565546,-0.0019432708371990965,0.0033716353740870383,-2.7347205363176925e-5,0.0014210397294483236,-0.0030074211738338867,0.03131599910819412,-0.0022860795082135883,0.00028394248402899573,-0.004701853299043055,0.0002707468660454082,0.0021362677943797537,0.0013948744279969026,0.001657120154553423,-0.0012694686733742684,-0.0022931276967425368,0.0030296716528696037,0.00045138268104008203,-0.0008902035103770692,0.0011362555380656277,0.00042905819113598574,0.0034486544120264284,0.0012542971789580059,0.002125975310272375,0.00131185947006507,0.006112120650649547,-0.0022860795082135883,0.012075704041500178,9.252703518880156e-6,0.00047956940826477344,-0.0010230977504915102,-0.0009368170566866291,-0.0004744757735592216,-0.0013310224529723908,-0.00041602259238626276,0.0007676169570171461,0.0007091283876475216,-0.0010482516806586033,0.0006120778822613463,0.000282518068270225,0.00048802534819179945,-0.0010855405534176319,0.001188198602560573,-0.0008225442927930903,0.0014920087116944095,0.0025714630417883267,0.00028394248402899573,9.252703518880156e-6,0.005075836539795713,-7.31637103576666e-5,0.0007074254160115386,0.00013325585901990866,-0.0011423427916237628,-0.001167573914428338,0.000574221702518704,0.0003762357663177631,-0.0035428231682138513,-0.00016770070402463455,-0.0069150485117059485,-0.000657784712660102,0.0009337090916325627,-0.0019698732772033536,-0.0014686051975525628,-0.002126124249931916,0.00303688111549485,-0.0052677685373211285,-0.004701853299043055,0.00047956940826477344,-7.31637103576666e-5,0.016971352655132197,-0.001344329246366155,-0.0020752250135153824,0.0020485739229424626,-0.0006412153568571712,0.003434037984148285,0.0002427266402751734,0.0018803745394940332,-0.0006049574176166127,0.002584704030723999,0.0009308320167455732,0.001009320847263186,-0.00022177337659748804,-0.0004518938048244319,-0.0003108913974774414,-0.0014139259828362728,0.0015660576381972891,0.0002707468660454082,-0.0010230977504915102,0.0007074254160115386,-0.001344329246366155,0.0031745662771661453,0.0011202330935208738,-0.0008014895676882542,0.00011400382554797815,0.0007969804886294682,0.0008829435659602506,0.0006764485327602175,-0.00021441272150314285,0.0015933207522541722,-0.00021800360554455597,0.00038058648701739563,-0.0008456812185477173,0.0001356504022832559,-0.0006942815397657457,-0.0006901645410625482,0.0009417270442254598,0.0021362677943797537,-0.0009368170566866291,0.00013325585901990866,-0.0020752250135153824,0.0011202330935208738,0.00836764819962093,0.0005336170397871477,-0.0001287802329084895,-0.0002273872902690027,0.0010175792719934237,-0.0018377489729167152,0.0013819091100298422,-0.0004336417846012267,-0.0006184015439771129,-0.0002734062635651067,-0.00021292332674419887,-0.00040644769170561335,8.020120565931654e-5,0.0020881186151019307,-0.001543916003669535,0.0013948744279969026,-0.0004744757735592216,-0.0011423427916237628,0.0020485739229424626,-0.0008014895676882542,0.0005336170397871477,0.00473999403493194,0.002962243886129339,-0.00034533733668570024,-0.0006687753595897328,0.0004686615062423715,0.0010315791099054462,0.008628882956598114,0.0014318907289689923,0.0012170522694798145,-0.001163901228345688,-0.0036151920501254105,-0.0005124149032415102,0.0033451453333361784,0.0014203258370255743,0.001657120154553423,-0.0013310224529723908,-0.001167573914428338,-0.0006412153568571712,0.00011400382554797815,-0.0001287802329084895,0.002962243886129339,0.02023626198184305,-0.0050328087405864435,0.0009483364305762723,-0.0005598045712310118,-0.0004371494464634309,0.00026218663371862226,-0.0013072325294923876,0.0013195920298438905,0.0019146274104517578,0.0009006293467928846,0.000935104586861599,-0.0010667390423047761,-0.00166508829817524,-0.0012694686733742684,-0.00041602259238626276,0.000574221702518704,0.003434037984148285,0.0007969804886294682,-0.0002273872902690027,-0.00034533733668570024,-0.0050328087405864435,0.010690186574113358,0.0006434924210366712,0.001575486901890427,0.00038746870026292607,0.0034663609293535333,0.00018859659474973557,0.0011727634390556805,0.0013628584321353052,-0.0011327972806706112,6.306335376543249e-5,0.0007908915495399326,0.0034658472716246275,-0.0022931276967425368,0.0007676169570171461,0.0003762357663177631,0.0002427266402751734,0.0008829435659602506,0.0010175792719934237,-0.0006687753595897328,0.0009483364305762723,0.0006434924210366712,0.005079831787167983
