0.019921556211683157,0.006722434759862285,0.0018712885327349497,-0.0012481483612329634,-0.0003979787900326478,0.0031270748106292548,0.005686392847010079,-0.006431884945266966,0.006114534056522956,-0.006065391072014017,-0.014993925624781392,0.00639040756791743,-0.0014550011232559977,0.011752484734831049,0.002048071724511994,0.00903188795189548,0.001087275459099049,0.0012366112068331555,-0.002471272446170199,-0.0006670839292551587,0.006722434759862285,0.02049367197967167,0.001386385615217447,-0.0004487603024929149,0.002711576925918105,0.0040194209636255675,-0.010149646164101194,-0.004319870955120613,-0.003354676377160343,-0.0002129371534081424,-0.008589391728660637,-0.0003017692255317885,-0.005360509879192663,-0.0013740837178656943,0.004140395283674278,0.002937355404295142,0.003939123012711907,0.0004941022488550909,-0.004643313860121321,-0.002268135620976071,0.0018712885327349497,0.001386385615217447,0.003767199417965202,0.0009933569964480989,0.00034183627631682563,-0.0008636567613487941,0.004323663111081141,0.00018088782755895568,-0.0003186300240171313,0.0012228289103395952,-0.002003527124929993,-0.001057224444923149,-0.0007352451131291165,6.987010570932268e-5,0.00041303846141969354,0.0006868844290514099,0.003215495239416865,9.230220225128089e-5,0.004064042811910344,-0.004153178934192325,-0.0012481483612329634,-0.0004487603024929149,0.0009933569964480989,0.006551154849071116,0.0008392140953813443,-0.0019145808458548154,-0.0001556401584882712,0.0006555764697482697,-0.0007838026303065517,0.0033695791551174364,0.0007698863889078551,-0.0003293776591650143,0.0020525254547926826,-0.002426700603573418,0.0012914111127096282,-0.0011631545483744188,0.0026858966621920817,-0.0006340300228116639,0.004141194416495788,-0.0069466566877579485,-0.0003979787900326478,0.002711576925918105,0.00034183627631682563,0.0008392140953813443,0.0048076518035652435,0.0013061262477926535,-0.006002006344119564,-0.002319673615897592,-0.0003185420707826025,0.00026427559107603297,-0.006087443043992318,0.00305950021588586,-0.0008788405297242802,-0.0012875037409966008,0.002145833407930517,0.00454854072524902,-0.0005893049890861592,-0.00026761754198968354,-0.0024221422021566694,-0.003498335977622414,0.0031270748106292548,0.0040194209636255675,-0.0008636567613487941,-0.0019145808458548154,0.0013061262477926535,0.005733532807917254,-0.005964679043833172,-0.0034688812729044612,-0.0007050438288124557,-0.0029256811469403343,-0.006986556448829775,0.003645976979625227,-0.0035149338640746396,0.0036458764718447032,0.0013764651208332528,0.0036839742542897755,-0.0011348419187591214,0.00035829496456862527,-0.004523369077028412,0.0022092755859207743,0.005686392847010079,-0.010149646164101194,0.004323663111081141,-0.0001556401584882712,-0.006002006344119564,-0.005964679043833172,0.10877999182130738,0.013847438961673618,0.01264742021131154,-0.006735895748653397,0.02632403253884466,-0.011026698386477837,0.008639254885372889,0.014613186081617028,-0.01416052419480813,-0.01415437258669967,-0.001081644746771353,0.0031965043925321485,0.03163190743167016,0.00759473987950236,-0.006431884945266966,-0.004319870955120613,0.00018088782755895568,0.0006555764697482697,-0.002319673615897592,-0.0034688812729044612,0.013847438961673618,0.011405693763396051,-0.002939259607222873,0.003269786147549008,0.01691549710421877,-0.007692376417656671,0.004833251160924062,-0.0022181474290442764,-0.004176010721983903,-0.011443405952667723,0.000602157497970328,-0.00011303439519783824,0.009830361737411553,-0.0011318870223511106,0.006114534056522956,-0.003354676377160343,-0.0003186300240171313,-0.0007838026303065517,-0.0003185420707826025,-0.0007050438288124557,0.01264742021131154,-0.002939259607222873,0.016431857215418552,-0.004980723083722639,-0.00708546671144265,0.00657622171120566,0.0033760944177880737,0.008204292048558597,0.0004321207336407541,0.008153214356216758,-0.0053771437085300185,0.0007964356099079213,-0.0030782824160337507,0.0069454181381544775,-0.006065391072014017,-0.0002129371534081424,0.0012228289103395952,0.0033695791551174364,0.00026427559107603297,-0.0029256811469403343,-0.006735895748653397,0.003269786147549008,-0.004980723083722639,0.009617226078917337,0.005431454037259037,-0.003396989213826005,0.0018324137821594051,-0.007334401462416066,0.0004561110795850494,-0.004160252704973903,0.003148169325390363,-0.0009214411888447041,0.005076809473228054,-0.007997400325951316,-0.014993925624781392,-0.008589391728660637,-0.002003527124929993,0.0007698863889078551,-0.006087443043992318,-0.006986556448829775,0.02632403253884466,0.01691549710421877,-0.00708546671144265,0.005431454037259037,0.056146623771431425,-0.022993270042318905,0.005619851253321742,-0.008356332040024471,-0.009790108821417186,-0.026900116028259875,0.0009967874185396789,2.0205234664476355e-6,0.012038410882218804,0.005518403297477694,0.00639040756791743,-0.0003017692255317885,-0.001057224444923149,-0.0003293776591650143,0.00305950021588586,0.003645976979625227,-0.011026698386477837,-0.007692376417656671,0.00657622171120566,-0.003396989213826005,-0.022993270042318905,0.0223697834495018,-0.0006690442750211092,0.007229204822829207,0.004083994347997284,0.01424898719297794,-0.004532990258968344,0.0002790512922620117,-0.006585252526261704,0.000965687127633761,-0.0014550011232559977,-0.005360509879192663,-0.0007352451131291165,0.0020525254547926826,-0.0008788405297242802,-0.0035149338640746396,0.008639254885372889,0.004833251160924062,0.0033760944177880737,0.0018324137821594051,0.005619851253321742,-0.0006690442750211092,0.013285146731495775,0.0020693888621110845,-0.0007084323845264609,-0.0011708143074619112,-0.0018965228602198791,0.0005265914677654542,0.0042916309054774875,0.0017993030876880846,0.011752484734831049,-0.0013740837178656943,6.987010570932268e-5,-0.002426700603573418,-0.0012875037409966008,0.0036458764718447032,0.014613186081617028,-0.0022181474290442764,0.008204292048558597,-0.007334401462416066,-0.008356332040024471,0.007229204822829207,0.0020693888621110845,0.025336749964003077,-0.0017642080876407343,0.006024265409329905,-0.0030887094376420557,0.0011370845966088097,-0.002674735611162661,0.00735139546758998,0.002048071724511994,0.004140395283674278,0.00041303846141969354,0.0012914111127096282,0.002145833407930517,0.0013764651208332528,-0.01416052419480813,-0.004176010721983903,0.0004321207336407541,0.0004561110795850494,-0.009790108821417186,0.004083994347997284,-0.0007084323845264609,-0.0017642080876407343,0.00904546986770325,0.00615988626803266,0.0011850067096287758,1.3031825226474792e-5,-0.002926011436659639,-0.0008926106718399959,0.00903188795189548,0.002937355404295142,0.0006868844290514099,-0.0011631545483744188,0.00454854072524902,0.0036839742542897755,-0.01415437258669967,-0.011443405952667723,0.008153214356216758,-0.004160252704973903,-0.026900116028259875,0.01424898719297794,-0.0011708143074619112,0.006024265409329905,0.00615988626803266,0.030422562031322084,-0.00253050278261399,0.00108020622480499,-0.010696563856566175,0.005191301496230408,0.001087275459099049,0.003939123012711907,0.003215495239416865,0.0026858966621920817,-0.0005893049890861592,-0.0011348419187591214,-0.001081644746771353,0.000602157497970328,-0.0053771437085300185,0.003148169325390363,0.0009967874185396789,-0.004532990258968344,-0.0018965228602198791,-0.0030887094376420557,0.0011850067096287758,-0.00253050278261399,0.01226387751634255,-9.926006537857036e-5,0.006197365919273735,-0.007469602687568148,0.0012366112068331555,0.0004941022488550909,9.230220225128089e-5,-0.0006340300228116639,-0.00026761754198968354,0.00035829496456862527,0.0031965043925321485,-0.00011303439519783824,0.0007964356099079213,-0.0009214411888447041,2.0205234664476355e-6,0.0002790512922620117,0.0005265914677654542,0.0011370845966088097,1.3031825226474792e-5,0.00108020622480499,-9.926006537857036e-5,0.0017894417793297521,0.0004483165494269983,0.003786116215991145,-0.002471272446170199,-0.004643313860121321,0.004064042811910344,0.004141194416495788,-0.0024221422021566694,-0.004523369077028412,0.03163190743167016,0.009830361737411553,-0.0030782824160337507,0.005076809473228054,0.012038410882218804,-0.006585252526261704,0.0042916309054774875,-0.002674735611162661,-0.002926011436659639,-0.010696563856566175,0.006197365919273735,0.0004483165494269983,0.028601077273181664,-0.009921829989241807,-0.0006670839292551587,-0.002268135620976071,-0.004153178934192325,-0.0069466566877579485,-0.003498335977622414,0.0022092755859207743,0.00759473987950236,-0.0011318870223511106,0.0069454181381544775,-0.007997400325951316,0.005518403297477694,0.000965687127633761,0.0017993030876880846,0.00735139546758998,-0.0008926106718399959,0.005191301496230408,-0.007469602687568148,0.003786116215991145,-0.009921829989241807,0.0490674982186634
0.022351591688253382,0.006315918431797293,0.000834678459758181,-0.0005226275255231002,0.0002729611234076237,-0.0008725630896599704,0.005510892823868532,0.0012763888190239561,5.4952161298767784e-5,0.003392517169123385,0.0014746695870981818,0.002446305286335519,0.0020341306427273257,0.003237476116598329,0.0033085261091394887,0.0003925515299202113,-0.0002170754798191132,0.000807363590757152,-5.6477118507325137e-5,0.008939972631472897,0.006315918431797293,0.020303881426276184,0.000477392726892969,0.0028244122885667314,0.0015027814290385015,0.0010104542782084938,-0.004039768324347661,0.005005648793236521,0.0015663906410133426,-0.00015368189436814608,0.0013535484014949558,0.005980940770308174,0.0021445732620506267,-0.0028558435291786513,0.004119590367838809,0.0006179530843448294,0.002219375043878162,0.0021704008473522546,0.0024525656862286484,0.016913837695776226,0.000834678459758181,0.000477392726892969,0.003286003222825196,0.001023261396199028,-9.815236543666119e-5,0.0008584704142698576,-0.0009824216033522577,0.001831691227310201,-7.149105932446821e-5,-0.0010321458662992712,0.005589970349054847,0.0021636739253766924,0.0015457817172277984,0.0023615834314093614,0.0017365576568736296,0.0004929878280613292,0.0008216570478382344,0.0007759533199600519,0.0036912955490812846,0.0031498548238207778,-0.0005226275255231002,0.0028244122885667314,0.001023261396199028,0.008976314082509667,0.0019955942614950286,0.0034025188609408444,0.002073069623253086,0.004082627310168545,0.002679083869433676,0.0008233324997124537,0.003872608920753921,0.002213106118259898,0.0015137110895680796,-0.0003415057299777603,0.0032178595363506392,0.0033314178125516914,0.003924065049071616,0.001070137622007857,0.005236506804304512,0.00812543197048661,0.0002729611234076237,0.0015027814290385015,-9.815236543666119e-5,0.0019955942614950286,0.0032725813108412487,0.0008743964891878563,0.0034043939305992968,0.0006517796055292529,0.0010424143858922565,0.0020374232024059514,0.0008045933953349735,0.0003872296923868835,0.0013498940793879887,-0.0011690167146906983,0.002111319525313877,0.0018977598936039228,0.0012160303779065284,0.0003863479555936136,0.00022477387778227595,0.003808789318224616,-0.0008725630896599704,0.0010104542782084938,0.0008584704142698576,0.0034025188609408444,0.0008743964891878563,0.004396759975510051,0.0025117196795325127,0.0019459324779831757,0.0019599265760320145,0.002266626013759307,0.002657620173505694,0.001824075603320605,0.0018584728624073928,-0.0002474356552902362,0.002433499761971755,0.0012558378244814173,0.0018135612957124276,0.0007438998166424361,0.005093116899245779,0.004022919381405425,0.005510892823868532,-0.004039768324347661,-0.0009824216033522577,0.002073069623253086,0.0034043939305992968,0.0025117196795325127,0.05717515821668681,-0.002353467356727732,0.00327095189078312,0.010425633458503725,-0.005703850248700179,0.006544038838203376,0.00922936591744376,0.004280846947088121,0.005352314542746716,0.005256289231151042,0.0037869133329954795,0.000640575041046381,0.0022301709339004536,-0.009898332316348398,0.0012763888190239561,0.005005648793236521,0.001831691227310201,0.004082627310168545,0.0006517796055292529,0.0019459324779831757,-0.002353467356727732,0.007770381904866773,0.002528300095234761,-0.0014044540090887674,0.005885596624664487,0.004960791004240604,0.0014470284440065689,0.0023996311415005584,0.005105278699263362,0.0028898467623965857,0.0024716013718518682,0.0018452916361317783,0.007538451241161159,0.010256966854280038,5.4952161298767784e-5,0.0015663906410133426,-7.149105932446821e-5,0.002679083869433676,0.0010424143858922565,0.0019599265760320145,0.00327095189078312,0.002528300095234761,0.010086192856742246,0.0018238921039638784,0.0014499153092052245,0.0009528281143144214,0.00020969761627758583,0.000283054535468903,0.00039546138982117897,0.005212031219738745,0.0026872731864584355,0.0018254066096324035,0.004161289100235607,0.0024040359989041184,0.003392517169123385,-0.00015368189436814608,-0.0010321458662992712,0.0008233324997124537,0.0020374232024059514,0.002266626013759307,0.010425633458503725,-0.0014044540090887674,0.0018238921039638784,0.012114148528504433,0.0004058866724369146,-0.0007330877288373309,0.003348225551847709,-0.0022420158677605526,0.002777416189493173,0.005264935933106958,0.0020584828666032244,-7.206217045493393e-7,0.0014506720545545116,0.00031141013984653716,0.0014746695870981818,0.0013535484014949558,0.005589970349054847,0.003872608920753921,0.0008045933953349735,0.002657620173505694,-0.005703850248700179,0.005885596624664487,0.0014499153092052245,0.0004058866724369146,0.03412460659259285,0.0044017824559133365,0.0027664359512013592,0.010964140507335171,0.007938302306151293,0.005723584366344993,0.00298820827838408,0.0012228101301407775,0.010043530612238664,0.011862723263685586,0.002446305286335519,0.005980940770308174,0.0021636739253766924,0.002213106118259898,0.0003872296923868835,0.001824075603320605,0.006544038838203376,0.004960791004240604,0.0009528281143144214,-0.0007330877288373309,0.0044017824559133365,0.013353188343562238,0.005438275718666858,0.002788202502889192,0.006789340911375651,-0.0004617176984357365,0.002895765113146223,0.002156790700181714,0.008066956536916099,0.006461750511507734,0.0020341306427273257,0.0021445732620506267,0.0015457817172277984,0.0015137110895680796,0.0013498940793879887,0.0018584728624073928,0.00922936591744376,0.0014470284440065689,0.00020969761627758583,0.003348225551847709,0.0027664359512013592,0.005438275718666858,0.013898147035984059,0.0018922139413025739,0.005238758910857765,0.0026161999067967467,0.002426561716592523,0.0005657752552532498,0.005010993899520972,0.00026495442408593675,0.003237476116598329,-0.0028558435291786513,0.0023615834314093614,-0.0003415057299777603,-0.0011690167146906983,-0.0002474356552902362,0.004280846947088121,0.0023996311415005584,0.000283054535468903,-0.0022420158677605526,0.010964140507335171,0.002788202502889192,0.0018922139413025739,0.020589128316497514,0.003482288887161314,0.004115172548944531,0.0012124951276867857,0.00021079923720290376,0.00936594368231838,-0.0024608887461341775,0.0033085261091394887,0.004119590367838809,0.0017365576568736296,0.0032178595363506392,0.002111319525313877,0.002433499761971755,0.005352314542746716,0.005105278699263362,0.00039546138982117897,0.002777416189493173,0.007938302306151293,0.006789340911375651,0.005238758910857765,0.003482288887161314,0.012812001532989094,0.00374123272956748,0.0032866279464162044,0.0014274434768224806,0.008502632012267888,0.008844320071179477,0.0003925515299202113,0.0006179530843448294,0.0004929878280613292,0.0033314178125516914,0.0018977598936039228,0.0012558378244814173,0.005256289231151042,0.0028898467623965857,0.005212031219738745,0.005264935933106958,0.005723584366344993,-0.0004617176984357365,0.0026161999067967467,0.004115172548944531,0.00374123272956748,0.02313872311342514,0.005068801861289374,0.0016740914809112869,0.005787227857496137,0.004400935726307707,-0.0002170754798191132,0.002219375043878162,0.0008216570478382344,0.003924065049071616,0.0012160303779065284,0.0018135612957124276,0.0037869133329954795,0.0024716013718518682,0.0026872731864584355,0.0020584828666032244,0.00298820827838408,0.002895765113146223,0.002426561716592523,0.0012124951276867857,0.0032866279464162044,0.005068801861289374,0.007722607580254387,0.0011765362730878173,0.00518591761444304,0.0037158593470107536,0.000807363590757152,0.0021704008473522546,0.0007759533199600519,0.001070137622007857,0.0003863479555936136,0.0007438998166424361,0.000640575041046381,0.0018452916361317783,0.0018254066096324035,-7.206217045493393e-7,0.0012228101301407775,0.002156790700181714,0.0005657752552532498,0.00021079923720290376,0.0014274434768224806,0.0016740914809112869,0.0011765362730878173,0.0022880727940750778,0.0032493879661419996,0.0034874663537127265,-5.6477118507325137e-5,0.0024525656862286484,0.0036912955490812846,0.005236506804304512,0.00022477387778227595,0.005093116899245779,0.0022301709339004536,0.007538451241161159,0.004161289100235607,0.0014506720545545116,0.010043530612238664,0.008066956536916099,0.005010993899520972,0.00936594368231838,0.008502632012267888,0.005787227857496137,0.00518591761444304,0.0032493879661419996,0.02760255141215298,0.005265241011853629,0.008939972631472897,0.016913837695776226,0.0031498548238207778,0.00812543197048661,0.003808789318224616,0.004022919381405425,-0.009898332316348398,0.010256966854280038,0.0024040359989041184,0.00031141013984653716,0.011862723263685586,0.006461750511507734,0.00026495442408593675,-0.0024608887461341775,0.008844320071179477,0.004400935726307707,0.0037158593470107536,0.0034874663537127265,0.005265241011853629,0.05458473786800683
0.02076971846803539,-0.004295991295911389,-0.003028339190934051,0.002752130872559792,0.00012603873161256017,0.0039051176472041844,0.015014743423765213,8.361746170841931e-5,0.0022375165676485533,0.003946916170891606,0.009233913361786389,0.0006884517884064754,0.002397113516707023,-0.007100208594047228,-0.004995142212731779,-0.0013998001301998545,0.004360591669152066,0.0015346576208238186,0.0038365611046941223,0.002652620964668068,-0.004295991295911389,0.041532741207854426,0.006509726978926447,-0.0008721751862661338,-0.002291835364133612,0.0037334764954293407,0.004706393053048218,-0.003492930037248058,-0.004734782969759852,-0.000673675841528781,0.003424800311591524,0.0020719417602023038,-0.003047729447446494,0.01562698399481232,0.0034673415969092066,0.012547744220743805,-0.0060591533383674324,0.0012188799770285915,-0.006656470842109082,-0.015737898819533448,-0.003028339190934051,0.006509726978926447,0.0037926800300050424,-0.0002969175018970664,4.507343750165458e-5,0.0010013632302732622,-0.00032082569736426644,0.0004381133202381815,2.66770239704231e-5,0.0003328497520781828,0.00010963436453824611,0.00039338355019133625,-0.00014527260379289969,0.0033962851758727623,0.0026191699399698174,0.0016763842788828553,-0.0009348976690362096,0.0003482610484965189,-0.002199459374788543,-0.0027538450223096277,0.002752130872559792,-0.0008721751862661338,-0.0002969175018970664,0.00727187664953211,-0.00042099662147685466,-9.565798216703807e-5,0.0010817627070428566,0.0015394202337205344,0.0013109045318554177,0.002315219351811797,-0.004592812864993238,0.0007721863407521247,-0.001292953368042399,-0.00042661484243946673,0.0004375956571832766,-0.0007132074275086966,0.0002276548858771965,2.6970578525779014e-5,-0.004498962992629115,-0.0008304916892282023,0.00012603873161256017,-0.002291835364133612,4.507343750165458e-5,-0.00042099662147685466,0.00325080097141975,-0.0004171729182682145,-0.0008083740721151235,0.00203573172235943,-9.999486974337895e-5,0.0007330677992168246,-0.0002168518432147816,0.00032790726320446815,0.0006029897887111428,0.0013242105045800146,-2.1737784953341827e-5,-0.002067740431505245,0.0022930346935585997,3.0580303326373115e-6,-0.00012818986489802062,0.0012978034523871266,0.0039051176472041844,0.0037334764954293407,0.0010013632302732622,-9.565798216703807e-5,-0.0004171729182682145,0.0045997230152883106,0.007601104646311861,-0.0009210983330267995,0.0013535878025494256,0.002272480892771826,0.0053638876516041625,0.0009199848447423696,0.002373507798895209,-0.002368494776918393,-0.0012965514300258385,0.0016036284320330315,-3.746998120604636e-5,0.0011656176128443099,2.1388901629550757e-5,-0.00023269018063999176,0.015014743423765213,0.004706393053048218,-0.00032082569736426644,0.0010817627070428566,-0.0008083740721151235,0.007601104646311861,0.06316656179552248,-0.004329332606776269,0.005234847812588219,0.008479101177284487,0.014327414443697657,0.0006742333496270675,0.01364324406394132,-0.013651610842036331,-0.0078122273851079695,0.0014047099677520843,-0.0005413363914529325,0.0017812661818549535,0.0004934245520546903,0.007539709790147296,8.361746170841931e-5,-0.003492930037248058,0.0004381133202381815,0.0015394202337205344,0.00203573172235943,-0.0009210983330267995,-0.004329332606776269,0.005583443028801387,0.001166418519043303,-4.825046161471239e-5,-0.002214350784901625,0.00039751569034344764,-0.0008663528906453173,0.000830892754539538,0.0017912148734056143,-0.0028547883581709604,0.0031360395704670523,-0.0004709991689218299,-0.002951521015549353,0.00013190608942640828,0.0022375165676485533,-0.004734782969759852,2.66770239704231e-5,0.0013109045318554177,-9.999486974337895e-5,0.0013535878025494256,0.005234847812588219,0.001166418519043303,0.008384428145896723,0.0014761658673140634,0.00028862066008447174,0.000507454698428737,0.002247613454428259,-0.004403497786094836,0.00021169645193444157,-0.0008111175828293463,0.00013733025867135684,0.00025666585837887183,-0.0007538633277718281,0.003063890093090895,0.003946916170891606,-0.000673675841528781,0.0003328497520781828,0.002315219351811797,0.0007330677992168246,0.002272480892771826,0.008479101177284487,-4.825046161471239e-5,0.0014761658673140634,0.01081079738786921,-0.0023165364541085616,0.002417463548918521,0.003451544613408763,-0.00300618041523772,-0.003220358809351874,-0.0005632173024218043,0.00010572722055106923,0.0014371488576665403,-0.004368338477866285,0.002355193870308533,0.009233913361786389,0.003424800311591524,0.00010963436453824611,-0.004592812864993238,-0.0002168518432147816,0.0053638876516041625,0.014327414443697657,-0.002214350784901625,0.00028862066008447174,-0.0023165364541085616,0.03510860070085413,-0.00022068515954322236,0.004795395029228943,-0.005761759453552324,-0.0027257565833818456,0.0021044087667279323,0.0029463402611563452,-7.879810684433019e-5,0.013191625121338323,0.0029255299350371836,0.0006884517884064754,0.0020719417602023038,0.00039338355019133625,0.0007721863407521247,0.00032790726320446815,0.0009199848447423696,0.0006742333496270675,0.00039751569034344764,0.000507454698428737,0.002417463548918521,-0.00022068515954322236,0.008319378545407928,-0.0009682904148816085,-0.0005535120853797951,-0.0005033325967223549,0.0005158576743541378,0.0006252199404955124,0.00016862623833009032,-0.002473232657830801,-0.000768670190173539,0.002397113516707023,-0.003047729447446494,-0.00014527260379289969,-0.001292953368042399,0.0006029897887111428,0.002373507798895209,0.01364324406394132,-0.0008663528906453173,0.002247613454428259,0.003451544613408763,0.004795395029228943,-0.0009682904148816085,0.014368688879000193,-0.0031293611039096914,-0.004535676129996229,-0.00042170091861801163,0.001149761955405699,0.0012833050313722514,0.0016688999539162942,0.00789546659804935,-0.007100208594047228,0.01562698399481232,0.0033962851758727623,-0.00042661484243946673,0.0013242105045800146,-0.002368494776918393,-0.013651610842036331,0.000830892754539538,-0.004403497786094836,-0.00300618041523772,-0.005761759453552324,-0.0005535120853797951,-0.0031293611039096914,0.02483436106992029,0.006129828919675449,0.00393165814688406,0.0010902005112252647,0.0002964671262076442,-0.0028720176230555986,-0.010356551906526467,-0.004995142212731779,0.0034673415969092066,0.0026191699399698174,0.0004375956571832766,-2.1737784953341827e-5,-0.0012965514300258385,-0.0078122273851079695,0.0017912148734056143,0.00021169645193444157,-0.003220358809351874,-0.0027257565833818456,-0.0005033325967223549,-0.004535676129996229,0.006129828919675449,0.01417564227187122,0.0020494714422287477,-0.000705865902354709,-0.0005896221319795278,-3.098509730860256e-5,-0.005408495784494337,-0.0013998001301998545,0.012547744220743805,0.0016763842788828553,-0.0007132074275086966,-0.002067740431505245,0.0016036284320330315,0.0014047099677520843,-0.0028547883581709604,-0.0008111175828293463,-0.0005632173024218043,0.0021044087667279323,0.0005158576743541378,-0.00042170091861801163,0.00393165814688406,0.0020494714422287477,0.020340413539123203,-0.006463516343175265,0.00027798863187869657,-0.00023539059005415152,0.00019201828364136947,0.004360591669152066,-0.0060591533383674324,-0.0009348976690362096,0.0002276548858771965,0.0022930346935585997,-3.746998120604636e-5,-0.0005413363914529325,0.0031360395704670523,0.00013733025867135684,0.00010572722055106923,0.0029463402611563452,0.0006252199404955124,0.001149761955405699,0.0010902005112252647,-0.000705865902354709,-0.006463516343175265,0.01097173087867488,0.00026062424412046857,0.0027356343691134523,0.0009852695342141527,0.0015346576208238186,0.0012188799770285915,0.0003482610484965189,2.6970578525779014e-5,3.0580303326373115e-6,0.0011656176128443099,0.0017812661818549535,-0.0004709991689218299,0.00025666585837887183,0.0014371488576665403,-7.879810684433019e-5,0.00016862623833009032,0.0012833050313722514,0.0002964671262076442,-0.0005896221319795278,0.00027798863187869657,0.00026062424412046857,0.0018644856910686185,3.54099658763616e-5,-0.0007571987475823935,0.0038365611046941223,-0.006656470842109082,-0.002199459374788543,-0.004498962992629115,-0.00012818986489802062,2.1388901629550757e-5,0.0004934245520546903,-0.002951521015549353,-0.0007538633277718281,-0.004368338477866285,0.013191625121338323,-0.002473232657830801,0.0016688999539162942,-0.0028720176230555986,-3.098509730860256e-5,-0.00023539059005415152,0.0027356343691134523,3.54099658763616e-5,0.02648063640701475,0.010966708871626148,0.002652620964668068,-0.015737898819533448,-0.0027538450223096277,-0.0008304916892282023,0.0012978034523871266,-0.00023269018063999176,0.007539709790147296,0.00013190608942640828,0.003063890093090895,0.002355193870308533,0.0029255299350371836,-0.000768670190173539,0.00789546659804935,-0.010356551906526467,-0.005408495784494337,0.00019201828364136947,0.0009852695342141527,-0.0007571987475823935,0.010966708871626148,0.03483805748241766
