0.026237508661588374,0.0042566210890487,0.0010229933733393163,0.000979474512294886,0.00204972043777765,-0.0015778249378350846,-0.0001203046412990552,0.00043797574240951294,-0.002323896191154901,-0.005247269496577821,0.0006391363340954618,0.0007308618187763674,0.0029393793521010807,-0.0011499334506967869,-0.0008609955769796295,0.0004237296007478738,-0.001453139277213246,0.0016426271118556357,0.0030592910752057223,-0.00037020346483217903,0.0042566210890487,0.021113402278789918,-0.0010239372053061691,-0.000802375051866622,-0.002544123991313613,-0.006053022513509582,0.0022706324758482305,0.002423793293166867,0.003035806582048322,0.002969481026546374,0.0013953322598351438,0.007555654582249728,0.0009596604587265045,-0.002121209456593357,0.006074964419443578,0.0005483164217318425,-0.0016251315951339492,0.005667236906579167,0.006292408418051347,-0.0018313255188516682,0.0010229933733393163,-0.0010239372053061691,0.004121798916974187,0.0022948346661675733,0.0008347027291842042,0.0005292740218810796,0.0020139614928579904,0.005739360552106802,0.0023150260741525257,-0.0013833265113611442,-4.98675857921549e-5,0.00022627082675307045,0.001465574290582608,-0.0009920693453078686,-0.0004010091275434233,-0.0018167107513041582,0.0021761601250564876,-0.00021615835363014376,0.0014467554132862465,0.0004179996668030784,0.000979474512294886,-0.000802375051866622,0.0022948346661675733,0.012690144086754488,0.0001827892718399475,-0.000394722440326509,0.002410292691301858,0.004273351990478707,0.005708993230879112,0.0014528935496353817,2.2826890918328492e-5,0.003144296887405915,0.001700874947363946,-0.0008875600028034733,0.0009757839007517395,-0.001090315033410949,-0.0005756685263770568,-0.0008525729981057543,-0.0009770062097482904,0.000778229344292887,0.00204972043777765,-0.002544123991313613,0.0008347027291842042,0.0001827892718399475,0.007090721873274071,0.002010140137872435,0.0014942106104259933,0.001521623359259332,0.0014140495764536482,-0.001989764116000757,-0.000874352189130826,-0.0005314904619611279,-0.00126950433812662,-0.00044929707741969075,-0.0019619787176139124,0.00023700206668917913,-0.0007733526467816785,-0.0027770042173354344,0.001699193639343437,0.000694077170990357,-0.0015778249378350846,-0.006053022513509582,0.0005292740218810796,-0.000394722440326509,0.002010140137872435,0.008418767793992976,-0.0016942902747213756,0.0012624660574840037,-0.0010071634675156258,0.0017026623892065875,-0.0018179091709251693,-0.0026346126798980764,-0.0007007594077728945,0.0006823382504321119,-0.0017253331803297885,0.0007631896799607237,-0.0004396554227068857,-0.0037329805461982562,-0.0018000386767130403,0.0016155327403074733,-0.0001203046412990552,0.0022706324758482305,0.0020139614928579904,0.002410292691301858,0.0014942106104259933,-0.0016942902747213756,0.015840890714554478,0.0026380807467401395,0.002414781670926393,0.004925456971403482,0.0005332040301033303,-0.000984310513202026,0.0029623726560441305,0.0025422031413362385,-0.001901141642610637,-0.0014692087973948165,0.003544808583671446,0.0011763581603880294,0.005825459812985809,0.0013418628377425102,0.00043797574240951294,0.002423793293166867,0.005739360552106802,0.004273351990478707,0.001521623359259332,0.0012624660574840037,0.0026380807467401395,0.027719844538660752,0.005090130159484896,-0.0004122582734514815,0.0014676499405123604,0.0030266067584988066,0.0008509541988148725,-0.002120044855280995,0.002470810067963702,-0.004465009544603364,0.004686037851375377,0.0012033814534373488,0.0026658012097623275,0.0013124822046727742,-0.002323896191154901,0.003035806582048322,0.0023150260741525257,0.005708993230879112,0.0014140495764536482,-0.0010071634675156258,0.002414781670926393,0.005090130159484896,0.03204699568899319,0.00011923894622522732,-0.0006719444133581223,0.0016331813545172082,-4.0389779301650604e-5,-0.0014534310376142583,0.0011105774778704031,-0.0024958243373462367,-0.0008440845716085865,-0.0024102692308931293,0.003442334804184372,-0.0007331744868048167,-0.005247269496577821,0.002969481026546374,-0.0013833265113611442,0.0014528935496353817,-0.001989764116000757,0.0017026623892065875,0.004925456971403482,-0.0004122582734514815,0.00011923894622522732,0.02847932421588989,-0.00038968688269572677,0.0015897819727052113,0.002344765149835404,0.0007272365103348706,0.006038071308733571,0.0032911496168808825,-0.003593048682945706,-0.0003296061270315141,-0.004125465760534838,-0.0009428820582201224,0.0006391363340954618,0.0013953322598351438,-4.98675857921549e-5,2.2826890918328492e-5,-0.000874352189130826,-0.0018179091709251693,0.0005332040301033303,0.0014676499405123604,-0.0006719444133581223,-0.00038968688269572677,0.002302900678186988,0.0014581622312584658,0.0004688366838766526,0.00010752462797705103,0.0005123207385629457,-0.000824346187827406,0.0009214503755437996,0.0021608662537257357,0.0002776006132221896,-0.0007028451738573402,0.0007308618187763674,0.007555654582249728,0.00022627082675307045,0.003144296887405915,-0.0005314904619611279,-0.0026346126798980764,-0.000984310513202026,0.0030266067584988066,0.0016331813545172082,0.0015897819727052113,0.0014581622312584658,0.012454480978542747,-0.0009350205121849111,-0.0020036832787688184,0.004717715471418258,0.0005584490808003136,-0.0012556130096901346,0.002969078227914323,0.0008281147917939022,-0.0015509363230989575,0.0029393793521010807,0.0009596604587265045,0.001465574290582608,0.001700874947363946,-0.00126950433812662,-0.0007007594077728945,0.0029623726560441305,0.0008509541988148725,-4.0389779301650604e-5,0.002344765149835404,0.0004688366838766526,-0.0009350205121849111,0.005262062538026321,0.00039822001271175897,0.0003239871850694903,-0.000547851385166026,0.001406178025593523,0.0009466463768121847,0.0007004113918437976,-0.0003461218906018736,-0.0011499334506967869,-0.002121209456593357,-0.0009920693453078686,-0.0008875600028034733,-0.00044929707741969075,0.0006823382504321119,0.0025422031413362385,-0.002120044855280995,-0.0014534310376142583,0.0007272365103348706,0.00010752462797705103,-0.0020036832787688184,0.00039822001271175897,0.009127632253749868,-0.002064784623806056,3.0348069577205557e-5,-0.0010421535559246736,0.00027191891110258835,0.0026063955877523703,0.0012015952289336448,-0.0008609955769796295,0.006074964419443578,-0.0004010091275434233,0.0009757839007517395,-0.0019619787176139124,-0.0017253331803297885,-0.001901141642610637,0.002470810067963702,0.0011105774778704031,0.006038071308733571,0.0005123207385629457,0.004717715471418258,0.0003239871850694903,-0.002064784623806056,0.010840358991698528,0.001688439544627533,-0.004559510194759815,0.0017540377818177125,-0.0034719950451670856,-0.0023259952605410054,0.0004237296007478738,0.0005483164217318425,-0.0018167107513041582,-0.001090315033410949,0.00023700206668917913,0.0007631896799607237,-0.0014692087973948165,-0.004465009544603364,-0.0024958243373462367,0.0032911496168808825,-0.000824346187827406,0.0005584490808003136,-0.000547851385166026,3.0348069577205557e-5,0.001688439544627533,0.005776510873194422,-0.001838500326380623,-0.0008897580089200208,-0.0031491778331144693,-0.00016749517653457047,-0.001453139277213246,-0.0016251315951339492,0.0021761601250564876,-0.0005756685263770568,-0.0007733526467816785,-0.0004396554227068857,0.003544808583671446,0.004686037851375377,-0.0008440845716085865,-0.003593048682945706,0.0009214503755437996,-0.0012556130096901346,0.001406178025593523,-0.0010421535559246736,-0.004559510194759815,-0.001838500326380623,0.02048210802959375,-0.0004360108773375033,0.00035271462794296684,0.0010391938320161807,0.0016426271118556357,0.005667236906579167,-0.00021615835363014376,-0.0008525729981057543,-0.0027770042173354344,-0.0037329805461982562,0.0011763581603880294,0.0012033814534373488,-0.0024102692308931293,-0.0003296061270315141,0.0021608662537257357,0.002969078227914323,0.0009466463768121847,0.00027191891110258835,0.0017540377818177125,-0.0008897580089200208,-0.0004360108773375033,0.009282684769602962,0.002849189536228161,-0.0009138890217385931,0.0030592910752057223,0.006292408418051347,0.0014467554132862465,-0.0009770062097482904,0.001699193639343437,-0.0018000386767130403,0.005825459812985809,0.0026658012097623275,0.003442334804184372,-0.004125465760534838,0.0002776006132221896,0.0008281147917939022,0.0007004113918437976,0.0026063955877523703,-0.0034719950451670856,-0.0031491778331144693,0.00035271462794296684,0.002849189536228161,0.016818705183410162,0.0013373258560302873,-0.00037020346483217903,-0.0018313255188516682,0.0004179996668030784,0.000778229344292887,0.000694077170990357,0.0016155327403074733,0.0013418628377425102,0.0013124822046727742,-0.0007331744868048167,-0.0009428820582201224,-0.0007028451738573402,-0.0015509363230989575,-0.0003461218906018736,0.0012015952289336448,-0.0023259952605410054,-0.00016749517653457047,0.0010391938320161807,-0.0009138890217385931,0.0013373258560302873,0.0027940678609010053
0.03694976750550983,0.0036226404889064864,0.0036691004962147783,0.007615386859022891,0.0029983160978719406,0.005397825656407066,0.006925163907626829,0.014361746714811902,0.006319150205633525,0.0025081112166363247,0.004451315479275984,0.0021944982979363588,-0.0014709422188209894,0.005948788272465792,0.006487426385799721,0.007182278300993668,0.0010826665503247755,0.0019920049268962636,-0.0006258508513841133,0.0026033316741313553,0.0036226404889064864,0.01257578711532006,0.0022830617357159173,0.003339435810447635,0.0013107097218988048,0.004175707560150595,0.0024096274254333857,0.004698354926280952,0.0052981983367717,0.0017795254876070811,0.00137652011058019,-0.0012724941101257083,0.001152328173966152,-0.0023027161231794144,-0.0017775949801511906,0.003634184063866136,0.0005529134974240385,0.0016353925819357542,0.0010877005810098917,-0.0003781563786875799,0.0036691004962147783,0.0022830617357159173,0.0050206690590423216,0.0016191883554699516,0.00016235897487347473,0.0023434777494117792,0.0011233287136302218,0.0040447352691721115,0.003680515863572368,0.0016530150561383443,0.0007084767589619972,0.00042953712841655887,0.00022326496561411063,-0.0008941144504962773,-0.00016195368092581492,0.002866773546588107,0.0008109533788599732,0.0005897776471483298,0.0012983618128268742,0.0008428915487563872,0.007615386859022891,0.003339435810447635,0.0016191883554699516,0.014946699384496685,0.0024838322624303115,0.000395857656713921,0.006502273800255944,0.005293298735279896,0.0068978057628648875,-0.0023127665119977926,-0.00034738439217141633,0.003795613218087291,0.0017972640856136002,0.004239197414942924,0.004325904530079585,0.002313789799516375,0.0032658868828351296,0.0010898678286956347,0.003835236070035603,-2.328334709175749e-5,0.0029983160978719406,0.0013107097218988048,0.00016235897487347473,0.0024838322624303115,0.005140829598151861,-0.0002521013541057831,0.0007645915130884723,0.0019400326034023658,0.002165262981553913,0.0013842596807299209,0.00037254711675736667,0.0017225120271134899,0.000957243910560293,0.0018998549623239543,0.0029196972519653836,-2.4854060582001807e-6,0.00039909702994608625,0.0012521928747033448,0.0015917938759745522,0.00043708461152915654,0.005397825656407066,0.004175707560150595,0.0023434777494117792,0.000395857656713921,-0.0002521013541057831,0.007831873227918541,0.0022921730029297847,0.0020424540785039013,0.0052120685425649784,0.0018200534711855865,0.0017869060721680016,0.0005258508512314421,0.00015105624976151128,-0.0004437926836044142,-0.0005561584344236099,0.0026418376527838554,-0.00012904672708949501,0.0007356091830034242,-5.982266658282871e-5,-1.701623903202379e-6,0.006925163907626829,0.0024096274254333857,0.0011233287136302218,0.006502273800255944,0.0007645915130884723,0.0022921730029297847,0.016147648455033345,0.005598258045347825,0.006935072582737551,-0.0008038155924109253,0.0014093090233756106,0.0033899099247057148,0.003089883970010135,0.0034315442591052268,0.003393105646069909,0.00471646547065769,0.0023759564063992843,0.002555886908758678,0.0012845954061703442,0.001411203141033193,0.014361746714811902,0.004698354926280952,0.0040447352691721115,0.005293298735279896,0.0019400326034023658,0.0020424540785039013,0.005598258045347825,0.029944564703579826,0.006436826934524581,0.0023905487323509587,0.0013694307688640998,0.003527211583512391,0.0016963776214978556,0.0018738082842627492,0.0008299042283860477,0.00768718635877608,0.0008906978801054579,0.0008081467713635445,0.00035486143336328096,0.0030400992000953132,0.006319150205633525,0.0052981983367717,0.003680515863572368,0.0068978057628648875,0.002165262981553913,0.0052120685425649784,0.006935072582737551,0.006436826934524581,0.030223969434491654,0.0031652609091028724,0.000916117666548534,0.004379679413794074,0.0036234011174458318,0.004547894255242534,0.005072706170239187,0.0040830631354365965,0.006880846204628978,0.0010654679580037593,0.002183829647299666,0.001596660614420077,0.0025081112166363247,0.0017795254876070811,0.0016530150561383443,-0.0023127665119977926,0.0013842596807299209,0.0018200534711855865,-0.0008038155924109253,0.0023905487323509587,0.0031652609091028724,0.017754466680855126,0.0014481631525349102,-0.0013543164325160763,-0.0003114963451325527,0.0014129704435056555,0.001561428187431686,0.0009356254072212104,-0.0008894315839410097,0.0028543209353101735,4.118093921914135e-5,9.858721857105201e-5,0.004451315479275984,0.00137652011058019,0.0007084767589619972,-0.00034738439217141633,0.00037254711675736667,0.0017869060721680016,0.0014093090233756106,0.0013694307688640998,0.000916117666548534,0.0014481631525349102,0.0025863867312312413,-0.0007006744239223528,-0.0004992907751656371,-0.0006222886346309686,5.736491871343329e-5,0.002074138879413895,-0.0007592220383166946,0.0006592328163344759,-0.00016911331008161005,0.0004088427493326661,0.0021944982979363588,-0.0012724941101257083,0.00042953712841655887,0.003795613218087291,0.0017225120271134899,0.0005258508512314421,0.0033899099247057148,0.003527211583512391,0.004379679413794074,-0.0013543164325160763,-0.0007006744239223528,0.01343719760734721,0.0031432406924372658,0.004695541539427011,0.0027267143686876263,0.0004248151863804836,0.003418976699530017,-0.0004781131783882721,0.00010486301965324557,0.0008535065668896103,-0.0014709422188209894,0.001152328173966152,0.00022326496561411063,0.0017972640856136002,0.000957243910560293,0.00015105624976151128,0.003089883970010135,0.0016963776214978556,0.0036234011174458318,-0.0003114963451325527,-0.0004992907751656371,0.0031432406924372658,0.0050096044374208495,0.002100470337024627,0.0017225754025913323,0.0005116703560705803,0.0015170170182851332,0.0008218375188177031,0.0003567123546746609,0.0006242897568178628,0.005948788272465792,-0.0023027161231794144,-0.0008941144504962773,0.004239197414942924,0.0018998549623239543,-0.0004437926836044142,0.0034315442591052268,0.0018738082842627492,0.004547894255242534,0.0014129704435056555,-0.0006222886346309686,0.004695541539427011,0.002100470337024627,0.013664357478106268,0.006716209854068455,-0.0009158305287860662,0.003959788180913335,-4.7729522711567e-5,0.00043170776421529747,0.0008516761847907851,0.006487426385799721,-0.0017775949801511906,-0.00016195368092581492,0.004325904530079585,0.0029196972519653836,-0.0005561584344236099,0.003393105646069909,0.0008299042283860477,0.005072706170239187,0.001561428187431686,5.736491871343329e-5,0.0027267143686876263,0.0017225754025913323,0.006716209854068455,0.01007214085621537,3.69299890019385e-5,0.002033817860905064,0.0018338947524904974,0.002687625854276932,0.0008409251587217294,0.007182278300993668,0.003634184063866136,0.002866773546588107,0.002313789799516375,-2.4854060582001807e-6,0.0026418376527838554,0.00471646547065769,0.00768718635877608,0.0040830631354365965,0.0009356254072212104,0.002074138879413895,0.0004248151863804836,0.0005116703560705803,-0.0009158305287860662,3.69299890019385e-5,0.008512189516935552,-0.0003274720795137598,0.0005232866354715785,0.0010233297991873436,0.0008393192282564241,0.0010826665503247755,0.0005529134974240385,0.0008109533788599732,0.0032658868828351296,0.00039909702994608625,-0.00012904672708949501,0.0023759564063992843,0.0008906978801054579,0.006880846204628978,-0.0008894315839410097,-0.0007592220383166946,0.003418976699530017,0.0015170170182851332,0.003959788180913335,0.002033817860905064,-0.0003274720795137598,0.015717030180998036,0.00040214041594794,0.000513435959769765,0.0008993146323409693,0.0019920049268962636,0.0016353925819357542,0.0005897776471483298,0.0010898678286956347,0.0012521928747033448,0.0007356091830034242,0.002555886908758678,0.0008081467713635445,0.0010654679580037593,0.0028543209353101735,0.0006592328163344759,-0.0004781131783882721,0.0008218375188177031,-4.7729522711567e-5,0.0018338947524904974,0.0005232866354715785,0.00040214041594794,0.007495097886479751,0.0013080972306907914,-0.00021924478364734163,-0.0006258508513841133,0.0010877005810098917,0.0012983618128268742,0.003835236070035603,0.0015917938759745522,-5.982266658282871e-5,0.0012845954061703442,0.00035486143336328096,0.002183829647299666,4.118093921914135e-5,-0.00016911331008161005,0.00010486301965324557,0.0003567123546746609,0.00043170776421529747,0.002687625854276932,0.0010233297991873436,0.000513435959769765,0.0013080972306907914,0.011854139818497074,0.00019726992287905846,0.0026033316741313553,-0.0003781563786875799,0.0008428915487563872,-2.328334709175749e-5,0.00043708461152915654,-1.701623903202379e-6,0.001411203141033193,0.0030400992000953132,0.001596660614420077,9.858721857105201e-5,0.0004088427493326661,0.0008535065668896103,0.0006242897568178628,0.0008516761847907851,0.0008409251587217294,0.0008393192282564241,0.0008993146323409693,-0.00021924478364734163,0.00019726992287905846,0.0026937045918703642
