0.009348398360535828,0.0015717561582775231,0.013779615739422298,0.0009950182282242109,0.0007874077079908957,-0.0012655180631605243,-0.0009652691576168701,0.0014950457359640733,0.0003771510377303056,0.003973567627373132,0.0016746019087845974,0.001226572975578274,0.0010745139153054575,0.0009156000773839002,0.001376752131950263,0.004387573932228101,6.08844318630269e-5,-0.0015415441649380395,-0.0007020515456971297,8.976770765369501e-5,0.0015717561582775231,0.006639244234720633,0.006259635985999228,0.0005198458427782695,-0.00016343600791994778,0.00011187605759870221,0.0001536663176243985,0.002508290673125392,0.0019147635291543936,0.0036591473835593394,-0.0007022423681894978,0.00299180482127971,0.0013271399376200352,0.0024539567227812925,0.0003594522326817244,0.00469084869765762,0.002532943133646326,0.0034325314278558896,0.00024061476995574732,0.0011259428089825448,0.013779615739422298,0.006259635985999228,0.05598770275776914,0.0021478218803005155,-0.0003506326098096246,-0.0020018873578846177,-0.0008649415625095748,0.005304911744360773,0.004569707397152524,0.013317713986245117,0.0017320089334885913,0.002235153359787115,0.0018974857622491726,0.0027142597694251643,0.002985868682884453,0.013163778606937624,0.000595914962801712,0.006146634537758281,-0.0008103604704438126,0.0010657488129756198,0.0009950182282242109,0.0005198458427782695,0.0021478218803005155,0.002378250579082122,0.0002600507494996771,-0.00038394385312321214,-3.196637204485256e-5,0.0005438935330763531,-0.0010075207570803255,0.002882092121890407,-0.00017037993602166183,0.0011503390011597385,0.00048717155725010316,0.0013219682345840156,0.0005657827443455206,0.0011922270299350446,0.0010051197300513114,-0.0005530150508892978,0.0012151964344517484,0.0006801378331787228,0.0007874077079908957,-0.00016343600791994778,-0.0003506326098096246,0.0002600507494996771,0.004036025076846464,-0.0006870714503675941,-0.0001753571426884064,0.0009608078195974066,-0.00018396899844236227,0.0033456518847120587,0.0010447459089594538,0.0025199778486560504,0.0009616363084918843,0.0015544172986810966,0.0008025404645522192,9.390947954997713e-5,-0.0002055196842317981,-0.0006604189676983116,0.002308536386512441,0.0009126069764948594,-0.0012655180631605243,0.00011187605759870221,-0.0020018873578846177,-0.00038394385312321214,-0.0006870714503675941,0.01258152452662157,0.0013842404990265702,-0.0012162595192522765,0.001007728259965208,-0.0011580267980853493,0.002213091534277999,0.0011671974435643198,0.0008843765602336549,0.0022547579239411957,0.0008935381402659266,-0.0011749384336661257,0.00023155273193255422,0.0016941012921296993,-0.0015704654768828557,0.00039551184804050916,-0.0009652691576168701,0.0001536663176243985,-0.0008649415625095748,-3.196637204485256e-5,-0.0001753571426884064,0.0013842404990265702,0.0029991540098791413,0.00011035746780961592,0.0007725653255375284,-0.00044087341275708463,0.0010983608533165412,0.0006342140306651484,0.00040153625024802914,0.001115559521535408,0.0001313189819813901,0.0013056591939965786,0.0007687087415219006,0.0015453106007416605,0.00033730736929148207,0.0002471201733213476,0.0014950457359640733,0.002508290673125392,0.005304911744360773,0.0005438935330763531,0.0009608078195974066,-0.0012162595192522765,0.00011035746780961592,0.0035370862924177502,0.0006401425009283093,0.003189917371997593,7.196234736536199e-5,0.0031792739391940366,0.0013175414577127353,0.002339078837893982,0.00041569408426091854,0.00338177724747538,0.0011979318282446527,0.0022114561711812732,0.0013336553674556167,0.0012203842070073949,0.0003771510377303056,0.0019147635291543936,0.004569707397152524,-0.0010075207570803255,-0.00018396899844236227,0.001007728259965208,0.0007725653255375284,0.0006401425009283093,0.009861562247336423,0.0007597919273425045,-0.0012658059701873082,0.0003523737328266933,-0.0015804347693330204,4.8884861948088996e-5,-0.0005180157111726038,-0.00022931292450452433,-0.0015158102518091276,0.004626735874166421,-0.00038448899272732916,0.00218452949287133,0.003973567627373132,0.0036591473835593394,0.013317713986245117,0.002882092121890407,0.0033456518847120587,-0.0011580267980853493,-0.00044087341275708463,0.003189917371997593,0.0007597919273425045,0.02319069911062038,0.0005377258981279161,0.004961984573781917,0.0019888490034226025,0.0021385445691596257,0.0018632718687036898,0.004123010197913097,0.0007798931344382858,-0.001813642247863531,0.003769817347297477,0.003309327947496502,0.0016746019087845974,-0.0007022423681894978,0.0017320089334885913,-0.00017037993602166183,0.0010447459089594538,0.002213091534277999,0.0010983608533165412,7.196234736536199e-5,-0.0012658059701873082,0.0005377258981279161,0.023334241741042518,0.001129042296618781,0.003517920609567908,-0.0006103062227870473,0.0011792193269664552,0.00030293754462136036,0.0013541953022469932,-0.0017206534740338909,0.00014773593747114097,-0.0018475160577937784,0.001226572975578274,0.00299180482127971,0.002235153359787115,0.0011503390011597385,0.0025199778486560504,0.0011671974435643198,0.0006342140306651484,0.0031792739391940366,0.0003523737328266933,0.004961984573781917,0.001129042296618781,0.01673560849242669,0.004197870899337186,0.006132460335960834,9.399579210047095e-5,0.0030290596053499114,0.001403505954178165,0.00024280129801051113,0.0025372206566705163,0.003919403019287464,0.0010745139153054575,0.0013271399376200352,0.0018974857622491726,0.00048717155725010316,0.0009616363084918843,0.0008843765602336549,0.00040153625024802914,0.0013175414577127353,-0.0015804347693330204,0.0019888490034226025,0.003517920609567908,0.004197870899337186,0.005928333188679789,0.002751224267330776,0.00025158503255282103,0.0021398382042213766,0.0017330293072912572,-0.000806519912473775,0.0013631243414685833,0.0002446075245917007,0.0009156000773839002,0.0024539567227812925,0.0027142597694251643,0.0013219682345840156,0.0015544172986810966,0.0022547579239411957,0.001115559521535408,0.002339078837893982,4.8884861948088996e-5,0.0021385445691596257,-0.0006103062227870473,0.006132460335960834,0.002751224267330776,0.01445700107670609,0.0007948823580539555,0.0026609414187506227,0.002970154717600773,0.0031441378240728577,0.0032099953251239722,0.0025197286336361814,0.001376752131950263,0.0003594522326817244,0.002985868682884453,0.0005657827443455206,0.0008025404645522192,0.0008935381402659266,0.0001313189819813901,0.00041569408426091854,-0.0005180157111726038,0.0018632718687036898,0.0011792193269664552,9.399579210047095e-5,0.00025158503255282103,0.0007948823580539555,0.0029154825090879407,0.0009063859519915317,0.00011069879220597397,0.0008401621425127774,0.0003624670222411462,-0.00015644277752997797,0.004387573932228101,0.00469084869765762,0.013163778606937624,0.0011922270299350446,9.390947954997713e-5,-0.0011749384336661257,0.0013056591939965786,0.00338177724747538,-0.00022931292450452433,0.004123010197913097,0.00030293754462136036,0.0030290596053499114,0.0021398382042213766,0.0026609414187506227,0.0009063859519915317,0.015106345769798505,0.0038496125804705476,0.0014894032250747456,0.00048745016454321554,0.0004150569771165114,6.08844318630269e-5,0.002532943133646326,0.000595914962801712,0.0010051197300513114,-0.0002055196842317981,0.00023155273193255422,0.0007687087415219006,0.0011979318282446527,-0.0015158102518091276,0.0007798931344382858,0.0013541953022469932,0.001403505954178165,0.0017330293072912572,0.002970154717600773,0.00011069879220597397,0.0038496125804705476,0.005305766370191174,0.0012673171305553482,0.0006612947388729318,-2.2393184483664186e-5,-0.0015415441649380395,0.0034325314278558896,0.006146634537758281,-0.0005530150508892978,-0.0006604189676983116,0.0016941012921296993,0.0015453106007416605,0.0022114561711812732,0.004626735874166421,-0.001813642247863531,-0.0017206534740338909,0.00024280129801051113,-0.000806519912473775,0.0031441378240728577,0.0008401621425127774,0.0014894032250747456,0.0012673171305553482,0.01827130826586798,0.0018723359905761395,0.0013997928080902256,-0.0007020515456971297,0.00024061476995574732,-0.0008103604704438126,0.0012151964344517484,0.002308536386512441,-0.0015704654768828557,0.00033730736929148207,0.0013336553674556167,-0.00038448899272732916,0.003769817347297477,0.00014773593747114097,0.0025372206566705163,0.0013631243414685833,0.0032099953251239722,0.0003624670222411462,0.00048745016454321554,0.0006612947388729318,0.0018723359905761395,0.009087907595200197,0.0016676780310528197,8.976770765369501e-5,0.0011259428089825448,0.0010657488129756198,0.0006801378331787228,0.0009126069764948594,0.00039551184804050916,0.0002471201733213476,0.0012203842070073949,0.00218452949287133,0.003309327947496502,-0.0018475160577937784,0.003919403019287464,0.0002446075245917007,0.0025197286336361814,-0.00015644277752997797,0.0004150569771165114,-2.2393184483664186e-5,0.0013997928080902256,0.0016676780310528197,0.005309112911518886
0.007720391112773654,0.0008317470751790267,-0.00027596931352495636,-0.000307519299246966,-0.0007453520731999571,0.004653427703905844,0.0016605992003969595,-0.0006847002415568764,0.003219515114084407,-0.0006562026651743598,0.0036628528254397594,0.0018494974905449817,-0.00048064536699792665,0.002237285065841567,0.0010641817736347676,-0.003600603934388303,0.0014420442953127495,0.00025563137405903996,0.001474467674703162,-2.1138459516553372e-5,0.0008317470751790267,0.00445697098500331,0.0004520443776762851,-0.0002632978205607215,0.0004942184276857423,-0.0007503598329457769,0.00036544800566419534,0.0008632290835486225,-0.0006169595770592624,0.0020811013647820406,0.0019780723495246184,-0.0002062980266855688,0.0014402870554637217,0.0018943305197618011,7.414966575002717e-5,-0.0005501355562594378,0.00040973544104865674,0.0011708806902330675,0.00012232714167800194,-0.00016746578132871402,-0.00027596931352495636,0.0004520443776762851,0.023823883474889056,-0.0006732114873518656,0.001725657380983008,-0.00017458045944731887,0.0007733767707309338,-7.875858561710873e-6,9.13718573510993e-5,-0.00024826739501126733,0.005550754209491237,-0.0006101558550491381,0.004384016859403697,-0.00010167651108943535,0.003651569752014336,0.005293447018647372,0.0012181042255426154,-0.0008693242991415939,0.004888075177096152,0.002817530730501729,-0.000307519299246966,-0.0002632978205607215,-0.0006732114873518656,0.002004069061751038,-0.00035466707956027327,0.0009918962278766931,0.00041050741768351403,-0.0004768954884185653,0.0011165135416864869,0.00015498935623341632,8.175193252351634e-6,0.0009311120166393336,-8.824127928592837e-5,0.0004737546061179681,-0.00025528098771573275,0.0004736775047737752,-5.832260679301392e-5,0.001130064220122491,0.0005920182905142426,-6.498063294155978e-5,-0.0007453520731999571,0.0004942184276857423,0.001725657380983008,-0.00035466707956027327,0.0033047628751546264,-0.0016092023318351693,4.688856454052819e-5,0.0003065442584367553,-0.0017541361545249713,-0.0006906895918605107,0.0007897630699744747,-0.0002388333218760433,0.0011743484505029197,-0.0006899322261158991,0.0006609435605218337,0.0016230839971631606,-0.00015808295057849974,0.00039174974670040744,0.0006502704604330405,0.0010000033335709159,0.004653427703905844,-0.0007503598329457769,-0.00017458045944731887,0.0009918962278766931,-0.0016092023318351693,0.020128770288816034,0.0016700543911672896,-0.0020759352502934224,0.011416461432169712,-9.153843205212615e-5,0.011162014805790845,0.006871077707347665,-0.0021884501106232083,0.005070686286884514,0.0020652017389517956,0.0008310214398540267,0.00060394530074769,0.0037328142472173873,0.0034241458881278893,0.000164633720738751,0.0016605992003969595,0.00036544800566419534,0.0007733767707309338,0.00041050741768351403,4.688856454052819e-5,0.0016700543911672896,0.003512549264364352,-0.0006950374589770415,0.0005856826856599749,0.0005514613988272465,0.0015071472722438571,0.0011558747705285467,0.0006667363564211188,-8.917263073734781e-5,0.0007324304491099629,-0.0003540854663387937,0.00022033054304651945,9.008289386255449e-5,0.00027819086360735755,0.0006704651228210483,-0.0006847002415568764,0.0008632290835486225,-7.875858561710873e-6,-0.0004768954884185653,0.0003065442584367553,-0.0020759352502934224,-0.0006950374589770415,0.0025250714857578496,-0.0019930321707213048,0.0014853806746900925,-4.319382753479308e-5,-0.0022414318198636417,0.0011811151905721396,0.0009665734761218677,-0.0006268941645950482,0.0007506305860247194,-0.00034712556307060294,-0.00044198633311326636,-3.901973215423211e-5,-0.00037467371334428377,0.003219515114084407,-0.0006169595770592624,9.13718573510993e-5,0.0011165135416864869,-0.0017541361545249713,0.011416461432169712,0.0005856826856599749,-0.0019930321707213048,0.019782044702198846,-0.0006765432795069083,0.019050725818795397,0.0070617409743568005,-0.0009744911706751918,0.00756970724663887,0.0006872084542495858,0.0008813196103604228,0.0016697996210756185,0.007686953262922954,0.0037898701621206497,-0.000441269728956799,-0.0006562026651743598,0.0020811013647820406,-0.00024826739501126733,0.00015498935623341632,-0.0006906895918605107,-9.153843205212615e-5,0.0005514613988272465,0.0014853806746900925,-0.0006765432795069083,0.013723347225332808,-0.0005203075484009596,-0.001362469175823376,0.002161882914552144,0.00346301979360579,-0.000512433647035588,0.000495531555340099,-0.0011120160938409996,0.0016705265504637584,-0.0004407176066453924,-0.0005668178895915632,0.0036628528254397594,0.0019780723495246184,0.005550754209491237,8.175193252351634e-6,0.0007897630699744747,0.011162014805790845,0.0015071472722438571,-4.319382753479308e-5,0.019050725818795397,-0.0005203075484009596,0.058801219652062475,0.01345708657902115,0.005115976436385636,0.015606751554951172,0.004467359676099691,0.0069894900228690375,0.002194040772511612,0.01646763781768498,0.007178962669259761,-0.0002599197507112276,0.0018494974905449817,-0.0002062980266855688,-0.0006101558550491381,0.0009311120166393336,-0.0002388333218760433,0.006871077707347665,0.0011558747705285467,-0.0022414318198636417,0.0070617409743568005,-0.001362469175823376,0.01345708657902115,0.014232022932094858,-0.0007022054292400621,0.00382594655181389,0.002571343780679698,0.0015705924576301677,0.0005876166819078296,0.005186471572785805,0.001644385023664442,0.00015761628269184532,-0.00048064536699792665,0.0014402870554637217,0.004384016859403697,-8.824127928592837e-5,0.0011743484505029197,-0.0021884501106232083,0.0006667363564211188,0.0011811151905721396,-0.0009744911706751918,0.002161882914552144,0.005115976436385636,-0.0007022054292400621,0.005672726116036733,0.0017309985784399891,0.001422289468396745,0.002659479265738297,0.00016145445774373696,0.0005528922019756113,0.0012086858453629937,0.0005649137752912936,0.002237285065841567,0.0018943305197618011,-0.00010167651108943535,0.0004737546061179681,-0.0006899322261158991,0.005070686286884514,-8.917263073734781e-5,0.0009665734761218677,0.00756970724663887,0.00346301979360579,0.015606751554951172,0.00382594655181389,0.0017309985784399891,0.020100764546783764,-2.007765078444982e-5,0.0003291246213995441,0.0013919546233741662,0.008832736719276217,0.0016348627611355744,-0.0036132717641524513,0.0010641817736347676,7.414966575002717e-5,0.003651569752014336,-0.00025528098771573275,0.0006609435605218337,0.0020652017389517956,0.0007324304491099629,-0.0006268941645950482,0.0006872084542495858,-0.000512433647035588,0.004467359676099691,0.002571343780679698,0.001422289468396745,-2.007765078444982e-5,0.004540007727797289,0.001995204150192804,0.00047973542328890134,-0.001192982848349671,0.0022297456753363762,0.0018311327502634304,-0.003600603934388303,-0.0005501355562594378,0.005293447018647372,0.0004736775047737752,0.0016230839971631606,0.0008310214398540267,-0.0003540854663387937,0.0007506305860247194,0.0008813196103604228,0.000495531555340099,0.0069894900228690375,0.0015705924576301677,0.002659479265738297,0.0003291246213995441,0.001995204150192804,0.013528173579273984,-0.0008094965109727211,0.00120896101326039,0.002687457354492059,0.002681695003466958,0.0014420442953127495,0.00040973544104865674,0.0012181042255426154,-5.832260679301392e-5,-0.00015808295057849974,0.00060394530074769,0.00022033054304651945,-0.00034712556307060294,0.0016697996210756185,-0.0011120160938409996,0.002194040772511612,0.0005876166819078296,0.00016145445774373696,0.0013919546233741662,0.00047973542328890134,-0.0008094965109727211,0.004055077939907294,0.001152002768083383,0.0013449218031111171,7.648056196446568e-5,0.00025563137405903996,0.0011708806902330675,-0.0008693242991415939,0.001130064220122491,0.00039174974670040744,0.0037328142472173873,9.008289386255449e-5,-0.00044198633311326636,0.007686953262922954,0.0016705265504637584,0.01646763781768498,0.005186471572785805,0.0005528922019756113,0.008832736719276217,-0.001192982848349671,0.00120896101326039,0.001152002768083383,0.01913896243829112,-0.0019044430793913516,-0.0015328793013245899,0.001474467674703162,0.00012232714167800194,0.004888075177096152,0.0005920182905142426,0.0006502704604330405,0.0034241458881278893,0.00027819086360735755,-3.901973215423211e-5,0.0037898701621206497,-0.0004407176066453924,0.007178962669259761,0.001644385023664442,0.0012086858453629937,0.0016348627611355744,0.0022297456753363762,0.002687457354492059,0.0013449218031111171,-0.0019044430793913516,0.01036512776215997,0.0013741126878198983,-2.1138459516553372e-5,-0.00016746578132871402,0.002817530730501729,-6.498063294155978e-5,0.0010000033335709159,0.000164633720738751,0.0006704651228210483,-0.00037467371334428377,-0.000441269728956799,-0.0005668178895915632,-0.0002599197507112276,0.00015761628269184532,0.0005649137752912936,-0.0036132717641524513,0.0018311327502634304,0.002681695003466958,7.648056196446568e-5,-0.0015328793013245899,0.0013741126878198983,0.005503568106803681
0.006443323570876169,0.0006453662540067268,0.0019378894881316683,0.0007377398602866946,0.00012135523393479793,0.0031971837028221175,-0.0010701395444626509,0.0019391006578551525,-0.0015707842176216186,0.0053388335183920535,-0.0024529933103151044,0.0004911818749178324,-3.4392953322214754e-5,0.0002060053577014123,-0.00010243502547908648,0.0007935625669294058,0.00013117012454849414,0.0009005847842070748,-0.0014573922428797789,0.0013765090261954696,0.0006453662540067268,0.004736529804330978,-0.004540325752979175,-0.0012635277125489916,3.0888876452307506e-5,-0.0006959256091579723,-0.00046129147190741946,3.5510184187279405e-5,-0.0037441527612258373,-0.002601825894144234,0.0006858737268638619,-0.003229601317312777,-0.00030938239782460017,0.0013693206985742404,-0.00013563416855892806,-0.00033344686638208613,-0.002044621800137176,-0.0003037944175788747,0.0019875657066412244,0.001939305656508181,0.0019378894881316683,-0.004540325752979175,0.03799281852915706,0.003469393914915104,0.0006658735995018535,0.0027803569595374147,0.00157318651572442,-0.0029756398623757454,-0.0008416160359116566,0.0036831753954753247,-0.006126807983076053,0.010584598194741966,-0.0007588063928083506,-0.0032635298984960764,-0.005876681146068706,-0.003205691649361655,0.005732425350909515,0.0026614098035738732,-0.0029261604456724557,0.0027342136333840944,0.0007377398602866946,-0.0012635277125489916,0.003469393914915104,0.004333563987512805,0.0007052890975389863,0.0007542687911412494,0.0014685406853702247,0.0005609559063119547,0.0019007389267265153,0.0009625265839506751,0.005722648969547734,0.004139202985716033,0.0003328234744655721,-0.0004907655416626107,-0.00022013053139345422,-0.0013881694095944364,0.0007845291862280427,0.0012918681720529785,-0.0016679884769440585,0.0008800663677266589,0.00012135523393479793,3.0888876452307506e-5,0.0006658735995018535,0.0007052890975389863,0.003479785131402031,0.00267135624340354,0.0011601833676700784,0.001197254230559842,0.0006226377389131417,0.0034234957127262165,0.0009199969592227296,-0.000996655831363293,0.0015023913988569785,-0.0005682965810391509,0.0006861938205068317,-0.0005622484371659691,0.0014310862414189933,0.0007524970628264599,3.732674667288547e-5,0.0004131774141752788,0.0031971837028221175,-0.0006959256091579723,0.0027803569595374147,0.0007542687911412494,0.00267135624340354,0.019264698213942034,0.0003820281523612617,0.004024373060476734,0.0014573499113810415,0.01772288982258524,0.0007814330305341696,-0.0006567052194169735,0.0010541612909260836,-0.004898706398362757,0.0018789508579591253,0.001787977969461313,0.002976363264595371,0.00027398131678902174,-0.0017861645751692892,-0.00025860063492532705,-0.0010701395444626509,-0.00046129147190741946,0.00157318651572442,0.0014685406853702247,0.0011601833676700784,0.0003820281523612617,0.004734566153601327,0.00113479538900458,0.005004942039590754,-0.0020126757677409353,0.003213412480099441,0.0016074133121825123,0.0013810985559022642,-0.00012804416060737658,0.0011421273059192818,-0.0024165178904069387,0.00015549444021902443,-0.002355068733563258,0.000897865367315889,-0.00028950286470546757,0.0019391006578551525,3.5510184187279405e-5,-0.0029756398623757454,0.0005609559063119547,0.001197254230559842,0.004024373060476734,0.00113479538900458,0.005131842754577097,0.004156390302552415,0.004880678858200043,-0.00037836419155669386,0.0006567170858364366,0.00048144207472772965,-0.00011104515933001228,0.0027019116963242183,-0.0009720087427974086,-8.899877336955616e-5,-0.0008435713528521531,-0.0007217564186425588,0.0005352027516011138,-0.0015707842176216186,-0.0037441527612258373,-0.0008416160359116566,0.0019007389267265153,0.0006226377389131417,0.0014573499113810415,0.005004942039590754,0.004156390302552415,0.02756639294479403,-0.0004841385291102736,0.0020471288662351674,0.003088491283059786,0.002114645651639325,0.0004354473342537932,0.00798319911262001,0.00020790266832256639,-0.0010057014010924684,-0.006150569943391098,0.0019504625439350199,-0.00654932622015331,0.0053388335183920535,-0.002601825894144234,0.0036831753954753247,0.0009625265839506751,0.0034234957127262165,0.01772288982258524,-0.0020126757677409353,0.004880678858200043,-0.0004841385291102736,0.037601281275310705,-0.004847115204096525,-0.0012166047054033187,0.0038837627488552493,-0.008354616264526868,0.0024674948154706474,0.004926437065754387,0.006580744624691928,0.008474963812372519,-0.0067932266816655065,-0.0016299139142070555,-0.0024529933103151044,0.0006858737268638619,-0.006126807983076053,0.005722648969547734,0.0009199969592227296,0.0007814330305341696,0.003213412480099441,-0.00037836419155669386,0.0020471288662351674,-0.004847115204096525,0.04131802693125512,0.0010356136070417857,-0.0001093200538521954,-0.0009791620385713618,0.0008922901572811907,-0.00011327528942657383,-0.00418718702161713,0.0022555210070875674,-0.0022623178159776793,0.0009724675242205943,0.0004911818749178324,-0.003229601317312777,0.010584598194741966,0.004139202985716033,-0.000996655831363293,-0.0006567052194169735,0.0016074133121825123,0.0006567170858364366,0.003088491283059786,-0.0012166047054033187,0.0010356136070417857,0.015743844447303815,-0.0020672371875465655,-0.001891580031755707,-0.0017805719067941561,-0.0020360746281362645,0.0017120785774676515,0.0007414957737731298,-0.002077349474815484,0.0020737144226344977,-3.4392953322214754e-5,-0.00030938239782460017,-0.0007588063928083506,0.0003328234744655721,0.0015023913988569785,0.0010541612909260836,0.0013810985559022642,0.00048144207472772965,0.002114645651639325,0.0038837627488552493,-0.0001093200538521954,-0.0020672371875465655,0.005167282154970652,-0.00042526087904144543,0.0013446477781215629,-0.001157476166811011,0.0012608391501945575,0.0009191516176308323,0.00028901835213679893,-0.0013134390851662018,0.0002060053577014123,0.0013693206985742404,-0.0032635298984960764,-0.0004907655416626107,-0.0005682965810391509,-0.004898706398362757,-0.00012804416060737658,-0.00011104515933001228,0.0004354473342537932,-0.008354616264526868,-0.0009791620385713618,-0.001891580031755707,-0.00042526087904144543,0.011466123520781137,0.0003573094398105242,-0.0006535808866600655,-0.0023931426732865108,-0.0032633620324519557,0.003466519718206036,0.0013283064839037205,-0.00010243502547908648,-0.00013563416855892806,-0.005876681146068706,-0.00022013053139345422,0.0006861938205068317,0.0018789508579591253,0.0011421273059192818,0.0027019116963242183,0.00798319911262001,0.0024674948154706474,0.0008922901572811907,-0.0017805719067941561,0.0013446477781215629,0.0003573094398105242,0.006575326027389692,0.000882526926375256,-7.478485781688788e-5,-0.001283763433930695,0.001693855430468845,-0.0027642516741476376,0.0007935625669294058,-0.00033344686638208613,-0.003205691649361655,-0.0013881694095944364,-0.0005622484371659691,0.001787977969461313,-0.0024165178904069387,-0.0009720087427974086,0.00020790266832256639,0.004926437065754387,-0.00011327528942657383,-0.0020360746281362645,-0.001157476166811011,-0.0006535808866600655,0.000882526926375256,0.010962913822502232,-5.969629358302796e-5,0.0008792961174064498,0.00013946442871402162,-0.0024111446645480217,0.00013117012454849414,-0.002044621800137176,0.005732425350909515,0.0007845291862280427,0.0014310862414189933,0.002976363264595371,0.00015549444021902443,-8.899877336955616e-5,-0.0010057014010924684,0.006580744624691928,-0.00418718702161713,0.0017120785774676515,0.0012608391501945575,-0.0023931426732865108,-7.478485781688788e-5,-5.969629358302796e-5,0.005906959791104655,0.002309451694628882,-0.0012710871827457766,-0.0004627122278646769,0.0009005847842070748,-0.0003037944175788747,0.0026614098035738732,0.0012918681720529785,0.0007524970628264599,0.00027398131678902174,-0.002355068733563258,-0.0008435713528521531,-0.006150569943391098,0.008474963812372519,0.0022555210070875674,0.0007414957737731298,0.0009191516176308323,-0.0032633620324519557,-0.001283763433930695,0.0008792961174064498,0.002309451694628882,0.01662430070647668,-0.003958526173600395,0.0016201771548366329,-0.0014573922428797789,0.0019875657066412244,-0.0029261604456724557,-0.0016679884769440585,3.732674667288547e-5,-0.0017861645751692892,0.000897865367315889,-0.0007217564186425588,0.0019504625439350199,-0.0067932266816655065,-0.0022623178159776793,-0.002077349474815484,0.00028901835213679893,0.003466519718206036,0.001693855430468845,0.00013946442871402162,-0.0012710871827457766,-0.003958526173600395,0.009251345078659868,-0.0005141392990406371,0.0013765090261954696,0.001939305656508181,0.0027342136333840944,0.0008800663677266589,0.0004131774141752788,-0.00025860063492532705,-0.00028950286470546757,0.0005352027516011138,-0.00654932622015331,-0.0016299139142070555,0.0009724675242205943,0.0020737144226344977,-0.0013134390851662018,0.0013283064839037205,-0.0027642516741476376,-0.0024111446645480217,-0.0004627122278646769,0.0016201771548366329,-0.0005141392990406371,0.007494128061339357
