0.02040832889870139,0.005528292628962001,0.00134424735376454,0.0016665356748495931,-0.0006180258904094792,0.00031481399176154826,-1.7034799820758137e-5,0.004195979147053012,-0.0006121598280342372,-0.002707120944134427,-0.0007063935505730404,0.0024158171875501523,0.0014345275095993364,0.0002392265973913637,0.000976573378366032,0.0010800528342385946,0.001158332011311106,-0.001567596578944114,0.00013793761863037637,0.0016913483410248608,0.005528292628962001,0.01126305106971133,0.00044087263031746676,0.0013875928837156063,0.0007918392062878688,0.0011758343540618195,0.0014108329790323655,0.003976945139580121,-0.00010272805887080437,-0.0012337898973970901,-0.0012500522856874886,0.0015892574183614166,1.1412000013488449e-6,-0.0004149154201020457,0.0008712651425355634,0.0016938716467205818,-0.0009496436114371225,-0.0008996084117378047,-0.0004780387310510696,0.0011408833485330914,0.00134424735376454,0.00044087263031746676,0.003378688470984999,0.00024777297935494247,-3.113705851201009e-5,0.00015761995063980904,-0.0004961519530187388,0.0010628807241408523,0.0008544576992025056,-0.0018580017153607487,-0.0003498291938142181,0.00026696059556153727,0.0003837304652500712,-0.0014880013305480777,-0.0007387691253840794,0.00015571294339901843,0.00030538540680487237,0.00026848766274730905,0.001951991787483887,-7.928593010006035e-5,0.0016665356748495931,0.0013875928837156063,0.00024777297935494247,0.01287218526347514,0.00145417722442719,-0.0011908161353212706,0.004674650855147251,-0.0031032179751896583,-0.0013259795004781291,0.0072877198561622485,0.0014071965819345282,-0.00102497989279135,-0.0002044676209986625,-0.0004512852991799402,0.0006887545671941673,0.0019211379497336522,-0.0040953859501821465,-0.0007463989497989091,0.002172849315632121,-6.491683536412953e-5,-0.0006180258904094792,0.0007918392062878688,-3.113705851201009e-5,0.00145417722442719,0.005465056588062505,-0.0012056570882621243,0.0033027181303293316,0.0010091043835778876,-0.0010678939740711966,0.00185196096051078,0.0008485373652844953,-0.0006367629956800176,-9.004726103607686e-5,0.0005403803271730248,-0.0002584022324791591,-3.971420232318646e-5,0.0016970207629783836,0.0007202169397636398,0.001027064304462785,0.0001577153120993989,0.00031481399176154826,0.0011758343540618195,0.00015761995063980904,-0.0011908161353212706,-0.0012056570882621243,0.005021806576630488,-0.0019020452402125699,0.002100883495577049,0.003516553468818584,0.0003627982315727568,-0.0010360175208704034,0.001296433831377679,4.664466538484948e-6,9.82220320712139e-5,0.000681999626020673,0.00024150478508389202,-0.001978433081494691,-0.00010250605958812664,-0.001278768540180894,0.0005906545234550656,-1.7034799820758137e-5,0.0014108329790323655,-0.0004961519530187388,0.004674650855147251,0.0033027181303293316,-0.0019020452402125699,0.012690275539912314,0.0012126552621352267,-0.003405880723700028,0.005277252888208969,0.002064609183159154,-0.002411945352396638,0.0003067064807254052,0.000988443009712365,0.00021983514163418592,0.001058405028593545,2.9551618169358088e-5,0.000586392634374699,-5.803182681076715e-5,-0.0005231873297782684,0.004195979147053012,0.003976945139580121,0.0010628807241408523,-0.0031032179751896583,0.0010091043835778876,0.002100883495577049,0.0012126552621352267,0.021038446739027064,-3.270279578144138e-5,-0.001483045339755783,-0.000862865367542458,0.0015980348968547182,0.002295833690237643,-0.001128643409416835,9.354019122689204e-5,-0.0006372790066417901,0.0029330507995656645,0.001569713823536909,-0.0038802336011347542,0.0011079368744439904,-0.0006121598280342372,-0.00010272805887080437,0.0008544576992025056,-0.0013259795004781291,-0.0010678939740711966,0.003516553468818584,-0.003405880723700028,-3.270279578144138e-5,0.027942508757537787,0.000411351047183274,-0.0023976395658747195,0.0030772837626223473,-3.1471266235705076e-6,0.0008614579186409582,-0.002141378551545998,-0.0007852625263502144,-0.005673469837295711,0.0011035446635448963,0.003899855180182139,0.0005672490423824276,-0.002707120944134427,-0.0012337898973970901,-0.0018580017153607487,0.0072877198561622485,0.00185196096051078,0.0003627982315727568,0.005277252888208969,-0.001483045339755783,0.000411351047183274,0.02448001713475246,0.002103780745749505,-0.00037834747607989,0.0007590441507918745,0.0015441185495553783,0.002847538038915416,0.00245780475136634,-0.0035190842165935894,1.871927666320707e-5,-0.0005881047827159423,-2.397488224375497e-5,-0.0007063935505730404,-0.0012500522856874886,-0.0003498291938142181,0.0014071965819345282,0.0008485373652844953,-0.0010360175208704034,0.002064609183159154,-0.000862865367542458,-0.0023976395658747195,0.002103780745749505,0.0021722712173874374,-0.0009438869568804552,0.00011720921846987748,0.00034231141508641954,-5.010208747463444e-5,0.0003071472739565569,0.0013492419334596069,1.4513073391572023e-5,-0.0006164800979369255,-0.0005030121068604563,0.0024158171875501523,0.0015892574183614166,0.00026696059556153727,-0.00102497989279135,-0.0006367629956800176,0.001296433831377679,-0.002411945352396638,0.0015980348968547182,0.0030772837626223473,-0.00037834747607989,-0.0009438869568804552,0.010143211971745983,0.0019844170288094106,0.0003468575073703056,0.0017208783799427924,0.00016051189895303073,-0.00018215018650866497,-0.0003326786218694005,-0.0008619093640023287,-8.522865189909177e-5,0.0014345275095993364,1.1412000013488449e-6,0.0003837304652500712,-0.0002044676209986625,-9.004726103607686e-5,4.664466538484948e-6,0.0003067064807254052,0.002295833690237643,-3.1471266235705076e-6,0.0007590441507918745,0.00011720921846987748,0.0019844170288094106,0.004629855525213256,-0.00020761119326939497,0.0005022942191447307,-9.570168038799751e-5,0.001934667625780083,0.0003257656555401685,-0.0019942835666634596,0.0002628906550114202,0.0002392265973913637,-0.0004149154201020457,-0.0014880013305480777,-0.0004512852991799402,0.0005403803271730248,9.82220320712139e-5,0.000988443009712365,-0.001128643409416835,0.0008614579186409582,0.0015441185495553783,0.00034231141508641954,0.0003468575073703056,-0.00020761119326939497,0.0078285413659024,0.001420995094567131,-9.498829521815575e-5,-0.0011781892942939222,0.0010331666958825197,0.00023097319442403724,-0.00021749176243709105,0.000976573378366032,0.0008712651425355634,-0.0007387691253840794,0.0006887545671941673,-0.0002584022324791591,0.000681999626020673,0.00021983514163418592,9.354019122689204e-5,-0.002141378551545998,0.002847538038915416,-5.010208747463444e-5,0.0017208783799427924,0.0005022942191447307,0.001420995094567131,0.005616404577425109,0.001225752158440232,-0.0018402197923159981,-0.0002536152786093098,-0.00149117084266912,0.00018748912511767948,0.0010800528342385946,0.0016938716467205818,0.00015571294339901843,0.0019211379497336522,-3.971420232318646e-5,0.00024150478508389202,0.001058405028593545,-0.0006372790066417901,-0.0007852625263502144,0.00245780475136634,0.0003071472739565569,0.00016051189895303073,-9.570168038799751e-5,-9.498829521815575e-5,0.001225752158440232,0.004161236709637315,-0.0008451534809295433,-0.0005483835141119233,-7.857372846545099e-5,0.00022534367179326574,0.001158332011311106,-0.0009496436114371225,0.00030538540680487237,-0.0040953859501821465,0.0016970207629783836,-0.001978433081494691,2.9551618169358088e-5,0.0029330507995656645,-0.005673469837295711,-0.0035190842165935894,0.0013492419334596069,-0.00018215018650866497,0.001934667625780083,-0.0011781892942939222,-0.0018402197923159981,-0.0008451534809295433,0.01902620662765064,-0.001207549965837381,-0.0023023428320979554,-1.917727894858335e-5,-0.001567596578944114,-0.0008996084117378047,0.00026848766274730905,-0.0007463989497989091,0.0007202169397636398,-0.00010250605958812664,0.000586392634374699,0.001569713823536909,0.0011035446635448963,1.871927666320707e-5,1.4513073391572023e-5,-0.0003326786218694005,0.0003257656555401685,0.0010331666958825197,-0.0002536152786093098,-0.0005483835141119233,-0.001207549965837381,0.0061007889775338345,-0.0004567482809307127,-0.0012375870926895423,0.00013793761863037637,-0.0004780387310510696,0.001951991787483887,0.002172849315632121,0.001027064304462785,-0.001278768540180894,-5.803182681076715e-5,-0.0038802336011347542,0.003899855180182139,-0.0005881047827159423,-0.0006164800979369255,-0.0008619093640023287,-0.0019942835666634596,0.00023097319442403724,-0.00149117084266912,-7.857372846545099e-5,-0.0023023428320979554,-0.0004567482809307127,0.013644089899050011,0.001438982086134618,0.0016913483410248608,0.0011408833485330914,-7.928593010006035e-5,-6.491683536412953e-5,0.0001577153120993989,0.0005906545234550656,-0.0005231873297782684,0.0011079368744439904,0.0005672490423824276,-2.397488224375497e-5,-0.0005030121068604563,-8.522865189909177e-5,0.0002628906550114202,-0.00021749176243709105,0.00018748912511767948,0.00022534367179326574,-1.917727894858335e-5,-0.0012375870926895423,0.001438982086134618,0.00258539125859521
0.03333193556292782,0.0015875678133249656,-0.0041000931589644535,0.005729482775400575,0.0027185905546478276,0.0035284814196783975,-0.0004084556661517856,0.005718653804353168,0.008179847744799896,0.004855861824218375,0.0010321630244267551,0.003406947634440661,-0.0023933240018073274,0.0030511313978079826,0.005149550414328274,-0.0007095449140887381,0.002859501968410903,0.005188454257436264,0.0045923773827657895,0.0007850274220996731,0.0015875678133249656,0.012816467760943934,-0.0016992752189116949,0.005711910622972671,0.0010571892686805713,0.0022216330422485508,-0.0007029215226468215,-0.0002589979563319588,0.00547578581217803,-0.0004232761672677655,0.002372916199973156,-0.0017274384972075897,-0.0005371494658030763,-0.00039349129531718096,0.0020972265435848687,0.001501451619931195,0.0013161563566462683,-0.0006585878236089707,0.0014938060405462494,0.00031017069794106163,-0.0041000931589644535,-0.0016992752189116949,0.003623041633412289,-0.0012132868913563048,0.00048704788650669564,0.00036543962508269216,0.0017061907585185468,0.0009632043279560784,-0.0003316008440915002,0.001684771772954306,-0.000182552854719622,0.0003749996536983307,0.0008996964739278787,0.0009568735747386065,5.128637940685579e-5,0.0003934886396794945,0.0004125690730534274,-0.0003741161477729305,-0.00014707229721652596,0.00016658297968609215,0.005729482775400575,0.005711910622972671,-0.0012132868913563048,0.01343140103410667,0.001873996924816654,0.003724074421559179,0.002193070551117172,0.0003869230296188802,0.00718626587558542,0.0008862491518423493,0.0027953633088467814,0.0013425354396906898,0.0003146990421743997,0.0014960052829804974,0.004630797510769186,0.0007997453397685128,0.0025113509462360234,-0.0009303523611022868,0.0037385744219787234,3.5377515469979747e-6,0.0027185905546478276,0.0010571892686805713,0.00048704788650669564,0.001873996924816654,0.005979866686169905,0.0020215458787907125,0.0034832527246613965,0.003798522321851949,0.006164049269928603,0.001630217968392658,0.0027482098380830393,0.0007046904737152157,-0.0006862266012772556,0.002401266266422772,0.0051688281740708865,0.001423816999001196,0.001925749901711783,0.0014252207017371329,0.0018420869516482406,0.0020754643255997667,0.0035284814196783975,0.0022216330422485508,0.00036543962508269216,0.003724074421559179,0.0020215458787907125,0.0067483471257161615,0.002622199049110278,0.0003308246318323648,0.0023449876626138915,-0.0018765701949360874,0.00221364732513306,0.0011808021132997822,-0.00020275559695343617,0.0009245957750623308,0.003135062847295293,0.0003463200035717812,0.0019539935040841683,-0.00010442204112486714,0.00222612872563413,0.0006751173499356627,-0.0004084556661517856,-0.0007029215226468215,0.0017061907585185468,0.002193070551117172,0.0034832527246613965,0.002622199049110278,0.014705235132550551,0.0028709681836756196,0.007674246811200498,0.0009160622474471943,0.0018332450916747375,0.004998668447340619,-0.0008144087384295279,0.001966675463307958,0.0027069004846674988,0.0003556761158339596,0.005047380908492451,0.002230138604527231,0.0014031328312675453,0.002475296520325166,0.005718653804353168,-0.0002589979563319588,0.0009632043279560784,0.0003869230296188802,0.003798522321851949,0.0003308246318323648,0.0028709681836756196,0.02386445677462523,0.003984324724755763,0.005445647473175656,0.001362492394635539,0.004020221990244285,-0.0029315846924708394,0.0028338516561089095,0.0026385433393423417,0.0011258229486213927,0.004673325154692799,0.00042810006577705107,0.0017676781581452746,0.0018091166011008379,0.008179847744799896,0.00547578581217803,-0.0003316008440915002,0.00718626587558542,0.006164049269928603,0.0023449876626138915,0.007674246811200498,0.003984324724755763,0.037382461549615595,0.007867390043082453,0.003418073128951685,0.0015255675167681728,-0.0005840681851989126,0.0039042753004797605,0.010085435817270068,0.0013793415443369916,0.0040566194721046575,0.006630332703313865,0.007924769275189526,0.004849802070440704,0.004855861824218375,-0.0004232761672677655,0.001684771772954306,0.0008862491518423493,0.001630217968392658,-0.0018765701949360874,0.0009160622474471943,0.005445647473175656,0.007867390043082453,0.021428905951511208,0.0007757980165489872,-0.0006029957628806903,0.0004914309299353922,0.0027617630169188183,0.005441111903345478,0.0008670037970740902,0.004177538646869646,0.003183094355980502,0.0029676211627520646,0.00043705139379266985,0.0010321630244267551,0.002372916199973156,-0.000182552854719622,0.0027953633088467814,0.0027482098380830393,0.00221364732513306,0.0018332450916747375,0.001362492394635539,0.003418073128951685,0.0007757980165489872,0.004952174457608134,0.0015145043378864183,-0.0006924953236116683,0.0019399340979269657,0.005256438505523924,0.002032502408538788,0.003078565359589426,0.0005133447345288557,0.0023222649710946818,0.0012933601749192647,0.003406947634440661,-0.0017274384972075897,0.0003749996536983307,0.0013425354396906898,0.0007046904737152157,0.0011808021132997822,0.004998668447340619,0.004020221990244285,0.0015255675167681728,-0.0006029957628806903,0.0015145043378864183,0.011702281388925906,-0.0010165176610290034,0.00022348814156783792,0.00020680693630462958,0.00021247770073406027,0.0038912346144367206,0.00047290803259474024,0.002403177567107567,0.0005209384111556449,-0.0023933240018073274,-0.0005371494658030763,0.0008996964739278787,0.0003146990421743997,-0.0006862266012772556,-0.00020275559695343617,-0.0008144087384295279,-0.0029315846924708394,-0.0005840681851989126,0.0004914309299353922,-0.0006924953236116683,-0.0010165176610290034,0.003971531951858922,0.0002571728508028762,-0.0004012200615880925,3.509771030513006e-6,0.000707952018035351,-0.00042392526088918376,0.00043504887114265817,-0.0006268117965710935,0.0030511313978079826,-0.00039349129531718096,0.0009568735747386065,0.0014960052829804974,0.002401266266422772,0.0009245957750623308,0.001966675463307958,0.0028338516561089095,0.0039042753004797605,0.0027617630169188183,0.0019399340979269657,0.00022348814156783792,0.0002571728508028762,0.00900904680138624,0.0036971406316056708,0.0012453192923964874,0.0017140553497824536,8.4305330214178e-5,0.002179137994335053,0.0015798807549714895,0.005149550414328274,0.0020972265435848687,5.128637940685579e-5,0.004630797510769186,0.0051688281740708865,0.003135062847295293,0.0027069004846674988,0.0026385433393423417,0.010085435817270068,0.005441111903345478,0.005256438505523924,0.00020680693630462958,-0.0004012200615880925,0.0036971406316056708,0.013356091745028059,0.0024085078883222177,0.003691997354169016,0.0029259097506133193,0.004759142020881556,0.002209694036002469,-0.0007095449140887381,0.001501451619931195,0.0003934886396794945,0.0007997453397685128,0.001423816999001196,0.0003463200035717812,0.0003556761158339596,0.0011258229486213927,0.0013793415443369916,0.0008670037970740902,0.002032502408538788,0.00021247770073406027,3.509771030513006e-6,0.0012453192923964874,0.0024085078883222177,0.00420456593448234,0.0017620090555298296,-0.0003395144583509985,0.0004637540677825159,0.0007473366854874339,0.002859501968410903,0.0013161563566462683,0.0004125690730534274,0.0025113509462360234,0.001925749901711783,0.0019539935040841683,0.005047380908492451,0.004673325154692799,0.0040566194721046575,0.004177538646869646,0.003078565359589426,0.0038912346144367206,0.000707952018035351,0.0017140553497824536,0.003691997354169016,0.0017620090555298296,0.01601679835068045,0.00025829960379872394,0.0020207380404397833,0.001057883375184988,0.005188454257436264,-0.0006585878236089707,-0.0003741161477729305,-0.0009303523611022868,0.0014252207017371329,-0.00010442204112486714,0.002230138604527231,0.00042810006577705107,0.006630332703313865,0.003183094355980502,0.0005133447345288557,0.00047290803259474024,-0.00042392526088918376,8.4305330214178e-5,0.0029259097506133193,-0.0003395144583509985,0.00025829960379872394,0.008158317070233345,0.00155090028649179,0.0014831832079921928,0.0045923773827657895,0.0014938060405462494,-0.00014707229721652596,0.0037385744219787234,0.0018420869516482406,0.00222612872563413,0.0014031328312675453,0.0017676781581452746,0.007924769275189526,0.0029676211627520646,0.0023222649710946818,0.002403177567107567,0.00043504887114265817,0.002179137994335053,0.004759142020881556,0.0004637540677825159,0.0020207380404397833,0.00155090028649179,0.011285608787866473,0.0010184428258135257,0.0007850274220996731,0.00031017069794106163,0.00016658297968609215,3.5377515469979747e-6,0.0020754643255997667,0.0006751173499356627,0.002475296520325166,0.0018091166011008379,0.004849802070440704,0.00043705139379266985,0.0012933601749192647,0.0005209384111556449,-0.0006268117965710935,0.0015798807549714895,0.002209694036002469,0.0007473366854874339,0.001057883375184988,0.0014831832079921928,0.0010184428258135257,0.0029541794507140584
0.027069667716716483,0.0014262236008794516,0.0025636022747955395,0.0029212720973388487,0.0017241079269665113,0.0022038246246584778,0.005674028136024623,0.007716374996264945,0.009496333426705927,-0.00034557659163124454,0.002522933103809369,0.0046479641270065,0.0014186704844248868,-0.00020683404413847635,0.0064989243842521,0.004884409093858129,0.006703675229899184,0.0035641827033188744,0.0009306606428788908,0.002710479881010808,0.0014262236008794516,0.010831453407547813,0.0008616947842356098,0.0014775497571556646,0.0015508384693977565,0.0020823991075940755,0.0013424758172335184,0.0020309094905385443,0.0049009348572018226,0.005877561753898665,0.000786744550339087,0.004027088946607477,0.0026265770858438856,0.002423759092928619,0.0013911707841652585,0.0014072810131289869,0.003324785191000255,0.0030497545114101057,0.0025399791661784863,0.000521810602175952,0.0025636022747955395,0.0008616947842356098,0.004658848922887411,0.0025881555742067824,0.0005000783107344884,0.00011139635593694703,0.0011686413880815905,0.006064215473019141,0.003171256619015202,0.0005882986863818021,0.0007833040531688448,0.0011458929623173785,0.0002916778553793054,-6.493977049246171e-5,0.0010840139669515692,0.002175956673412881,-0.000803181752690559,-0.00020878697272761783,0.0024233322994022676,0.0013826084983551861,0.0029212720973388487,0.0014775497571556646,0.0025881555742067824,0.011747099168891467,0.002647412948294044,-0.0002293962413529253,0.004668107801747411,0.009165018186816937,0.0065950362833832495,-0.0014678058471846302,0.002236109693132168,0.00429808959083489,0.0026087110392165073,-0.0002504544538350515,0.0013594103485176645,0.0031595907545258154,-0.000321383487389265,0.004181505677807341,0.005350019086589438,0.0034089299721604283,0.0017241079269665113,0.0015508384693977565,0.0005000783107344884,0.002647412948294044,0.005263129303288348,0.0006062918915857854,0.001288727043015865,0.001249534391022998,0.0024213064442444947,0.0009559857457088538,0.0005500886506769221,0.002186630442097416,0.001973622277581759,0.0007759653807020048,0.0009183981135291177,0.0011210474966988231,0.0018878542993450097,0.002063769763393122,0.0015569468100782807,0.00047696036430143506,0.0022038246246584778,0.0020823991075940755,0.00011139635593694703,-0.0002293962413529253,0.0006062918915857854,0.007316355267529234,0.0027780148293977862,0.0007729600199566393,0.0018634850183726608,0.001863428015549817,0.0007948202586993581,0.002252677830299245,0.0014435718541532007,0.002100168482929702,0.00014376702592231274,0.0004319056596313551,0.00025698666708985087,0.001695779661934204,0.0008660200120830102,-0.0006114192523982696,0.005674028136024623,0.0013424758172335184,0.0011686413880815905,0.004668107801747411,0.001288727043015865,0.0027780148293977862,0.02178783418777202,0.005463495272241685,0.008894440338970301,0.0006097175154016828,0.0013655546932084843,0.006134413062145878,0.004092467508369864,-0.0021176070356541494,0.0033348930501896756,0.006938656215433787,0.0048020814191668286,0.006149986364673163,0.006771608992671452,0.0042876949494278374,0.007716374996264945,0.0020309094905385443,0.006064215473019141,0.009165018186816937,0.001249534391022998,0.0007729600199566393,0.005463495272241685,0.02947079661848907,0.01058266149152446,-0.0009531333425871528,0.0033578813378745,0.0050544608058108766,0.0036878557431066416,0.0002597230569615012,0.0036888970671468085,0.006259502048362678,-0.0004895793196073398,0.0036712219354064603,0.00962704646742073,0.004440731337416485,0.009496333426705927,0.0049009348572018226,0.003171256619015202,0.0065950362833832495,0.0024213064442444947,0.0018634850183726608,0.008894440338970301,0.01058266149152446,0.028918977281141126,0.005588741897707663,0.002705169896431045,0.005663330509424727,0.0036821074801315704,-0.001458074928613511,0.005052420394011534,0.006624232521836262,0.006012409882489229,0.00373116692721773,0.006449101133250909,0.0032937627012935345,-0.00034557659163124454,0.005877561753898665,0.0005882986863818021,-0.0014678058471846302,0.0009559857457088538,0.001863428015549817,0.0006097175154016828,-0.0009531333425871528,0.005588741897707663,0.02080131785585297,-0.0007563757403433255,0.0029282424668387406,0.00017152640151136514,0.00376448463651947,0.0011023944382453762,0.0011032411556886495,0.004336127004069485,0.0007505537320819735,-0.00016668597729279207,-0.00025171116805589445,0.002522933103809369,0.000786744550339087,0.0007833040531688448,0.002236109693132168,0.0005500886506769221,0.0007948202586993581,0.0013655546932084843,0.0033578813378745,0.002705169896431045,-0.0007563757403433255,0.0019882949023454916,0.001578179156716364,0.0010597163209110233,-0.0004265529304424865,0.000616605285813738,0.0011219685048731208,-0.0005702355244555793,0.0016699416720394591,0.0016414610973722308,0.0008559828300269293,0.0046479641270065,0.004027088946607477,0.0011458929623173785,0.00429808959083489,0.002186630442097416,0.002252677830299245,0.006134413062145878,0.0050544608058108766,0.005663330509424727,0.0029282424668387406,0.001578179156716364,0.013030313698795528,0.002326300466248294,0.0011709011813799504,0.0033147786147250287,0.003160091925592534,0.005278292320243414,0.003862886620134106,0.003520501103434601,0.002251115121091578,0.0014186704844248868,0.0026265770858438856,0.0002916778553793054,0.0026087110392165073,0.001973622277581759,0.0014435718541532007,0.004092467508369864,0.0036878557431066416,0.0036821074801315704,0.00017152640151136514,0.0010597163209110233,0.002326300466248294,0.005235308816595793,-9.629008491525477e-5,0.0012425499630713233,0.0025697161853941316,-7.341459022401991e-5,0.003422682229035302,0.0024973107426007786,0.0007979065321915954,-0.00020683404413847635,0.002423759092928619,-6.493977049246171e-5,-0.0002504544538350515,0.0007759653807020048,0.002100168482929702,-0.0021176070356541494,0.0002597230569615012,-0.001458074928613511,0.00376448463651947,-0.0004265529304424865,0.0011709011813799504,-9.629008491525477e-5,0.008323879958915752,-0.00025876836698443377,-0.00028684576913354004,0.0014271055051782878,0.00046865600071651205,-0.0006130529162754598,-0.0008755550008294969,0.0064989243842521,0.0013911707841652585,0.0010840139669515692,0.0013594103485176645,0.0009183981135291177,0.00014376702592231274,0.0033348930501896756,0.0036888970671468085,0.005052420394011534,0.0011023944382453762,0.000616605285813738,0.0033147786147250287,0.0012425499630713233,-0.00025876836698443377,0.006617668028047104,0.002413335922636095,0.0028889992970562595,0.0010004993508465603,0.0009703145789148875,0.0009358187454046043,0.004884409093858129,0.0014072810131289869,0.002175956673412881,0.0031595907545258154,0.0011210474966988231,0.0004319056596313551,0.006938656215433787,0.006259502048362678,0.006624232521836262,0.0011032411556886495,0.0011219685048731208,0.003160091925592534,0.0025697161853941316,-0.00028684576913354004,0.002413335922636095,0.0075998714944952184,0.0037080195081972884,0.0028926568410489024,0.0039726660141006925,0.0025712817647874295,0.006703675229899184,0.003324785191000255,-0.000803181752690559,-0.000321383487389265,0.0018878542993450097,0.00025698666708985087,0.0048020814191668286,-0.0004895793196073398,0.006012409882489229,0.004336127004069485,-0.0005702355244555793,0.005278292320243414,-7.341459022401991e-5,0.0014271055051782878,0.0028889992970562595,0.0037080195081972884,0.02322605627785439,0.003323869364224641,0.0021288379749796436,0.0019569875883536786,0.0035641827033188744,0.0030497545114101057,-0.00020878697272761783,0.004181505677807341,0.002063769763393122,0.001695779661934204,0.006149986364673163,0.0036712219354064603,0.00373116692721773,0.0007505537320819735,0.0016699416720394591,0.003862886620134106,0.003422682229035302,0.00046865600071651205,0.0010004993508465603,0.0028926568410489024,0.003323869364224641,0.009475047756848699,0.0031609514207855214,0.0018879571620502268,0.0009306606428788908,0.0025399791661784863,0.0024233322994022676,0.005350019086589438,0.0015569468100782807,0.0008660200120830102,0.006771608992671452,0.00962704646742073,0.006449101133250909,-0.00016668597729279207,0.0016414610973722308,0.003520501103434601,0.0024973107426007786,-0.0006130529162754598,0.0009703145789148875,0.0039726660141006925,0.0021288379749796436,0.0031609514207855214,0.012312450408156093,0.0031751826802275855,0.002710479881010808,0.000521810602175952,0.0013826084983551861,0.0034089299721604283,0.00047696036430143506,-0.0006114192523982696,0.0042876949494278374,0.004440731337416485,0.0032937627012935345,-0.00025171116805589445,0.0008559828300269293,0.002251115121091578,0.0007979065321915954,-0.0008755550008294969,0.0009358187454046043,0.0025712817647874295,0.0019569875883536786,0.0018879571620502268,0.0031751826802275855,0.0033373919212187305
