0.04142896452070007,0.00854867746469913,0.002852158819973069,0.01574531569398545,0.010686079087111694,0.005918025880600182,0.01123966534998981,0.014448085542151684,0.01764946182710915,0.0021957618258609105,0.006412052104517088,0.005665801594550207,0.007116775744141134,0.004535977262861713,0.009671497063446614,0.00884498598460112,0.013146983688784497,0.011384481351109123,0.0032900908713015585,0.001241180831361361,0.00854867746469913,0.014641038417678375,-0.0007834586918925492,0.005123995654175708,0.0007770061354272221,0.0015894470756035288,0.0037559972761908515,0.00385380995260796,0.008580858800513954,0.003701372104769532,0.0009705445978101964,0.003293014614505685,0.0038978178274389663,-0.001834062065816158,0.005467564758776048,0.003577448613511965,0.008502411887723845,0.0040722279522418785,4.744055054289073e-5,-0.0003686994101853181,0.002852158819973069,-0.0007834586918925492,0.005038425316736955,0.006293751677921252,0.002916993861839542,0.0029947231102326194,0.002628607144278783,0.0036576279983930662,0.006451628649518181,0.0012201100274535702,0.00035384475690170957,-0.000968380419769286,0.0006536201019421784,0.001604741582971028,-0.001009929219350073,0.002835149662091214,0.004427923581071705,-0.002011005970091854,0.003395816130726771,0.0013736183791251434,0.01574531569398545,0.005123995654175708,0.006293751677921252,0.0263117464771404,0.012170043642148224,0.008123024824689538,0.0083380825911651,0.010118244344082143,0.021369249319593116,0.0038519876544101756,0.0039276548945207605,-0.000304508635631076,0.006085270350541334,0.005903005546446726,0.0004937066759758922,0.006843160456491217,0.020296560753949738,0.004244182492335415,0.0069314208165395024,0.0016979550850301918,0.010686079087111694,0.0007770061354272221,0.002916993861839542,0.012170043642148224,0.012508571706820595,0.0031219814301880074,0.004593767671798482,0.00890077158294477,0.007955280133720908,-0.002428441526922416,0.004422518196365472,0.0006124855750867036,0.0031468191626177434,0.010682096847747104,-0.000323157114730268,0.0014716725194790356,0.01129637097690587,0.005451737467414268,0.0042727263406564416,0.0008966073208844892,0.005918025880600182,0.0015894470756035288,0.0029947231102326194,0.008123024824689538,0.0031219814301880074,0.009267481278181852,0.0026330458804244275,0.005569860318552583,0.009565613382705979,0.004132665782446769,0.0003810583121511724,0.0001439901859156886,0.0010696093671059806,0.0019989018413538407,-2.5008851035140554e-5,0.0035286667236481264,0.0071082925362053444,-0.0014177262206185133,0.0031576376016556,0.000987836640875637,0.01123966534998981,0.0037559972761908515,0.002628607144278783,0.0083380825911651,0.004593767671798482,0.0026330458804244275,0.017546779060413204,0.0036256622769661245,0.006439656012452831,0.00040509501047340324,0.00018377885778015328,0.0014230666659443589,0.0024808606121884827,0.0019176951957153177,0.003846220262585551,0.0051468053952331005,0.00837226098063034,-0.0009357495845956527,0.006236023411419151,0.003485245107260078,0.014448085542151684,0.00385380995260796,0.0036576279983930662,0.010118244344082143,0.00890077158294477,0.005569860318552583,0.0036256622769661245,0.028868671268570865,0.007376335081955303,0.002690212052007313,0.003083561899685337,0.0018943833457005436,0.00031418960487030823,0.012793946106375237,0.0008967798043722034,0.003442682161704975,0.004962153620884873,0.002165055652421702,0.0020190016372387777,0.0017166061751005633,0.01764946182710915,0.008580858800513954,0.006451628649518181,0.021369249319593116,0.007955280133720908,0.009565613382705979,0.006439656012452831,0.007376335081955303,0.043547584389606236,0.007742034812371338,0.004587163395412605,0.0005894071347557787,0.0077561134265346785,-0.0003532857140732173,0.004951583516720473,0.010802727643603674,0.023315770061841032,0.007006328444361504,0.010794689459398588,0.0009259869029855072,0.0021957618258609105,0.003701372104769532,0.0012201100274535702,0.0038519876544101756,-0.002428441526922416,0.004132665782446769,0.00040509501047340324,0.002690212052007313,0.007742034812371338,0.022562166280122857,-0.0004726948508212552,0.0031323132116956778,0.0004509219495336612,-0.005203892341962061,0.004113642489076768,0.005435673294357733,0.0015058650849977193,0.0004387579255940822,-0.001789569169437033,0.00016058231326826123,0.006412052104517088,0.0009705445978101964,0.00035384475690170957,0.0039276548945207605,0.004422518196365472,0.0003810583121511724,0.00018377885778015328,0.003083561899685337,0.004587163395412605,-0.0004726948508212552,0.004901959347479618,-0.000513695504504441,0.0024551912596305014,0.0051744372071525595,-0.00016224361534882188,0.0006693302156870298,0.003803984951734696,0.006484642342911262,0.002075167947512783,-0.0004284150999910363,0.005665801594550207,0.003293014614505685,-0.000968380419769286,-0.000304508635631076,0.0006124855750867036,0.0001439901859156886,0.0014230666659443589,0.0018943833457005436,0.0005894071347557787,0.0031323132116956778,-0.000513695504504441,0.012870188548242222,-0.0003922524240323247,-0.00036275572392276394,0.005405911754303543,0.0008507183308434515,0.0016136733029321216,0.001048545666586949,-0.0012392724534845013,-0.00015249955082386406,0.007116775744141134,0.0038978178274389663,0.0006536201019421784,0.006085270350541334,0.0031468191626177434,0.0010696093671059806,0.0024808606121884827,0.00031418960487030823,0.0077561134265346785,0.0004509219495336612,0.0024551912596305014,-0.0003922524240323247,0.007307529657109959,-0.0008148674748258979,0.002799675710276731,0.002330438443479381,0.00658723343242173,0.005759030609634961,0.001429390141876349,-0.0005274144814979586,0.004535977262861713,-0.001834062065816158,0.001604741582971028,0.005903005546446726,0.010682096847747104,0.0019989018413538407,0.0019176951957153177,0.012793946106375237,-0.0003532857140732173,-0.005203892341962061,0.0051744372071525595,-0.00036275572392276394,-0.0008148674748258979,0.024809734697912672,-0.005548933687517048,-0.002884962845697073,0.003969017152022077,0.0037395750738037654,0.004458022696186465,0.0008866388489946349,0.009671497063446614,0.005467564758776048,-0.001009929219350073,0.0004937066759758922,-0.000323157114730268,-2.5008851035140554e-5,0.003846220262585551,0.0008967798043722034,0.004951583516720473,0.004113642489076768,-0.00016224361534882188,0.005405911754303543,0.002799675710276731,-0.005548933687517048,0.010870044352255056,0.004183342723485053,0.0012077160968360092,0.0035483563612003794,-0.0013220303010601044,-0.0004651599005655458,0.00884498598460112,0.003577448613511965,0.002835149662091214,0.006843160456491217,0.0014716725194790356,0.0035286667236481264,0.0051468053952331005,0.003442682161704975,0.010802727643603674,0.005435673294357733,0.0006693302156870298,0.0008507183308434515,0.002330438443479381,-0.002884962845697073,0.004183342723485053,0.008537068696639567,0.006915362319241359,-0.00012318850617304726,0.003010939947697594,0.0008946831486319689,0.013146983688784497,0.008502411887723845,0.004427923581071705,0.020296560753949738,0.01129637097690587,0.0071082925362053444,0.00837226098063034,0.004962153620884873,0.023315770061841032,0.0015058650849977193,0.003803984951734696,0.0016136733029321216,0.00658723343242173,0.003969017152022077,0.0012077160968360092,0.006915362319241359,0.03987251562490572,0.0032476663057345793,0.011219244514076139,0.0007045549148457875,0.011384481351109123,0.0040722279522418785,-0.002011005970091854,0.004244182492335415,0.005451737467414268,-0.0014177262206185133,-0.0009357495845956527,0.002165055652421702,0.007006328444361504,0.0004387579255940822,0.006484642342911262,0.001048545666586949,0.005759030609634961,0.0037395750738037654,0.0035483563612003794,-0.00012318850617304726,0.0032476663057345793,0.019348732195877294,-0.0010217163958998036,-0.0016563072753260901,0.0032900908713015585,4.744055054289073e-5,0.003395816130726771,0.0069314208165395024,0.0042727263406564416,0.0031576376016556,0.006236023411419151,0.0020190016372387777,0.010794689459398588,-0.001789569169437033,0.002075167947512783,-0.0012392724534845013,0.001429390141876349,0.004458022696186465,-0.0013220303010601044,0.003010939947697594,0.011219244514076139,-0.0010217163958998036,0.016367655031672812,0.002741868642007066,0.001241180831361361,-0.0003686994101853181,0.0013736183791251434,0.0016979550850301918,0.0008966073208844892,0.000987836640875637,0.003485245107260078,0.0017166061751005633,0.0009259869029855072,0.00016058231326826123,-0.0004284150999910363,-0.00015249955082386406,-0.0005274144814979586,0.0008866388489946349,-0.0004651599005655458,0.0008946831486319689,0.0007045549148457875,-0.0016563072753260901,0.002741868642007066,0.00287133195075927
0.03128235317875232,0.00026318214321100234,-0.0024989397089959127,-0.0009593721401382375,-0.00018690025483884956,0.0033733818599470233,-0.014459476156491338,0.0029242812149017803,-0.011172752548613326,-0.006082461468009195,-0.00043098372684467225,-0.0003443725811135738,0.005371307809092811,0.0063528990619589835,0.0021757086449509114,0.0006762673920802053,0.0047751918305739376,0.0005008077661269415,-0.0012550048720216104,0.002172285229723696,0.00026318214321100234,0.010934383330502945,0.0018437182009930345,0.0020666069182234104,6.755442204375292e-5,0.0013426005365208419,0.001637608448880396,0.002931228294446593,-0.0030805837073375544,0.0017162555245195108,-0.0008944841188339575,0.0023133870359428425,-0.00019164682039651072,-0.001843152693644682,0.0007175169899870716,0.0015709695168253169,0.004070586214473504,0.0009050056267551624,0.0013433306777864877,0.0009583581583988176,-0.0024989397089959127,0.0018437182009930345,0.007099270228438736,0.0041428046450856185,0.0011978115125519093,-0.0007787871161575776,0.007548713100823744,0.002202354243820236,0.003167632036978824,0.0006910137330755628,0.0007792135719260993,0.001968134512710754,-0.0018696960642014373,-0.0019456183513445018,0.0007083561015951788,0.0031801950075444935,0.002291209029209371,-0.00018809642756204903,-0.0009968808259524019,-0.0011030411638185628,-0.0009593721401382375,0.0020666069182234104,0.0041428046450856185,0.015823565974937143,0.0038796460760740182,-0.0022563335577572294,0.009042415786722158,-0.0010600042668869082,-0.001554233427870845,0.002391012252683046,0.002111436332729028,0.0026060559294800775,-0.001153330923063077,-0.0022246733443177973,0.002085269728023393,0.007874927926972827,-8.904233179955913e-5,0.00030839192286792144,-0.002643512093642909,-0.0008376407258108762,-0.00018690025483884956,6.755442204375292e-5,0.0011978115125519093,0.0038796460760740182,0.006778866030153124,-0.001629519287807401,0.0059060358608605595,-0.0002633793718952144,0.0015822373249387218,-0.002967040159720851,0.0011243090993198193,0.0013473635489768742,3.972727915510677e-5,-0.00018407410760384,-0.0003579987185160727,0.002904860821976228,-0.0014490309440953518,0.0015946061214979056,0.0010078425861595494,-0.00045333646918925964,0.0033733818599470233,0.0013426005365208419,-0.0007787871161575776,-0.0022563335577572294,-0.001629519287807401,0.006377242005925618,-0.005626009448499817,0.0016464434656525866,-0.003371717955771693,0.0009925284126387837,-0.0012134501014737418,-0.0002440361775278366,0.002023861686998258,0.002382122061182785,0.0006542174955834961,-0.0028766313246839544,-0.0003898249048174973,0.0014514161786927222,0.0005994334823356663,0.0011728399857986592,-0.014459476156491338,0.001637608448880396,0.007548713100823744,0.009042415786722158,0.0059060358608605595,-0.005626009448499817,0.030052278888534345,-0.0003079550569741992,0.011323509501007998,0.006083206046604079,0.0033309218338254025,0.003673709240358905,-0.004986961264818352,-0.006065928403493966,0.00013465511297804827,0.009221715360647385,0.00043278885119853346,0.00027764555067687213,-0.004258842036142951,-0.0025002045797304037,0.0029242812149017803,0.002931228294446593,0.002202354243820236,-0.0010600042668869082,-0.0002633793718952144,0.0016464434656525866,-0.0003079550569741992,0.020437780926315686,0.002019382007443407,-0.0033325193741490355,-0.0005614699755577919,-0.0004200222419373223,0.000170937800091102,-0.00035199433190130695,-0.000503575378660397,-0.0032134516710623975,0.007756207107433595,-0.0009830985889622557,0.0008163379221750135,0.00027011608663319415,-0.011172752548613326,-0.0030805837073375544,0.003167632036978824,-0.001554233427870845,0.0015822373249387218,-0.003371717955771693,0.011323509501007998,0.002019382007443407,0.04392411222557625,-0.005534085168254949,0.001303194308435327,0.0023145898968516543,-0.0029506841386916158,-0.0024895189124015202,-0.005951900249937514,-0.0049814159873275594,-0.005513732922627074,-0.0028424277380251165,0.009114283234134306,-0.0023780682174511596,-0.006082461468009195,0.0017162555245195108,0.0006910137330755628,0.002391012252683046,-0.002967040159720851,0.0009925284126387837,0.006083206046604079,-0.0033325193741490355,-0.005534085168254949,0.029675898166044958,-7.301218246383968e-5,-0.0007058282672884464,-0.0019705760038475116,0.0019195486779339192,0.005413139998768887,0.003523566347333644,-0.001178200909136283,0.0005344857056157445,-0.007200961172328417,0.0007121007949342115,-0.00043098372684467225,-0.0008944841188339575,0.0007792135719260993,0.002111436332729028,0.0011243090993198193,-0.0012134501014737418,0.0033309218338254025,-0.0005614699755577919,0.001303194308435327,-7.301218246383968e-5,0.0024526294785191657,0.0010901874464072044,6.971044762213858e-7,-0.0006133745644006676,0.00017176290818935437,0.0024370985058684864,-9.0750294549148e-5,0.00012559933474991719,-0.0019435075541111655,-0.000934253801618727,-0.0003443725811135738,0.0023133870359428425,0.001968134512710754,0.0026060559294800775,0.0013473635489768742,-0.0002440361775278366,0.003673709240358905,-0.0004200222419373223,0.0023145898968516543,-0.0007058282672884464,0.0010901874464072044,0.008941402770870742,0.0005850229679465241,-0.0009535675185567824,0.00014084013544152365,0.0018793828647444336,-0.00032674049576532577,0.0003713407569700946,0.0013765290504972548,-0.0004968817588428376,0.005371307809092811,-0.00019164682039651072,-0.0018696960642014373,-0.001153330923063077,3.972727915510677e-5,0.002023861686998258,-0.004986961264818352,0.000170937800091102,-0.0029506841386916158,-0.0019705760038475116,6.971044762213858e-7,0.0005850229679465241,0.005421484105334263,0.0027641128724289216,0.000444693322820404,-0.0009577664350137309,-0.00039707343316267864,0.0013028712973045366,0.0008062364909830165,0.0005523461528520077,0.0063528990619589835,-0.001843152693644682,-0.0019456183513445018,-0.0022246733443177973,-0.00018407410760384,0.002382122061182785,-0.006065928403493966,-0.00035199433190130695,-0.0024895189124015202,0.0019195486779339192,-0.0006133745644006676,-0.0009535675185567824,0.0027641128724289216,0.01267148245283835,0.002306453575664066,-0.003904759991513068,-0.0031057224662218966,0.0010398278778171177,0.0018301273921645376,0.001537194269689901,0.0021757086449509114,0.0007175169899870716,0.0007083561015951788,0.002085269728023393,-0.0003579987185160727,0.0006542174955834961,0.00013465511297804827,-0.000503575378660397,-0.005951900249937514,0.005413139998768887,0.00017176290818935437,0.00014084013544152365,0.000444693322820404,0.002306453575664066,0.006566455446599061,0.0019787021804718993,0.0009725204851401307,0.0008608577109875397,-0.002338517692735442,0.00110885703261958,0.0006762673920802053,0.0015709695168253169,0.0031801950075444935,0.007874927926972827,0.002904860821976228,-0.0028766313246839544,0.009221715360647385,-0.0032134516710623975,-0.0049814159873275594,0.003523566347333644,0.0024370985058684864,0.0018793828647444336,-0.0009577664350137309,-0.003904759991513068,0.0019787021804718993,0.012749111671238716,0.0035275050547871395,0.0001923446543256519,-0.006891720164951592,-0.0010220235311618892,0.0047751918305739376,0.004070586214473504,0.002291209029209371,-8.904233179955913e-5,-0.0014490309440953518,-0.0003898249048174973,0.00043278885119853346,0.007756207107433595,-0.005513732922627074,-0.001178200909136283,-9.0750294549148e-5,-0.00032674049576532577,-0.00039707343316267864,-0.0031057224662218966,0.0009725204851401307,0.0035275050547871395,0.02163113517036185,-0.0021561119281627203,-0.004054680959480703,0.0007088017442734901,0.0005008077661269415,0.0009050056267551624,-0.00018809642756204903,0.00030839192286792144,0.0015946061214979056,0.0014514161786927222,0.00027764555067687213,-0.0009830985889622557,-0.0028424277380251165,0.0005344857056157445,0.00012559933474991719,0.0003713407569700946,0.0013028712973045366,0.0010398278778171177,0.0008608577109875397,0.0001923446543256519,-0.0021561119281627203,0.006169686127164653,0.00138452182103997,0.000543128531435643,-0.0012550048720216104,0.0013433306777864877,-0.0009968808259524019,-0.002643512093642909,0.0010078425861595494,0.0005994334823356663,-0.004258842036142951,0.0008163379221750135,0.009114283234134306,-0.007200961172328417,-0.0019435075541111655,0.0013765290504972548,0.0008062364909830165,0.0018301273921645376,-0.002338517692735442,-0.006891720164951592,-0.004054680959480703,0.00138452182103997,0.015538201466192336,0.0011020286729779773,0.002172285229723696,0.0009583581583988176,-0.0011030411638185628,-0.0008376407258108762,-0.00045333646918925964,0.0011728399857986592,-0.0025002045797304037,0.00027011608663319415,-0.0023780682174511596,0.0007121007949342115,-0.000934253801618727,-0.0004968817588428376,0.0005523461528520077,0.001537194269689901,0.00110885703261958,-0.0010220235311618892,0.0007088017442734901,0.000543128531435643,0.0011020286729779773,0.002424681948163257
0.022086338022114935,-0.003356942135404268,3.436968454432221e-5,0.002538189578300918,-0.003259694524452254,0.0001913304734887017,0.005474636234430544,0.0013998175995991397,-0.005892784394908707,0.001257097140820206,0.00034049847623816723,0.001675773340218377,-0.0010319876086507405,0.003052390301995133,0.000865618663506291,-0.0006368696841525563,0.0022672386486724443,-0.001140767269250099,0.0009580280842830437,0.002733883242373401,-0.003356942135404268,0.01894052794821283,0.0015958835549620709,0.0035638883237900506,0.008711577162653666,0.002867354322455145,-0.004490168712197217,0.010742138332439883,0.021528667359158163,0.010747855568442152,0.0006248319798110255,0.0027060524364692926,0.0026188905471693784,-0.0017335991310903351,0.0027135204660277534,0.0022900918683264665,-0.004076689030110867,0.0033559750815595093,0.004707990838431758,-0.002413706305934459,3.436968454432221e-5,0.0015958835549620709,0.005828312151682532,0.0013086420310950875,0.0022198952518248357,0.003816949898867292,0.004215912746294872,0.006661077850356578,0.0009374162064667087,0.004884300070466545,0.0011440391631701912,0.00178677653033231,0.0016623525613339782,-0.0006864248886878106,0.0020140144606788715,0.002341664464395882,-0.0011323374222581683,0.0008930295266893135,0.0036922146752957066,0.0003184164888209846,0.002538189578300918,0.0035638883237900506,0.0013086420310950875,0.00964361840237681,-6.398911370615064e-5,0.0014540341831577662,0.0009539699348520797,-0.0013648750901698488,0.003698185599776441,0.002369561153608546,-0.0012521101632668925,-0.001890682198691218,0.0005896804663815839,0.000969126726252644,0.0020346007955350507,0.0006074040748748343,-0.0020510030100073483,-0.000549037740442856,0.0010059565256020529,-0.0021217983422066695,-0.003259694524452254,0.008711577162653666,0.0022198952518248357,-6.398911370615064e-5,0.012001974003157547,0.001557626459371562,-0.0019434840591399777,0.013704012231983862,0.016053877337840194,0.009874554830084759,0.0020921661964001786,0.003307055860214174,0.0005688330903760311,-0.001921062081305689,0.0034276457726374237,0.0015768258544134135,-0.003463193916608349,0.0026512369795287836,0.005417741815450648,0.0006727209447842272,0.0001913304734887017,0.002867354322455145,0.003816949898867292,0.0014540341831577662,0.001557626459371562,0.009939478439901263,0.003068882713868023,0.003971632008837999,0.0007268502300369392,0.003219957339882438,0.0011913941970742871,-0.00039599041133677544,0.0004852039971187928,-0.0009597821886206895,0.002601791222204999,0.00035990116512640754,-0.0018140108522566056,0.001021093464735781,0.0032783799787911468,-0.0012263049168893345,0.005474636234430544,-0.004490168712197217,0.004215912746294872,0.0009539699348520797,-0.0019434840591399777,0.003068882713868023,0.024463718883062452,0.009340725194000758,-0.011921753317754172,0.0023842755650158275,0.0022637341471689635,0.011341396225583285,0.0027946911556445725,-0.001129100406980148,-0.0002733025445526638,0.0011919622032583314,0.004176937736009669,0.0033481963405615637,0.008119771943796853,0.0027987410545216485,0.0013998175995991397,0.010742138332439883,0.006661077850356578,-0.0013648750901698488,0.013704012231983862,0.003971632008837999,0.009340725194000758,0.05080512282427717,0.02036142268480105,0.01804315729930034,0.0056491278916290626,0.018275538720313955,0.0033560476122168953,-0.0044730896416831775,0.005869661068107862,0.004414002608073071,-0.0016062141791432405,0.007189216642900794,0.019335437068260075,0.005396199000038581,-0.005892784394908707,0.021528667359158163,0.0009374162064667087,0.003698185599776441,0.016053877337840194,0.0007268502300369392,-0.011921753317754172,0.02036142268480105,0.061093233861162756,0.018190113904822485,0.0003233101026641429,0.003731699541820407,-0.0002094754845613743,0.00021842248699946326,0.005034088179736563,0.005487747646669089,-0.0016421782300824507,0.007845122846718774,0.004985798525376325,-0.0020638644895422135,0.001257097140820206,0.010747855568442152,0.004884300070466545,0.002369561153608546,0.009874554830084759,0.003219957339882438,0.0023842755650158275,0.01804315729930034,0.018190113904822485,0.029335613086714,0.0023806167939552725,0.003371521060449579,0.002608939096285807,-0.0011171456489335735,0.0049013082980385436,0.002949873648110348,-0.001665451299873134,0.0038630762035900008,0.008476177897646424,0.0012536501253016911,0.00034049847623816723,0.0006248319798110255,0.0011440391631701912,-0.0012521101632668925,0.0020921661964001786,0.0011913941970742871,0.0022637341471689635,0.0056491278916290626,0.0003233101026641429,0.0023806167939552725,0.0026688791126543805,0.002884244432392159,0.00034387664786627073,-0.0004981519513675723,0.0007836025633827497,0.0005610747183305445,0.00027671195453022105,0.0004991781966948965,0.002757140442129863,0.0019247836727912684,0.001675773340218377,0.0027060524364692926,0.00178677653033231,-0.001890682198691218,0.003307055860214174,-0.00039599041133677544,0.011341396225583285,0.018275538720313955,0.003731699541820407,0.003371521060449579,0.002884244432392159,0.023544911736531744,0.003925399098332752,-0.0021299359358249465,-0.002755564736402182,0.0026031372524254466,0.0036913498386518316,0.003973322489629653,0.009732369036865819,0.0037397376453102388,-0.0010319876086507405,0.0026188905471693784,0.0016623525613339782,0.0005896804663815839,0.0005688330903760311,0.0004852039971187928,0.0027946911556445725,0.0033560476122168953,-0.0002094754845613743,0.002608939096285807,0.00034387664786627073,0.003925399098332752,0.004664097148670332,-0.0003134718865176223,-6.715813692335817e-5,0.0020617507670809346,0.0007872010927411682,0.0005724129306556272,0.0015829459810618816,-4.085426492352577e-5,0.003052390301995133,-0.0017335991310903351,-0.0006864248886878106,0.000969126726252644,-0.001921062081305689,-0.0009597821886206895,-0.001129100406980148,-0.0044730896416831775,0.00021842248699946326,-0.0011171456489335735,-0.0004981519513675723,-0.0021299359358249465,-0.0003134718865176223,0.00726415464988192,0.000814345354906724,0.0014284537416724748,0.0017230958081510413,-0.0011712469838718426,-0.002763503371587926,0.000157662585689716,0.000865618663506291,0.0027135204660277534,0.0020140144606788715,0.0020346007955350507,0.0034276457726374237,0.002601791222204999,-0.0002733025445526638,0.005869661068107862,0.005034088179736563,0.0049013082980385436,0.0007836025633827497,-0.002755564736402182,-6.715813692335817e-5,0.000814345354906724,0.007527547412302989,0.0010556817525275135,-0.002758878184268439,0.0013644860363150077,0.0013855019637055224,-0.00040782800707497705,-0.0006368696841525563,0.0022900918683264665,0.002341664464395882,0.0006074040748748343,0.0015768258544134135,0.00035990116512640754,0.0011919622032583314,0.004414002608073071,0.005487747646669089,0.002949873648110348,0.0005610747183305445,0.0026031372524254466,0.0020617507670809346,0.0014284537416724748,0.0010556817525275135,0.005761700062530042,0.0006329079848522388,0.0008087744310202981,0.0018746998552349658,0.0005736246338012539,0.0022672386486724443,-0.004076689030110867,-0.0011323374222581683,-0.0020510030100073483,-0.003463193916608349,-0.0018140108522566056,0.004176937736009669,-0.0016062141791432405,-0.0016421782300824507,-0.001665451299873134,0.00027671195453022105,0.0036913498386518316,0.0007872010927411682,0.0017230958081510413,-0.002758878184268439,0.0006329079848522388,0.015198307000597973,0.0002707853230342921,-0.00187433612199287,0.0015844357517345226,-0.001140767269250099,0.0033559750815595093,0.0008930295266893135,-0.000549037740442856,0.0026512369795287836,0.001021093464735781,0.0033481963405615637,0.007189216642900794,0.007845122846718774,0.0038630762035900008,0.0004991781966948965,0.003973322489629653,0.0005724129306556272,-0.0011712469838718426,0.0013644860363150077,0.0008087744310202981,0.0002707853230342921,0.008099348830374099,0.0026100053275324806,-0.0004893315188625989,0.0009580280842830437,0.004707990838431758,0.0036922146752957066,0.0010059565256020529,0.005417741815450648,0.0032783799787911468,0.008119771943796853,0.019335437068260075,0.004985798525376325,0.008476177897646424,0.002757140442129863,0.009732369036865819,0.0015829459810618816,-0.002763503371587926,0.0013855019637055224,0.0018746998552349658,-0.00187433612199287,0.0026100053275324806,0.017410245154975985,0.0025182953401886622,0.002733883242373401,-0.002413706305934459,0.0003184164888209846,-0.0021217983422066695,0.0006727209447842272,-0.0012263049168893345,0.0027987410545216485,0.005396199000038581,-0.0020638644895422135,0.0012536501253016911,0.0019247836727912684,0.0037397376453102388,-4.085426492352577e-5,0.000157662585689716,-0.00040782800707497705,0.0005736246338012539,0.0015844357517345226,-0.0004893315188625989,0.0025182953401886622,0.005007474238120192
