0.014484570615202336,0.002647935489476035,-0.0002132293651124418,0.0017335484189728839,-1.671658389959686e-5,-0.000297471887250738,-4.0200763426731406e-5,1.3191649263117871e-5,0.0016803326209595512,0.00034592361658858514,0.0008910875110816506,0.000372880848001842,0.0010011643829779782,0.0005977945702489152,0.0010824449376019506,0.00082802924339739,0.0005746717141192872,0.00017396736470875348,0.00209110239145156,8.582263335351475e-5,0.002647935489476035,0.011771612918997894,0.0003704924725725671,-0.00012786974505011795,0.001484969671952139,7.46567604199458e-5,0.0005405596778947817,-0.0001229849743250992,0.0023517796882348663,0.0035990775619142417,0.00020778445510390855,2.353291014935507e-5,-0.0005382569606639288,0.00022814035954716536,0.00017047243088261568,0.001517277175485123,0.0010550799867329107,-0.00016381076682295596,5.924261982638984e-5,-0.00047991392231173355,-0.0002132293651124418,0.0003704924725725671,0.0017201895483566008,0.0011525959125206955,0.00020612815135464242,4.814496273492617e-6,-2.3453077237045976e-5,0.0003887860982441077,0.0007150057123764232,0.0006362210882334036,0.00018566460350628048,-9.20351932442024e-5,9.606156409007141e-5,0.0005620709844801261,-0.00011285112135594498,0.00021108911166550212,0.0002823837207123859,0.00019527448701623106,0.0006394682514230819,0.0002225086919259256,0.0017335484189728839,-0.00012786974505011795,0.0011525959125206955,0.01596038711406592,0.0027061733258772645,0.001546644585492488,0.000162815964828247,0.001474376552033097,0.00547261730592718,0.0028201760920603483,0.00042341524358433604,2.105665729441189e-5,0.000771520229096751,0.0027284684301859107,-0.00018955608743072966,0.000631185857813507,0.0007914317746078009,0.00018608317820137372,0.003992436272708826,0.0008549438758268702,-1.671658389959686e-5,0.001484969671952139,0.00020612815135464242,0.0027061733258772645,0.018895490807430027,0.002066705969392764,0.000438052041513201,0.001572901602197409,0.00452050977465112,0.0025769848027820657,-0.00017929001110518516,0.0008984507146831882,0.0017048789893625831,0.0025048771088732103,0.0001112008862480093,0.0002844071541731031,0.00046546399011284176,-3.842413388261239e-5,0.0036821462075189155,0.0011160890081260552,-0.000297471887250738,7.46567604199458e-5,4.814496273492617e-6,0.001546644585492488,0.002066705969392764,0.003599943618868443,0.0005865329701876653,0.0005525505968221945,0.002403486900081942,0.00033069585240783425,0.0003302562641735412,0.00012033049427669556,0.0009802372888943144,0.0007242152891127494,0.00014234450109345523,0.0002730120341731149,0.0005524881368252539,0.0002889468064300392,0.0014575486514558826,0.0003163307233590871,-4.0200763426731406e-5,0.0005405596778947817,-2.3453077237045976e-5,0.000162815964828247,0.000438052041513201,0.0005865329701876653,0.0056916069117616715,0.0005220613424106986,0.002116835011330357,0.00015583648514963633,-0.0004177370054259153,0.00020891986162450822,0.0005192650653567112,0.00038038789929673917,0.000811835186348766,0.0005732806557051449,0.0008574979792955895,0.0011135836705490965,0.0014594411170544815,0.0003418112468129956,1.3191649263117871e-5,-0.0001229849743250992,0.0003887860982441077,0.001474376552033097,0.001572901602197409,0.0005525505968221945,0.0005220613424106986,0.002734569667325041,0.0015095366635934793,0.00027838615071529516,-0.0004977279695575297,0.0005789439820123286,0.0005538705687271367,0.0002421907427936484,0.0002170080354275882,0.00032080552605481046,0.00041693417767395377,0.0005901032165302551,0.0009588793962019278,0.0003587657488092578,0.0016803326209595512,0.0023517796882348663,0.0007150057123764232,0.00547261730592718,0.00452050977465112,0.002403486900081942,0.002116835011330357,0.0015095366635934793,0.03162190411983604,0.0037296811486021613,-0.0006123840169791948,0.0010726703389127429,-0.00022693754696091127,0.0017623793622479355,-3.9531039732027914e-5,0.001918942975796457,0.0030523298450254983,0.002257928055307271,0.004741424887002883,-0.00037218246566711596,0.00034592361658858514,0.0035990775619142417,0.0006362210882334036,0.0028201760920603483,0.0025769848027820657,0.00033069585240783425,0.00015583648514963633,0.00027838615071529516,0.0037296811486021613,0.018129202795078687,0.0011482211962413624,-0.00011122141506324512,-0.0003212803004216002,0.003353969750116592,0.0005468820268358771,0.00019129967552156861,0.0002963975562636903,0.0006046087762200229,0.0020752907190568527,0.0009665714601991795,0.0008910875110816506,0.00020778445510390855,0.00018566460350628048,0.00042341524358433604,-0.00017929001110518516,0.0003302562641735412,-0.0004177370054259153,-0.0004977279695575297,-0.0006123840169791948,0.0011482211962413624,0.0072310938603138255,-0.00025246344974302415,0.0007068385351682823,0.0013359099526547378,0.0008245650561648755,0.0006085358244809812,-0.00016713027518087877,-0.000598550761054533,0.0016582510745148677,3.726524253626073e-5,0.000372880848001842,2.353291014935507e-5,-9.20351932442024e-5,2.105665729441189e-5,0.0008984507146831882,0.00012033049427669556,0.00020891986162450822,0.0005789439820123286,0.0010726703389127429,-0.00011122141506324512,-0.00025246344974302415,0.003085517925418265,0.00014295616091791898,0.0009796813166769857,0.00012580231594225668,0.0007510880776097025,0.0004369214093170522,-0.00013762705244956,0.00035259098740642915,-0.00011137118853221455,0.0010011643829779782,-0.0005382569606639288,9.606156409007141e-5,0.000771520229096751,0.0017048789893625831,0.0009802372888943144,0.0005192650653567112,0.0005538705687271367,-0.00022693754696091127,-0.0003212803004216002,0.0007068385351682823,0.00014295616091791898,0.010042016943812036,0.0006248241895683755,0.00044083552151246526,0.0018658916299713326,9.90672260581705e-5,-0.00028325958323482524,0.002999258441189759,0.0009152968748093106,0.0005977945702489152,0.00022814035954716536,0.0005620709844801261,0.0027284684301859107,0.0025048771088732103,0.0007242152891127494,0.00038038789929673917,0.0002421907427936484,0.0017623793622479355,0.003353969750116592,0.0013359099526547378,0.0009796813166769857,0.0006248241895683755,0.015677263144386097,-0.000279927261513884,-0.00047437885139995126,-0.00010660862982541454,-7.275926604652104e-5,0.0008070152735619111,0.0003508228790636221,0.0010824449376019506,0.00017047243088261568,-0.00011285112135594498,-0.00018955608743072966,0.0001112008862480093,0.00014234450109345523,0.000811835186348766,0.0002170080354275882,-3.9531039732027914e-5,0.0005468820268358771,0.0008245650561648755,0.00012580231594225668,0.00044083552151246526,-0.000279927261513884,0.0031935440367791847,-0.000289936858115508,0.0003508542413862872,0.0004563740765607497,0.0017760388959535533,0.0002964583341496823,0.00082802924339739,0.001517277175485123,0.00021108911166550212,0.000631185857813507,0.0002844071541731031,0.0002730120341731149,0.0005732806557051449,0.00032080552605481046,0.001918942975796457,0.00019129967552156861,0.0006085358244809812,0.0007510880776097025,0.0018658916299713326,-0.00047437885139995126,-0.000289936858115508,0.011545100257143729,0.001201956861253757,0.00029478571407410897,-0.00016221984697123134,-0.00019203688610886562,0.0005746717141192872,0.0010550799867329107,0.0002823837207123859,0.0007914317746078009,0.00046546399011284176,0.0005524881368252539,0.0008574979792955895,0.00041693417767395377,0.0030523298450254983,0.0002963975562636903,-0.00016713027518087877,0.0004369214093170522,9.90672260581705e-5,-0.00010660862982541454,0.0003508542413862872,0.001201956861253757,0.0038666646709173587,0.00029022624610117924,0.0018044319636990281,2.1754068120281357e-5,0.00017396736470875348,-0.00016381076682295596,0.00019527448701623106,0.00018608317820137372,-3.842413388261239e-5,0.0002889468064300392,0.0011135836705490965,0.0005901032165302551,0.002257928055307271,0.0006046087762200229,-0.000598550761054533,-0.00013762705244956,-0.00028325958323482524,-7.275926604652104e-5,0.0004563740765607497,0.00029478571407410897,0.00029022624610117924,0.00811045165406167,-0.0008245907071735875,0.0001296136740260972,0.00209110239145156,5.924261982638984e-5,0.0006394682514230819,0.003992436272708826,0.0036821462075189155,0.0014575486514558826,0.0014594411170544815,0.0009588793962019278,0.004741424887002883,0.0020752907190568527,0.0016582510745148677,0.00035259098740642915,0.002999258441189759,0.0008070152735619111,0.0017760388959535533,-0.00016221984697123134,0.0018044319636990281,-0.0008245907071735875,0.029754237258864367,0.0007105911050795573,8.582263335351475e-5,-0.00047991392231173355,0.0002225086919259256,0.0008549438758268702,0.0011160890081260552,0.0003163307233590871,0.0003418112468129956,0.0003587657488092578,-0.00037218246566711596,0.0009665714601991795,3.726524253626073e-5,-0.00011137118853221455,0.0009152968748093106,0.0003508228790636221,0.0002964583341496823,-0.00019203688610886562,2.1754068120281357e-5,0.0001296136740260972,0.0007105911050795573,0.0026504452683818354
