0.06116025467997526,0.0014889183915684505,0.016226086291864325,0.009050170873307686,0.015942980838575482,0.006480939016455169,0.006123685234662838,0.0047644886844434246,0.009880305666153357,0.006171958431567763,0.028299260676234377,0.004412874011845388,0.008172003715055578,0.007739694598307918,0.02050340931819837,0.003972213102289238,0.005534945734461047,0.007231431073149618,0.007641669225645926,0.018394503800907867,0.0014889183915684505,0.0014232261385502623,0.0006315719053793732,8.583351123875747e-5,0.0004163084422211731,0.0009453786819112076,0.00037917693057501034,8.266788941403979e-5,4.144507024923782e-5,0.00027237014355396393,0.0006662019199120746,0.0005155932821767882,0.0005355029794462691,0.0013768863948489646,0.0013997442603223059,0.00048392781172739184,0.001243175109668923,0.0012832065233941681,0.00031484701977423633,0.002416377003760836,0.016226086291864325,0.0006315719053793732,0.02036668324840539,0.004563236033174345,0.006472978610773198,0.007516427632181624,0.0026987188325144655,0.0015700467684578974,0.0025592078487994283,0.004382227896224736,0.010881324785581598,0.0019928557681508727,0.00326167892293481,0.006548514322764196,0.007833616873363241,0.001897642316308453,0.006615719090381018,0.003061600365640024,0.0049881821290672515,0.011419244067195248,0.009050170873307686,8.583351123875747e-5,0.004563236033174345,0.008004607559851395,0.004072402567667839,0.0022747878046360504,0.0007209018189620086,0.0013412234831753286,0.003970456382699907,0.001144835361192436,0.004085903818559068,0.0009111093381688533,0.002211808685870591,0.003123662221566163,0.004911914429063309,0.0011007989642289207,0.004616821175480438,0.0033143449461014406,0.001933789494258186,0.0039367358842590065,0.015942980838575482,0.0004163084422211731,0.006472978610773198,0.004072402567667839,0.028996943731315304,0.004991113610568573,0.003753116656865978,0.001961022852644395,0.004097763089013726,0.0032619161463762454,0.015559403049420335,0.0021924770629736007,0.00473001478968139,0.008963034878571837,0.010664551666128614,0.001104036536751314,0.0010068423645128626,0.0038018582655821856,0.005457466695976281,0.012554265490962137,0.006480939016455169,0.0009453786819112076,0.007516427632181624,0.0022747878046360504,0.004991113610568573,0.02314245533470244,0.0033353933531358173,0.001168242962049832,0.004352815624588708,0.0040437410154686776,0.007764170392076286,0.004720159836660275,0.0029646304682035256,0.005190477905234981,0.004236555303281585,0.0008602012905458945,0.00880380305208174,0.004231033945823439,0.0049867329050977405,0.009142333844153753,0.006123685234662838,0.00037917693057501034,0.0026987188325144655,0.0007209018189620086,0.003753116656865978,0.0033353933531358173,0.003894469607957906,0.0005834866537827976,0.0026081433141388827,0.0014677367887647053,0.005758725042962283,0.0014508704285105417,0.0011889209282749992,0.002568025829066023,0.0034639285206764184,0.0006534805185289838,0.0007640719354012426,0.002316424987662916,0.0025131238887753727,0.003618691087805227,0.0047644886844434246,8.266788941403979e-5,0.0015700467684578974,0.0013412234831753286,0.001961022852644395,0.001168242962049832,0.0005834866537827976,0.0016758503224374997,0.0021801437726069774,0.0009619435093374336,0.003423865988553489,0.0015704190908656921,0.0013322073766462747,0.0010065972461211822,0.0027694446095418218,0.0007728303909611109,0.002100853655175803,0.0014326490994314577,0.0007184240082903676,0.0039032651110695975,0.009880305666153357,4.144507024923782e-5,0.0025592078487994283,0.003970456382699907,0.004097763089013726,0.004352815624588708,0.0026081433141388827,0.0021801437726069774,0.022494897426518824,0.0018781870329953414,0.00978586571404878,0.0047795598120073685,0.003546704368601523,0.0003803856450288036,0.0053599888999776085,0.001766934581637734,0.0012421127913981147,0.004337297928213527,0.003877102131594555,0.0031454438361377783,0.006171958431567763,0.00027237014355396393,0.004382227896224736,0.001144835361192436,0.0032619161463762454,0.0040437410154686776,0.0014677367887647053,0.0009619435093374336,0.0018781870329953414,0.004671370466133115,0.005106300138655317,0.0008830488335005619,0.0015043940471089095,0.002671802426880656,0.00321887785262995,0.0011472121998512136,0.003508990039739848,0.002120983052116393,0.0020436907294823945,0.005566127912804369,0.028299260676234377,0.0006662019199120746,0.010881324785581598,0.004085903818559068,0.015559403049420335,0.007764170392076286,0.005758725042962283,0.003423865988553489,0.00978586571404878,0.005106300138655317,0.04239469470645282,0.005295528983364332,0.005662635866800961,0.008208031264947986,0.01206828395135618,0.002652073102000958,0.0030698979869059192,0.005119417559137657,0.0068934781925921815,0.016670046781157938,0.004412874011845388,0.0005155932821767882,0.0019928557681508727,0.0009111093381688533,0.0021924770629736007,0.004720159836660275,0.0014508704285105417,0.0015704190908656921,0.0047795598120073685,0.0008830488335005619,0.005295528983364332,0.00997283622373904,0.002979254554445675,0.001992226136613136,0.003748008697616315,0.0005271905382551445,0.0025781768873487203,0.0024619061277927146,0.0018243993096467529,0.004176913400226043,0.008172003715055578,0.0005355029794462691,0.00326167892293481,0.002211808685870591,0.00473001478968139,0.0029646304682035256,0.0011889209282749992,0.0013322073766462747,0.003546704368601523,0.0015043940471089095,0.005662635866800961,0.002979254554445675,0.00477532324173291,0.0022668662785384703,0.004731769574781631,0.0008531537673071268,0.0025667668052623592,0.0022074531085493503,0.002246973652644263,0.005308972989866972,0.007739694598307918,0.0013768863948489646,0.006548514322764196,0.003123662221566163,0.008963034878571837,0.005190477905234981,0.002568025829066023,0.0010065972461211822,0.0003803856450288036,0.002671802426880656,0.008208031264947986,0.001992226136613136,0.0022668662785384703,0.023064777639735638,0.005624505083284017,0.0013330190151047926,0.004516018697914352,0.00494214295304549,0.003003466969833976,0.009830352271100368,0.02050340931819837,0.0013997442603223059,0.007833616873363241,0.004911914429063309,0.010664551666128614,0.004236555303281585,0.0034639285206764184,0.0027694446095418218,0.0053599888999776085,0.00321887785262995,0.01206828395135618,0.003748008697616315,0.004731769574781631,0.005624505083284017,0.02266685274115157,0.0023162411973651565,0.006186501543599857,0.005732422636535735,0.004474155276209709,0.011966448022935325,0.003972213102289238,0.00048392781172739184,0.001897642316308453,0.0011007989642289207,0.001104036536751314,0.0008602012905458945,0.0006534805185289838,0.0007728303909611109,0.001766934581637734,0.0011472121998512136,0.002652073102000958,0.0005271905382551445,0.0008531537673071268,0.0013330190151047926,0.0023162411973651565,0.0018578673905743773,0.00279457904193904,0.0012631396617398673,0.0006050287988376402,0.0038534664942608517,0.005534945734461047,0.001243175109668923,0.006615719090381018,0.004616821175480438,0.0010068423645128626,0.00880380305208174,0.0007640719354012426,0.002100853655175803,0.0012421127913981147,0.003508990039739848,0.0030698979869059192,0.0025781768873487203,0.0025667668052623592,0.004516018697914352,0.006186501543599857,0.00279457904193904,0.023101170392952352,0.0020453006884214786,1.36531945326514e-5,0.012567273791619368,0.007231431073149618,0.0012832065233941681,0.003061600365640024,0.0033143449461014406,0.0038018582655821856,0.004231033945823439,0.002316424987662916,0.0014326490994314577,0.004337297928213527,0.002120983052116393,0.005119417559137657,0.0024619061277927146,0.0022074531085493503,0.00494214295304549,0.005732422636535735,0.0012631396617398673,0.0020453006884214786,0.016938658919166412,0.0034885899342454703,0.0018768748713671691,0.007641669225645926,0.00031484701977423633,0.0049881821290672515,0.001933789494258186,0.005457466695976281,0.0049867329050977405,0.0025131238887753727,0.0007184240082903676,0.003877102131594555,0.0020436907294823945,0.0068934781925921815,0.0018243993096467529,0.002246973652644263,0.003003466969833976,0.004474155276209709,0.0006050287988376402,1.36531945326514e-5,0.0034885899342454703,0.0072919905414043406,0.0023652201059215687,0.018394503800907867,0.002416377003760836,0.011419244067195248,0.0039367358842590065,0.012554265490962137,0.009142333844153753,0.003618691087805227,0.0039032651110695975,0.0031454438361377783,0.005566127912804369,0.016670046781157938,0.004176913400226043,0.005308972989866972,0.009830352271100368,0.011966448022935325,0.0038534664942608517,0.012567273791619368,0.0018768748713671691,0.0023652201059215687,0.04343532394086594
0.03576088817541677,0.0017398837226730427,-0.005558370167376538,9.207663728352458e-7,-0.0025257085460935165,0.003625555909433918,0.000945346026357921,-0.0009303031864739684,0.00296872342546652,0.0033838683207369534,-0.0023289445397202376,-0.001579606604513247,0.0027732604830795387,-0.004007609993203501,-0.0011969079113431525,0.0028776217498400853,0.0026595055693894275,0.001746378270676812,0.004568561073343647,0.009847321010930301,0.0017398837226730427,0.0015964331640477363,0.0012152675775452685,0.0003912222338554643,0.0009927338049117416,-0.000396687601756107,0.0008345845254297398,0.00021242603595725832,0.003216041273342476,0.000464147007132478,0.0010907552915036,0.00011376349405822718,0.00043507058778755156,0.0003380164443421736,-0.0006102514332103194,6.042133292114112e-5,0.0011206959561631813,0.00034233113394770967,0.0010912918063327014,0.0010569756474191805,-0.005558370167376538,0.0012152675775452685,0.024323309480524195,0.0013745650691690881,0.005877855562106743,-0.004174686159980907,0.0028138514749864374,0.002201524752494899,0.007436548593302724,-0.00011143070106347304,0.005753868879316297,-0.0010052351793274296,-0.0014205397291143609,0.01007504895370085,-0.00524902545238594,-0.0010507959807568982,0.0005184130096109829,0.00033316937785201803,0.0018500423842530667,-0.006617231653895013,9.207663728352458e-7,0.0003912222338554643,0.0013745650691690881,0.006678006811658433,-0.00043347630927821027,0.0022734969233026217,0.0006204098311890548,0.000690828108599063,-0.0020999268495887264,-0.00016389375415745,0.002157699212650332,0.0030338858779616926,0.0006126272497914694,0.0023882645225780934,0.002342128272073597,0.0004111737501178832,-0.002897642126676245,0.001287014331492009,-0.0001149248441831249,-0.0006918714115473763,-0.0025257085460935165,0.0009927338049117416,0.005877855562106743,-0.00043347630927821027,0.028762799103742423,-0.0014608915694459105,0.0019368857775054343,-0.0005751002503622009,0.010756357196350822,0.0023576079918839294,0.005822333851450286,0.003001026131807902,-0.001582822336654726,0.001267848392930978,0.0016018073223461062,0.001158597597626559,0.006708121941346656,4.468232415710396e-5,0.0028446957230930736,0.003677351734113249,0.003625555909433918,-0.000396687601756107,-0.004174686159980907,0.0022734969233026217,-0.0014608915694459105,0.022696261239231606,0.00035125615894311517,0.001012861904985927,-0.009261893673804963,9.207602210779177e-5,-0.0008667610891060105,0.004983969303760734,0.0019606849215354485,0.0036005206532872163,0.0019311967407927297,0.0023337844117349337,-0.004660331015137737,-0.00031177754269727677,0.0008937697630807106,0.0004957063650722207,0.000945346026357921,0.0008345845254297398,0.0028138514749864374,0.0006204098311890548,0.0019368857775054343,0.00035125615894311517,0.0037245616612524572,0.0006886454114943102,0.0035632093514571927,8.909732661017828e-5,8.560423568703504e-5,0.0007958853218044525,0.0003757669993800356,0.0038543385041781,-0.002444742715236477,0.00046795532005101384,0.0006355336402195089,0.00032197569671102487,0.0018530796484649728,-0.001638429300684217,-0.0009303031864739684,0.00021242603595725832,0.002201524752494899,0.000690828108599063,-0.0005751002503622009,0.001012861904985927,0.0006886454114943102,0.0016050290204364336,-0.0009465149523486544,-0.0007471622221426766,0.0002058446272811303,0.0010510754448043145,0.0003658335347210696,0.0034050288084411517,-0.0013439170549987337,-0.00014069596025082399,-0.0015331205440542932,-0.000236739981220531,0.000720529709292033,-0.002264688345313545,0.00296872342546652,0.003216041273342476,0.007436548593302724,-0.0020999268495887264,0.010756357196350822,-0.009261893673804963,0.0035632093514571927,-0.0009465149523486544,0.03807787969242987,0.0046763825227964205,0.004693377929336899,-0.000977529119314491,-4.15122605393437e-5,0.0006324290553721735,-0.003409675081250437,-0.0013036135632995254,0.012719112736444875,0.005250876473444296,0.0019949847795792926,0.015478973499958198,0.0033838683207369534,0.000464147007132478,-0.00011143070106347304,-0.00016389375415745,0.0023576079918839294,9.207602210779177e-5,8.909732661017828e-5,-0.0007471622221426766,0.0046763825227964205,0.003950281194449575,0.00025147443907744846,-7.89770740443341e-5,0.00014478367063610578,1.3516245037159084e-5,-3.2892943015731715e-5,6.182347815634143e-5,0.002938170437948576,0.0017617914721251128,0.00030834562083098424,0.003582123684294878,-0.0023289445397202376,0.0010907552915036,0.005753868879316297,0.002157699212650332,0.005822333851450286,-0.0008667610891060105,8.560423568703504e-5,0.0002058446272811303,0.004693377929336899,0.00025147443907744846,0.031016720928008966,0.0022706298843384494,-0.002727219475812682,-0.0043583740210131495,0.006468281264157865,0.00033221126261162755,0.0028587700261804468,0.0069573806706047635,-0.0003263776547776323,0.005285315696310856,-0.001579606604513247,0.00011376349405822718,-0.0010052351793274296,0.0030338858779616926,0.003001026131807902,0.004983969303760734,0.0007958853218044525,0.0010510754448043145,-0.000977529119314491,-7.89770740443341e-5,0.0022706298843384494,0.012910469476582396,0.0008122731124172212,0.0009652264775190291,0.004811694279195791,0.0008396293447612778,-0.003059332759354896,0.0022523831371275413,-0.0015440938815791635,0.004909895262071881,0.0027732604830795387,0.00043507058778755156,-0.0014205397291143609,0.0006126272497914694,-0.001582822336654726,0.0019606849215354485,0.0003757669993800356,0.0003658335347210696,-4.15122605393437e-5,0.00014478367063610578,-0.002727219475812682,0.0008122731124172212,0.0031371843591139923,0.0018452380064928643,-0.0008386861361526984,0.0003205644643237205,0.00011206938683051566,-4.536380150034413e-5,0.00037652300764823515,-0.000492830562644741,-0.004007609993203501,0.0003380164443421736,0.01007504895370085,0.0023882645225780934,0.001267848392930978,0.0036005206532872163,0.0038543385041781,0.0034050288084411517,0.0006324290553721735,1.3516245037159084e-5,-0.0043583740210131495,0.0009652264775190291,0.0018452380064928643,0.03332516118532421,-0.005746465108089446,0.00026041568619877923,-0.003010389292483341,-0.004074953071796733,0.0046993890514991,-0.015816898346160443,-0.0011969079113431525,-0.0006102514332103194,-0.00524902545238594,0.002342128272073597,0.0016018073223461062,0.0019311967407927297,-0.002444742715236477,-0.0013439170549987337,-0.003409675081250437,-3.2892943015731715e-5,0.006468281264157865,0.004811694279195791,-0.0008386861361526984,-0.005746465108089446,0.022673274894760852,0.0012714689966039962,-0.000606553347292899,0.003271886090219487,-0.0012729406241596577,0.013591335401076387,0.0028776217498400853,6.042133292114112e-5,-0.0010507959807568982,0.0004111737501178832,0.001158597597626559,0.0023337844117349337,0.00046795532005101384,-0.00014069596025082399,-0.0013036135632995254,6.182347815634143e-5,0.00033221126261162755,0.0008396293447612778,0.0003205644643237205,0.00026041568619877923,0.0012714689966039962,0.0019457109696215439,-0.00015608101768412876,-0.0001266763138428504,0.0012456881183256668,0.00021166342933607476,0.0026595055693894275,0.0011206959561631813,0.0005184130096109829,-0.002897642126676245,0.006708121941346656,-0.004660331015137737,0.0006355336402195089,-0.0015331205440542932,0.012719112736444875,0.002938170437948576,0.0028587700261804468,-0.003059332759354896,0.00011206938683051566,-0.003010389292483341,-0.000606553347292899,-0.00015608101768412876,0.01624878212125639,0.0017517788348576304,0.00177184346613941,0.007199006130978245,0.001746378270676812,0.00034233113394770967,0.00033316937785201803,0.001287014331492009,4.468232415710396e-5,-0.00031177754269727677,0.00032197569671102487,-0.000236739981220531,0.005250876473444296,0.0017617914721251128,0.0069573806706047635,0.0022523831371275413,-4.536380150034413e-5,-0.004074953071796733,0.003271886090219487,-0.0001266763138428504,0.0017517788348576304,0.017290994062069305,-0.001566056617713758,0.007267391618122848,0.004568561073343647,0.0010912918063327014,0.0018500423842530667,-0.0001149248441831249,0.0028446957230930736,0.0008937697630807106,0.0018530796484649728,0.000720529709292033,0.0019949847795792926,0.00030834562083098424,-0.0003263776547776323,-0.0015440938815791635,0.00037652300764823515,0.0046993890514991,-0.0012729406241596577,0.0012456881183256668,0.00177184346613941,-0.001566056617713758,0.0071985012661333865,-2.973720875273568e-5,0.009847321010930301,0.0010569756474191805,-0.006617231653895013,-0.0006918714115473763,0.003677351734113249,0.0004957063650722207,-0.001638429300684217,-0.002264688345313545,0.015478973499958198,0.003582123684294878,0.005285315696310856,0.004909895262071881,-0.000492830562644741,-0.015816898346160443,0.013591335401076387,0.00021166342933607476,0.007199006130978245,0.007267391618122848,-2.973720875273568e-5,0.0566335228713966
0.03465762430772572,0.0007526845821187031,-0.0004370793627336924,0.0017602225453583439,0.00180191739934686,0.0031245351065385648,0.0009089830069674912,-0.0004788113111635387,-0.00128287165286109,-0.0007330769674503452,-0.006225422731150487,0.0004899386587543532,-0.0011189038643505582,0.0061308782781513355,-0.003866716937697819,-0.001808019358857152,0.002269736638005649,0.0010470031347486856,-0.004350108893364842,-0.004597769279105908,0.0007526845821187031,0.0024026107908098706,-0.0028628239203257605,0.0003207768140623395,0.004541264073809543,-0.0011038031093183948,-0.0005193438644202598,0.00034913287304467794,-0.0007095700713458196,0.0015779247262864696,-0.0008157470123649493,-4.5642777154939246e-5,-0.0002681882408046241,-0.0006277126239488224,-0.001832963815860152,-0.0009451501573346317,0.0003381952677056826,0.0003350096538721886,0.00047290566507554154,-0.0005543846408674641,-0.0004370793627336924,-0.0028628239203257605,0.020036194859319845,0.0018783268998086406,-0.005031418371697464,0.007779333429112986,0.0011271748005869495,0.0003874822579074135,0.003990151337727792,-0.0037298609442163928,0.0017114863939301525,-0.0018737110336020796,0.0015693382050199676,0.00033046709084330156,0.006862631630634677,0.0020765182757533853,-0.0004241885991449363,0.0059016920173829476,0.0009401494620523894,0.003883001186638724,0.0017602225453583439,0.0003207768140623395,0.0018783268998086406,0.008000043237853584,0.0006770711433799348,0.0027861506520328455,0.0016942686123441735,0.0006534355434200976,0.0013011222675105775,0.0003264989439710137,0.001769906597730655,-0.0016588076495549883,-0.0001604038561686955,-0.003259527432694592,0.00013054702210695668,-4.5845795851711836e-5,0.0015164894144635774,0.002964492672865127,-3.992394630769326e-5,0.002624523880720926,0.00180191739934686,0.004541264073809543,-0.005031418371697464,0.0006770711433799348,0.03940276877102153,-0.0035184917139407692,-0.0008647252888384232,0.001076516291139664,-0.0001986711886428189,0.005267952491801021,-0.005985802489865584,-0.0003381850166056578,-0.00023064340874677378,-0.005603167698284828,-0.011038133070742594,-0.002583160932503367,0.006464286573045937,0.012099538795982356,-0.0032511596109022697,0.007835378499915141,0.0031245351065385648,-0.0011038031093183948,0.007779333429112986,0.0027861506520328455,-0.0035184917139407692,0.023098334576182548,0.0013835544762751894,0.0010398835026174834,0.008303997220743736,-0.002927618145078084,0.0015180821682178368,-0.0037178822405445873,0.000797854064500819,0.005582128145401706,0.005644811014595404,0.0012441157369006417,0.0026850953131491344,0.006550635627983489,-0.0002227783490093206,0.006360464311098299,0.0009089830069674912,-0.0005193438644202598,0.0011271748005869495,0.0016942686123441735,-0.0008647252888384232,0.0013835544762751894,0.003097668776444307,0.0003966428671099848,-0.0009474877507040588,9.344211262614122e-5,-0.0004359134521444213,0.0001809677939645995,0.00019573395339857606,-0.0004655773231684279,0.0021820333947102756,0.00026194452075201476,0.001511497831309775,0.0009750083876236083,-0.0005785033654290889,0.0023236878635248346,-0.0004788113111635387,0.00034913287304467794,0.0003874822579074135,0.0006534355434200976,0.001076516291139664,0.0010398835026174834,0.0003966428671099848,0.0019075701192630087,-0.0014036200648578278,0.0010707202480186827,-0.0011445949980285618,-0.0025617861410551354,-0.00010865075023099464,-0.00036762495002094455,0.00045004945068781725,0.00011433381472915555,0.0011436439134358428,0.0025617516547407305,0.0009106649097115145,0.00162357506655768,-0.00128287165286109,-0.0007095700713458196,0.003990151337727792,0.0013011222675105775,-0.0001986711886428189,0.008303997220743736,-0.0009474877507040588,-0.0014036200648578278,0.01964406575675703,-0.00388284652517248,0.00495182244763093,-0.0007371791933213129,0.0011740280086370227,0.004704819972002458,0.0014584513736414309,0.000902926335026032,-0.000749581099518076,0.001042976599565257,0.00018089228778273464,0.0005166250205263356,-0.0007330769674503452,0.0015779247262864696,-0.0037298609442163928,0.0003264989439710137,0.005267952491801021,-0.002927618145078084,9.344211262614122e-5,0.0010707202480186827,-0.00388284652517248,0.004929841057430246,-0.00039407809752940216,-0.0001645534985436643,-0.0003903228587253754,-0.0016534640866127269,-0.0017696211339552435,-0.0008432012128360884,0.0016170538076437902,0.002209337948256204,0.0009325432190945297,0.0020035484591305825,-0.006225422731150487,-0.0008157470123649493,0.0017114863939301525,0.001769906597730655,-0.005985802489865584,0.0015180821682178368,-0.0004359134521444213,-0.0011445949980285618,0.00495182244763093,-0.00039407809752940216,0.038557502881374044,0.000554471324353163,0.0034520205124333203,0.0018386692566740492,0.008378918956975224,0.0022124103870454354,0.007043579525125185,0.0053523080625012456,0.0055254258582434004,0.0009361157199367391,0.0004899386587543532,-4.5642777154939246e-5,-0.0018737110336020796,-0.0016588076495549883,-0.0003381850166056578,-0.0037178822405445873,0.0001809677939645995,-0.0025617861410551354,-0.0007371791933213129,-0.0001645534985436643,0.000554471324353163,0.012390988688232065,-0.0006715611412693281,-0.00014719464530644637,0.0007574502615066614,-0.0003767814151753714,-0.002966473964162896,-0.005294284253662673,-0.002108324845958176,-0.0017982334205094,-0.0011189038643505582,-0.0002681882408046241,0.0015693382050199676,-0.0001604038561686955,-0.00023064340874677378,0.000797854064500819,0.00019573395339857606,-0.00010865075023099464,0.0011740280086370227,-0.0003903228587253754,0.0034520205124333203,-0.0006715611412693281,0.003571847598245494,0.0016895508299431764,0.0015680133586921576,0.0005745292143460798,0.0021001162195058384,0.0021899465518997237,0.0009940713174677127,0.000971133423555783,0.0061308782781513355,-0.0006277126239488224,0.00033046709084330156,-0.003259527432694592,-0.005603167698284828,0.005582128145401706,-0.0004655773231684279,-0.00036762495002094455,0.004704819972002458,-0.0016534640866127269,0.0018386692566740492,-0.00014719464530644637,0.0016895508299431764,0.024477312980286246,0.00028719836686988843,0.0008561239712117905,0.001384390527700264,0.0002879324750532454,-1.934088635633177e-5,0.001233287906281264,-0.003866716937697819,-0.001832963815860152,0.006862631630634677,0.00013054702210695668,-0.011038133070742594,0.005644811014595404,0.0021820333947102756,0.00045004945068781725,0.0014584513736414309,-0.0017696211339552435,0.008378918956975224,0.0007574502615066614,0.0015680133586921576,0.00028719836686988843,0.02574313569519122,0.001918906904763154,0.004645077719946243,0.004220225160168316,0.004493875526985165,0.0003391578220902771,-0.001808019358857152,-0.0009451501573346317,0.0020765182757533853,-4.5845795851711836e-5,-0.002583160932503367,0.0012441157369006417,0.00026194452075201476,0.00011433381472915555,0.000902926335026032,-0.0008432012128360884,0.0022124103870454354,-0.0003767814151753714,0.0005745292143460798,0.0008561239712117905,0.001918906904763154,0.0016755189493377345,0.00012110935481463841,3.377316686075006e-5,0.00032366271630052644,0.0004927987894314801,0.002269736638005649,0.0003381952677056826,-0.0004241885991449363,0.0015164894144635774,0.006464286573045937,0.0026850953131491344,0.001511497831309775,0.0011436439134358428,-0.000749581099518076,0.0016170538076437902,0.007043579525125185,-0.002966473964162896,0.0021001162195058384,0.001384390527700264,0.004645077719946243,0.00012110935481463841,0.019417929676309113,0.012169762538571445,0.0036005859457389463,0.007747397446743347,0.0010470031347486856,0.0003350096538721886,0.0059016920173829476,0.002964492672865127,0.012099538795982356,0.006550635627983489,0.0009750083876236083,0.0025617516547407305,0.001042976599565257,0.002209337948256204,0.0053523080625012456,-0.005294284253662673,0.0021899465518997237,0.0002879324750532454,0.004220225160168316,3.377316686075006e-5,0.012169762538571445,0.03062320894260375,0.004203206862428469,0.017123508185358446,-0.004350108893364842,0.00047290566507554154,0.0009401494620523894,-3.992394630769326e-5,-0.0032511596109022697,-0.0002227783490093206,-0.0005785033654290889,0.0009106649097115145,0.00018089228778273464,0.0009325432190945297,0.0055254258582434004,-0.002108324845958176,0.0009940713174677127,-1.934088635633177e-5,0.004493875526985165,0.00032366271630052644,0.0036005859457389463,0.004203206862428469,0.009478556448979802,0.00165207937721636,-0.004597769279105908,-0.0005543846408674641,0.003883001186638724,0.002624523880720926,0.007835378499915141,0.006360464311098299,0.0023236878635248346,0.00162357506655768,0.0005166250205263356,0.0020035484591305825,0.0009361157199367391,-0.0017982334205094,0.000971133423555783,0.001233287906281264,0.0003391578220902771,0.0004927987894314801,0.007747397446743347,0.017123508185358446,0.00165207937721636,0.037029645396112976
