0.004023309567518244,-4.0021602766400054e-5,-0.0003983407892915017,-0.0009061923334451368,0.0005479812341015399,-0.0003598530358948718,5.9686840955555136e-5,0.0001146827083629193,0.0009186250898574459,-0.00022260773275661276,0.00021923279395309606,-8.972991379741472e-5,-0.001335602957776068,0.0004661108299890848,1.8169799644510284e-5,0.0003358372257257626,-0.0001318963057264802,0.00012643354423606015,-9.23667667159799e-5,-0.00012306445802381325,-4.0021602766400054e-5,0.005536097115733228,0.0012882325695134662,0.00010684262491579677,0.0017826596690895266,0.0002868891584289938,2.708199807734415e-5,0.00022348391783671339,-2.225126094622892e-5,0.00020616864011561425,-0.00018021138866698976,-2.5570260193473715e-5,-0.00015243702572617965,0.0011971238928303492,0.0010413509529702142,0.0001490027818766285,-0.0007140850601759038,0.0006904193739147328,0.0005438566203218905,0.0002161742997306947,-0.0003983407892915017,0.0012882325695134662,0.02667788808686417,0.003279663349225585,0.005176828654319419,0.00253978006484065,0.0058948455230376385,0.0010383504521577578,-0.0010781727655655641,0.0016576428992460734,0.0006992858894676319,0.0007168560761711973,-4.8452840262531635e-5,0.0019562080611194247,0.002518275168715386,-0.0003646838135998991,0.0018155968454467268,0.0022469402776369024,0.0015258439968547075,0.0017338011786065645,-0.0009061923334451368,0.00010684262491579677,0.003279663349225585,0.03267207129386835,0.0015267323523385163,0.001294937769019491,-0.0026325920603034146,0.0012910628932334765,0.00200440971573645,0.0014322097972010324,-0.0002544352445376638,0.0029329614817451832,0.009384431356226613,0.0016877523138452456,0.0029014936072864136,5.0305058991687356e-5,0.0013590238102640629,0.002753179307190874,0.0024119183549288535,-0.000464975837809773,0.0005479812341015399,0.0017826596690895266,0.005176828654319419,0.0015267323523385163,0.021827093227534164,0.0017551537843824697,0.0015971635581924922,0.00021117938078696335,0.002309654960493306,0.0022221975576364786,4.52607064586038e-5,0.001809516742332053,-0.001636645421212288,0.0033376934486271694,0.00027894438111457343,0.0006761385710920926,-0.0002735118948899946,0.0015736750757588064,-0.0011583385079616793,0.0014678677970265922,-0.0003598530358948718,0.0002868891584289938,0.00253978006484065,0.001294937769019491,0.0017551537843824697,0.002900633806980658,0.0012653284605082915,-4.3453143171492185e-5,0.00022323863612578487,0.0007568955320432599,-0.00010545422894966974,0.0005708031887709228,0.00032638910665613863,0.00040552068961549517,0.0001107704803002363,7.482647877206913e-5,0.0013410279069298548,0.0006519937773719829,-0.00011335058008986055,0.0005518662721270991,5.9686840955555136e-5,2.708199807734415e-5,0.0058948455230376385,-0.0026325920603034146,0.0015971635581924922,0.0012653284605082915,0.015664108899997944,-8.23180158750895e-5,-0.0025458376360795822,0.0004193029180986292,0.0012814919957766869,-0.001918381773546631,-0.0020100236785342367,-3.6665983552133796e-5,0.0005788914070085563,4.9139600142396856e-5,0.0007465697941572313,0.0006722036339398091,0.0015055685374672076,0.0010990588449056953,0.0001146827083629193,0.00022348391783671339,0.0010383504521577578,0.0012910628932334765,0.00021117938078696335,-4.3453143171492185e-5,-8.23180158750895e-5,0.0017232460394413333,0.0010131360656536964,-3.584761275439634e-5,0.0002446612494788832,0.00022806162222647634,0.0002612670740932669,0.0004892981082786377,0.0008819338533903592,-0.00011534706400562403,-4.0370642239712354e-5,0.00021329900594944826,0.00029406811103424883,0.00028688524413293117,0.0009186250898574459,-2.225126094622892e-5,-0.0010781727655655641,0.00200440971573645,0.002309654960493306,0.00022323863612578487,-0.0025458376360795822,0.0010131360656536964,0.020433819123678858,-0.00020842926163278894,-0.00040109976718867406,0.0023286319151012815,-8.605304105494269e-6,0.0027415381335340275,-0.0017210268717806152,8.182081741784638e-5,0.0006283230685810051,0.00011492023042603266,7.428461770779729e-5,0.0013332415564449886,-0.00022260773275661276,0.00020616864011561425,0.0016576428992460734,0.0014322097972010324,0.0022221975576364786,0.0007568955320432599,0.0004193029180986292,-3.584761275439634e-5,-0.00020842926163278894,0.0018238927501911043,-0.00013778935454746604,0.001307242717612857,-0.0001859601529167793,0.0004191098100902398,0.0001051727553204142,0.00010593531393722029,0.0003486768261821067,0.0005035464924986435,0.0003123038445832821,0.0005820871277276967,0.00021923279395309606,-0.00018021138866698976,0.0006992858894676319,-0.0002544352445376638,4.52607064586038e-5,-0.00010545422894966974,0.0012814919957766869,0.0002446612494788832,-0.00040109976718867406,-0.00013778935454746604,0.0026096536076385193,-0.0016033688068196276,-0.0004823837615844361,-0.00011876492105292073,0.0008989740874423444,-0.0005290239538439311,0.0002199040391947889,-0.0007911570661995222,0.0010700911453606458,-2.8086700160421186e-5,-8.972991379741472e-5,-2.5570260193473715e-5,0.0007168560761711973,0.0029329614817451832,0.001809516742332053,0.0005708031887709228,-0.001918381773546631,0.00022806162222647634,0.0023286319151012815,0.001307242717612857,-0.0016033688068196276,0.008957502395278153,0.0019828537406973955,0.00022173981632564717,-0.0007916782550234273,0.0003736889750218267,0.0005697363418130999,0.002201204222948891,1.900154990249771e-5,0.00021525850819619074,-0.001335602957776068,-0.00015243702572617965,-4.8452840262531635e-5,0.009384431356226613,-0.001636645421212288,0.00032638910665613863,-0.0020100236785342367,0.0002612670740932669,-8.605304105494269e-6,-0.0001859601529167793,-0.0004823837615844361,0.0019828537406973955,0.02336252542476788,-0.0005817131757655525,-0.0009283442693675864,0.0001121610457823311,0.00021554278701818352,-0.0004999677162051653,0.0020969896731723955,-0.0006415462159102671,0.0004661108299890848,0.0011971238928303492,0.0019562080611194247,0.0016877523138452456,0.0033376934486271694,0.00040552068961549517,-3.6665983552133796e-5,0.0004892981082786377,0.0027415381335340275,0.0004191098100902398,-0.00011876492105292073,0.00022173981632564717,-0.0005817131757655525,0.00968071570969983,0.00014233421168481598,-0.000448506452640031,7.808617971573367e-5,0.0006125097790502887,0.0016758942229919507,0.0004972150050690106,1.8169799644510284e-5,0.0010413509529702142,0.002518275168715386,0.0029014936072864136,0.00027894438111457343,0.0001107704803002363,0.0005788914070085563,0.0008819338533903592,-0.0017210268717806152,0.0001051727553204142,0.0008989740874423444,-0.0007916782550234273,-0.0009283442693675864,0.00014233421168481598,0.005593506686862716,-0.0007515906821534849,0.00025888616991336013,0.0006708859016057759,0.001291814584389515,-0.0002269724702509613,0.0003358372257257626,0.0001490027818766285,-0.0003646838135998991,5.0305058991687356e-5,0.0006761385710920926,7.482647877206913e-5,4.9139600142396856e-5,-0.00011534706400562403,8.182081741784638e-5,0.00010593531393722029,-0.0005290239538439311,0.0003736889750218267,0.0001121610457823311,-0.000448506452640031,-0.0007515906821534849,0.0013703291948895188,-0.00016591334513405166,0.00021752473428856704,-0.00031375366636174525,0.00017323711570084135,-0.0001318963057264802,-0.0007140850601759038,0.0018155968454467268,0.0013590238102640629,-0.0002735118948899946,0.0013410279069298548,0.0007465697941572313,-4.0370642239712354e-5,0.0006283230685810051,0.0003486768261821067,0.0002199040391947889,0.0005697363418130999,0.00021554278701818352,7.808617971573367e-5,0.00025888616991336013,-0.00016591334513405166,0.003652146836848723,-0.00010899327811486922,9.717607933173692e-5,0.00015653946675483788,0.00012643354423606015,0.0006904193739147328,0.0022469402776369024,0.002753179307190874,0.0015736750757588064,0.0006519937773719829,0.0006722036339398091,0.00021329900594944826,0.00011492023042603266,0.0005035464924986435,-0.0007911570661995222,0.002201204222948891,-0.0004999677162051653,0.0006125097790502887,0.0006708859016057759,0.00021752473428856704,-0.00010899327811486922,0.004887524988146944,-0.0007464802828017218,0.00021179670563815564,-9.23667667159799e-5,0.0005438566203218905,0.0015258439968547075,0.0024119183549288535,-0.0011583385079616793,-0.00011335058008986055,0.0015055685374672076,0.00029406811103424883,7.428461770779729e-5,0.0003123038445832821,0.0010700911453606458,1.900154990249771e-5,0.0020969896731723955,0.0016758942229919507,0.001291814584389515,-0.00031375366636174525,9.717607933173692e-5,-0.0007464802828017218,0.011035544127013675,0.0002017684866603932,-0.00012306445802381325,0.0002161742997306947,0.0017338011786065645,-0.000464975837809773,0.0014678677970265922,0.0005518662721270991,0.0010990588449056953,0.00028688524413293117,0.0013332415564449886,0.0005820871277276967,-2.8086700160421186e-5,0.00021525850819619074,-0.0006415462159102671,0.0004972150050690106,-0.0002269724702509613,0.00017323711570084135,0.00015653946675483788,0.00021179670563815564,0.0002017684866603932,0.0029412548565696936
0.004854143142646076,0.0003068902618029942,0.0005425323527824648,-0.0003320814475085813,-0.000286425166995758,0.0004941358096109999,4.2840537377971795e-5,0.00020635730701293743,-0.0008785568747135454,-4.167565865392239e-5,0.00036168154216265546,0.00045037947637962834,-9.201348205565757e-5,0.001974987596696375,-0.00011062231599511324,-0.00033931593664368977,-6.836684151979184e-5,0.0007217136893634648,-0.00030700651369552846,9.888711743767833e-5,0.0003068902618029942,0.005083892567346357,-0.0007604399848633172,-0.0019901529198826256,0.00036210708080940265,-3.334243130462207e-5,0.0015010613685839586,0.0005290019344025862,0.002268795252318328,0.0005129988783451376,3.7044699778354884e-5,0.0008032002415336567,0.0005256442604968753,0.00034634905523313266,0.0005013191147261232,6.0339571930567894e-5,-0.0002312846498902319,0.0008961433369066196,0.0002128746712783825,-0.0002551632108098893,0.0005425323527824648,-0.0007604399848633172,0.023661483546174204,-0.00026444872847994035,-0.0023733185608180033,0.0007965197854846577,-0.003079715977431386,0.0001278686866775213,0.005104604018337719,0.0003710420239293659,0.000402223002211904,0.00024972706458223706,0.005011173088855883,0.002977047274993927,0.001216470682702637,0.0008185446904600918,0.0017266580654597546,0.0011415724346518854,0.003638650326318013,0.00143857441820673,-0.0003320814475085813,-0.0019901529198826256,-0.00026444872847994035,0.02709557440289506,0.0038060622440359393,0.0004606693738324599,-0.0003912938465089461,-0.0009037671579773835,0.000765889865708673,-0.0007439155972975033,-0.00017664682884493298,0.0012519239651329367,-0.0004650308101391634,0.0013736883338805808,0.0017582544629254385,0.001020118784229879,0.0017083017576816901,-0.0027792066019260726,0.00018863329818453127,0.0008764218878031435,-0.000286425166995758,0.00036210708080940265,-0.0023733185608180033,0.0038060622440359393,0.020609718103514356,0.000778809197899982,0.002006943444317019,0.0008881175529368384,9.916620320287071e-5,-0.0003037991918552656,4.53973175570083e-5,0.0015396898379698063,0.002373431270816513,-0.000220924914765552,0.0010751495616719566,-0.00023245145644778495,0.0007225371220348327,-3.0779581791178206e-5,0.0013096407333828184,-0.00022066210149428498,0.0004941358096109999,-3.334243130462207e-5,0.0007965197854846577,0.0004606693738324599,0.000778809197899982,0.001960019396764134,9.621759663107197e-5,0.00021250726637930635,0.000516079925917765,-5.304766763135799e-5,0.00026238840143515314,0.00039982475316814397,0.001060098465915614,0.0002794517184496713,0.0003120288851692545,5.72871001833426e-5,0.00029428542725902886,0.00021495991916443228,0.0008519414383542135,0.00021964473295217233,4.2840537377971795e-5,0.0015010613685839586,-0.003079715977431386,-0.0003912938465089461,0.002006943444317019,9.621759663107197e-5,0.014666112787781562,-0.0006567929227225832,0.00043467881254662094,0.00034066223380105115,-1.1239404105976416e-5,0.0004743453946316406,0.000503309491640768,0.0014884111999276142,0.0010978204057413314,0.0003671304274382373,-0.0003526036813061838,0.0009286673310932461,0.0008930903579134205,-0.0004509614441434967,0.00020635730701293743,0.0005290019344025862,0.0001278686866775213,-0.0009037671579773835,0.0008881175529368384,0.00021250726637930635,-0.0006567929227225832,0.0017890942024367234,0.00030301197631959874,0.0003592339241527432,0.0001355051584875175,0.0001679018220992953,-0.000592530587518006,0.0002745824080974104,-0.0001234084267843755,1.5243595744863634e-5,-5.05335143345845e-5,0.00018876465723788901,0.0007089571750642974,0.00010443356911154315,-0.0008785568747135454,0.002268795252318328,0.005104604018337719,0.000765889865708673,9.916620320287071e-5,0.000516079925917765,0.00043467881254662094,0.00030301197631959874,0.01832616191483123,0.0011942008920073984,-9.782715312682773e-6,0.0010195386816420678,0.00482959120777115,0.0005047486413932061,0.0029134004068251734,0.0014295194486563492,0.0013406168437331179,-0.00011684562308912443,1.413666346191139e-5,0.0002471067903240472,-4.167565865392239e-5,0.0005129988783451376,0.0003710420239293659,-0.0007439155972975033,-0.0003037991918552656,-5.304766763135799e-5,0.00034066223380105115,0.0003592339241527432,0.0011942008920073984,0.0019539714415487516,2.372316403033823e-5,-1.262579405275309e-5,0.0003667348038259412,0.0007088387397484878,0.00030983584492505544,0.0004130487379424179,5.3743455068581244e-5,0.00037534806512459464,8.013854722890704e-5,-0.00012851528862887877,0.00036168154216265546,3.7044699778354884e-5,0.000402223002211904,-0.00017664682884493298,4.53973175570083e-5,0.00026238840143515314,-1.1239404105976416e-5,0.0001355051584875175,-9.782715312682773e-6,2.372316403033823e-5,0.0020296244212624206,0.0003468156113899582,-0.0001522148345587085,0.0003230277413790213,4.9698688256705125e-5,0.00016331376724486784,-0.00018638457457913308,0.00018068028511212026,-2.3125007739052e-5,0.0005117030680606345,0.00045037947637962834,0.0008032002415336567,0.00024972706458223706,0.0012519239651329367,0.0015396898379698063,0.00039982475316814397,0.0004743453946316406,0.0001679018220992953,0.0010195386816420678,-1.262579405275309e-5,0.0003468156113899582,0.006951591179747769,0.002420424537750862,0.001026048002359216,0.0011378913461155887,3.6891930504743485e-5,0.00031332737003403414,9.092439373494065e-5,0.0012836239829039444,0.00030087531329454795,-9.201348205565757e-5,0.0005256442604968753,0.005011173088855883,-0.0004650308101391634,0.002373431270816513,0.001060098465915614,0.000503309491640768,-0.000592530587518006,0.00482959120777115,0.0003667348038259412,-0.0001522148345587085,0.002420424537750862,0.030062935180112434,0.0014195669220686254,0.0025709633606013594,0.0009567623780627375,0.002318650562912897,0.0029653390139317793,0.00496513428537574,0.00012279655922912603,0.001974987596696375,0.00034634905523313266,0.002977047274993927,0.0013736883338805808,-0.000220924914765552,0.0002794517184496713,0.0014884111999276142,0.0002745824080974104,0.0005047486413932061,0.0007088387397484878,0.0003230277413790213,0.001026048002359216,0.0014195669220686254,0.012289398853174626,0.0006895576358759133,0.0009641241930482625,0.0003557577154981503,0.001829438294080618,0.002087566981844838,0.0011657563217537053,-0.00011062231599511324,0.0005013191147261232,0.001216470682702637,0.0017582544629254385,0.0010751495616719566,0.0003120288851692545,0.0010978204057413314,-0.0001234084267843755,0.0029134004068251734,0.00030983584492505544,4.9698688256705125e-5,0.0011378913461155887,0.0025709633606013594,0.0006895576358759133,0.004886643743166106,0.00048065151381278,0.0009079802493935287,-9.064206259126879e-5,0.0009475574408919333,-0.00012913608400887754,-0.00033931593664368977,6.0339571930567894e-5,0.0008185446904600918,0.001020118784229879,-0.00023245145644778495,5.72871001833426e-5,0.0003671304274382373,1.5243595744863634e-5,0.0014295194486563492,0.0004130487379424179,0.00016331376724486784,3.6891930504743485e-5,0.0009567623780627375,0.0009641241930482625,0.00048065151381278,0.0015979950380868315,-3.79873594133306e-5,0.00021027245399365843,0.0008004563093044028,0.00020299114075441997,-6.836684151979184e-5,-0.0002312846498902319,0.0017266580654597546,0.0017083017576816901,0.0007225371220348327,0.00029428542725902886,-0.0003526036813061838,-5.05335143345845e-5,0.0013406168437331179,5.3743455068581244e-5,-0.00018638457457913308,0.00031332737003403414,0.002318650562912897,0.0003557577154981503,0.0009079802493935287,-3.79873594133306e-5,0.0017957228101014952,8.093846710761744e-5,-0.00012559564760262606,-2.5177873140553436e-5,0.0007217136893634648,0.0008961433369066196,0.0011415724346518854,-0.0027792066019260726,-3.0779581791178206e-5,0.00021495991916443228,0.0009286673310932461,0.00018876465723788901,-0.00011684562308912443,0.00037534806512459464,0.00018068028511212026,9.092439373494065e-5,0.0029653390139317793,0.001829438294080618,-9.064206259126879e-5,0.00021027245399365843,8.093846710761744e-5,0.005659200101913401,0.002149832911634804,0.0001165229173686151,-0.00030700651369552846,0.0002128746712783825,0.003638650326318013,0.00018863329818453127,0.0013096407333828184,0.0008519414383542135,0.0008930903579134205,0.0007089571750642974,1.413666346191139e-5,8.013854722890704e-5,-2.3125007739052e-5,0.0012836239829039444,0.00496513428537574,0.002087566981844838,0.0009475574408919333,0.0008004563093044028,-0.00012559564760262606,0.002149832911634804,0.013309830001414254,0.00033638607290840727,9.888711743767833e-5,-0.0002551632108098893,0.00143857441820673,0.0008764218878031435,-0.00022066210149428498,0.00021964473295217233,-0.0004509614441434967,0.00010443356911154315,0.0002471067903240472,-0.00012851528862887877,0.0005117030680606345,0.00030087531329454795,0.00012279655922912603,0.0011657563217537053,-0.00012913608400887754,0.00020299114075441997,-2.5177873140553436e-5,0.0001165229173686151,0.00033638607290840727,0.002565835189602974
