0.0076527511998416365,0.000979366000000442,0.006691855722117225,-0.0022958168171975284,-0.0030873900155280283,-0.0005281107701933963,0.002824633952146843,0.001410116201369869,0.0004537326296489836,0.00035099688174465105,0.0004936479561115955,0.0026418154298665664,0.004212453456944095,0.002104843538094762,-0.0011459626336582508,0.0006254407049824154,-0.0006969178170464047,0.002742989920020534,-0.0021450325135807125,0.0011600838151539167,0.000979366000000442,0.008886734908006884,0.0003054272404420141,-0.003828811618786088,0.0007669836001632113,-0.0005937938311433073,0.003602852902633363,-0.00011047265775806878,-0.006994126204178004,-0.0018389031710399897,0.0021654889864744773,0.001932463819012876,0.006873978668606222,0.0011631662697568664,-0.0023605010266563474,0.00019748825779518158,-0.0005252775571954094,0.004875068991352097,0.0009944958319607232,-0.0014541254801067839,0.006691855722117225,0.0003054272404420141,0.0478472669232136,-0.0005287498105571173,-0.007739174500488403,0.0004308017496957026,-0.004722973216846609,0.004813175210541457,-0.0008568481425178128,0.003887130420264852,0.0005727624087906199,0.005952265049148135,0.007921776900830811,-0.003802537309963926,0.0006639913304612973,0.0012285518944488557,-0.0003820634111963498,-0.002627713841092659,0.001746330831692267,0.0013313820224017231,-0.0022958168171975284,-0.003828811618786088,-0.0005287498105571173,0.062295849373674377,-0.0165356534054567,0.005803837637816075,-0.0091417368412289,-0.0017557031826322504,0.022441300746599432,0.009277331389018602,-0.004644319260119201,-0.003071277869806508,0.006705379210414898,0.00015276858508073374,0.011496812362976935,0.0028106142257757548,0.0030891885171592313,-0.003226963983600413,0.0012907424943932118,-0.0012177253042263457,-0.0030873900155280283,0.0007669836001632113,-0.007739174500488403,-0.0165356534054567,0.031384162374847445,-0.0002398311418290164,0.005181006783985002,-0.0006659059378005376,-0.0021556052218755324,-0.0034305416821865872,0.0015597362658956188,0.0007835459425673762,-0.005920260797906232,0.0010576517155347137,-0.0035028373791907595,-0.0014160242774470565,0.00048039017328400105,-0.001699322916076077,0.003242646615549084,0.00033472239940304224,-0.0005281107701933963,-0.0005937938311433073,0.0004308017496957026,0.005803837637816075,-0.0002398311418290164,0.004539878880573621,-0.0028202255866449843,0.00014002809345990008,0.0050453209567462385,0.0014075267525923644,0.0007211799090063538,0.0004271446452346199,0.0023791806070673337,-0.003010232055195832,0.001599025795529369,9.732891232547384e-5,0.00112817218959587,-0.0014869695989828359,-0.0003422528478715551,0.0007208371275039191,0.002824633952146843,0.003602852902633363,-0.004722973216846609,-0.0091417368412289,0.005181006783985002,-0.0028202255866449843,0.027672086727777698,0.00135069929128096,-0.007125663042426282,-0.0023359244486553677,0.0022712949012944116,0.005298845634035221,0.005064290527624317,0.0074424843460107115,0.0009500215193468999,-0.00015426768853230778,-0.0011225184438831072,0.0102426443195068,-0.00014309223523519866,-0.0015123512569942862,0.001410116201369869,-0.00011047265775806878,0.004813175210541457,-0.0017557031826322504,-0.0006659059378005376,0.00014002809345990008,0.00135069929128096,0.002565290683547786,-0.0003678384144675375,0.000432172491743646,0.00019904806429586302,0.001052230163143654,-0.0011157513526360548,0.00013032200969872798,0.0007798947558385041,-0.00021976160987901704,-0.00025678369909859456,-0.00011729894626487413,-0.0006336559891998324,0.0004986779530094142,0.0004537326296489836,-0.006994126204178004,-0.0008568481425178128,0.022441300746599432,-0.0021556052218755324,0.0050453209567462385,-0.007125663042426282,-0.0003678384144675375,0.042708696062032814,0.007962977347742053,-0.0057119023684267635,-0.0010181893194709975,-0.0017691746379299754,-0.004481973228091582,0.004268398357081243,0.0023653589606553657,0.001943763197157317,-0.010565209051402489,-0.0035770531273417866,0.003361019963139318,0.00035099688174465105,-0.0018389031710399897,0.003887130420264852,0.009277331389018602,-0.0034305416821865872,0.0014075267525923644,-0.0023359244486553677,0.000432172491743646,0.007962977347742053,0.004468604363977321,-0.0012853760758822076,-0.0001619162864082346,0.0006182617460559434,-0.000618485919889589,0.002726265402755669,0.0008518836182948229,0.0005729459520792394,-0.002570882620526196,-0.00043581126909487695,0.0006342976930761322,0.0004936479561115955,0.0021654889864744773,0.0005727624087906199,-0.004644319260119201,0.0015597362658956188,0.0007211799090063538,0.0022712949012944116,0.00019904806429586302,-0.0057119023684267635,-0.0012853760758822076,0.005131091322378577,0.0023932723194390344,0.005804833396206367,0.002193746938042458,2.5562285210275838e-5,0.00020849970558671393,0.00015798727746341992,0.003302525489673161,0.0004771417850563057,0.0005097863740392565,0.0026418154298665664,0.001932463819012876,0.005952265049148135,-0.003071277869806508,0.0007835459425673762,0.0004271446452346199,0.005298845634035221,0.001052230163143654,-0.0010181893194709975,-0.0001619162864082346,0.0023932723194390344,0.010937842829682047,0.008640935272146606,0.0028191519476618637,-0.00019970741688162203,0.0010172971760469877,9.2336280537856e-5,0.0048008262423173366,-0.00038565236237240135,0.00026978711010687556,0.004212453456944095,0.006873978668606222,0.007921776900830811,0.006705379210414898,-0.005920260797906232,0.0023791806070673337,0.005064290527624317,-0.0011157513526360548,-0.0017691746379299754,0.0006182617460559434,0.005804833396206367,0.008640935272146606,0.0482305918642296,0.0012016203295071698,-0.001345769534921272,0.002085872625625148,0.0008914200841430319,0.01006219844963571,-0.0035778512994911063,-0.0006277426647156823,0.002104843538094762,0.0011631662697568664,-0.003802537309963926,0.00015276858508073374,0.0010576517155347137,-0.003010232055195832,0.0074424843460107115,0.00013032200969872798,-0.004481973228091582,-0.000618485919889589,0.002193746938042458,0.0028191519476618637,0.0012016203295071698,0.0182904361041434,0.0010187113718339792,0.0009901840068247158,-0.00022850829929992823,0.008111612747638365,0.0005021845033207806,0.00024009615844610587,-0.0011459626336582508,-0.0023605010266563474,0.0006639913304612973,0.011496812362976935,-0.0035028373791907595,0.001599025795529369,0.0009500215193468999,0.0007798947558385041,0.004268398357081243,0.002726265402755669,2.5562285210275838e-5,-0.00019970741688162203,-0.001345769534921272,0.0010187113718339792,0.008793957519149945,0.00018206732156392388,0.001118961957054606,-0.0008222902009093778,0.0012689161931035361,-0.0006799032720132027,0.0006254407049824154,0.00019748825779518158,0.0012285518944488557,0.0028106142257757548,-0.0014160242774470565,9.732891232547384e-5,-0.00015426768853230778,-0.00021976160987901704,0.0023653589606553657,0.0008518836182948229,0.00020849970558671393,0.0010172971760469877,0.002085872625625148,0.0009901840068247158,0.00018206732156392388,0.00208435377543702,-0.00018843830144940054,-0.0003084972894942037,-0.00026644529646747885,0.00044301305499611787,-0.0006969178170464047,-0.0005252775571954094,-0.0003820634111963498,0.0030891885171592313,0.00048039017328400105,0.00112817218959587,-0.0011225184438831072,-0.00025678369909859456,0.001943763197157317,0.0005729459520792394,0.00015798727746341992,9.2336280537856e-5,0.0008914200841430319,-0.00022850829929992823,0.001118961957054606,-0.00018843830144940054,0.0014987083551085342,-4.025044037934149e-5,0.0003192010919159814,-0.00015531359532796848,0.002742989920020534,0.004875068991352097,-0.002627713841092659,-0.003226963983600413,-0.001699322916076077,-0.0014869695989828359,0.0102426443195068,-0.00011729894626487413,-0.010565209051402489,-0.002570882620526196,0.003302525489673161,0.0048008262423173366,0.01006219844963571,0.008111612747638365,-0.0008222902009093778,-0.0003084972894942037,-4.025044037934149e-5,0.014379611161832059,-0.0012984308463323698,-0.0009931712823798892,-0.0021450325135807125,0.0009944958319607232,0.001746330831692267,0.0012907424943932118,0.003242646615549084,-0.0003422528478715551,-0.00014309223523519866,-0.0006336559891998324,-0.0035770531273417866,-0.00043581126909487695,0.0004771417850563057,-0.00038565236237240135,-0.0035778512994911063,0.0005021845033207806,0.0012689161931035361,-0.00026644529646747885,0.0003192010919159814,-0.0012984308463323698,0.012856961124342845,-0.0013440354371129673,0.0011600838151539167,-0.0014541254801067839,0.0013313820224017231,-0.0012177253042263457,0.00033472239940304224,0.0007208371275039191,-0.0015123512569942862,0.0004986779530094142,0.003361019963139318,0.0006342976930761322,0.0005097863740392565,0.00026978711010687556,-0.0006277426647156823,0.00024009615844610587,-0.0006799032720132027,0.00044301305499611787,-0.00015531359532796848,-0.0009931712823798892,-0.0013440354371129673,0.0040588907491709665
0.00772272742778305,-0.0013718695060717693,-0.002594275745967545,-0.004488916287042238,-0.002986098780163329,0.0004430282334325526,0.0011073837789857526,-0.0008275015505710344,0.0006591389247774758,-0.0007276221660360877,0.002243257817923612,-0.0013899360860073003,-0.0015856929710206706,0.002212584071214061,-0.00018819410048115446,0.0003756598663147937,-0.0009558940296677045,0.0003795523887956229,0.000755516293317712,-0.0005465750959033904,-0.0013718695060717693,0.0072867922888411344,0.002794095970272892,0.0006221570840177783,0.0015918854936124382,0.0016040987050228441,0.0018309093751027513,0.0006662345575209317,-0.0017787692075557967,0.000617323709115082,0.00012840987251617838,0.00031227280781449265,-0.000650322811249347,0.00021093612749565705,0.0019633966330454247,-0.00047812491409047006,0.00028493503669362546,0.0009048943213643009,-0.0010907882424809447,0.0020272993603256293,-0.002594275745967545,0.002794095970272892,0.027798105024451403,0.0038271375712680394,0.008535906888466617,0.0002094096289679448,-0.0026407917035358363,0.001023034701326861,0.0005819401256860592,-0.0011406865872078235,-0.0007384422695232169,-0.004506360068415153,0.0024572852734355086,0.0031345086854470197,0.0019139330790783676,0.0026491245175632805,0.000345016995117455,0.0009453285070444373,0.002639795029641639,0.0024484930838056668,-0.004488916287042238,0.0006221570840177783,0.0038271375712680394,0.05518336252673217,0.011243506947251538,-0.0015830356829725934,-0.008228472917356075,-0.004010255904594841,0.005029433309251543,0.0028921017404705115,0.0030271117404630545,-0.0018542203458626794,-0.013963542100832374,-0.005093218298126794,0.0066609516289034805,-0.0014676832470326257,0.004076579793169329,-0.00021815024711351231,-0.008114715407631846,0.00378289112450506,-0.002986098780163329,0.0015918854936124382,0.008535906888466617,0.011243506947251538,0.038516408834950416,-0.002071764136958863,-0.006193183435176233,-0.00028943523483917593,-0.004817728930222738,0.0015845225570320421,-0.001566967126466457,-0.0027290137154397133,0.008503190202067995,0.006199365508375928,0.0025249372143135267,0.004241215021115987,0.00028806038087426136,0.0005779920862606189,-0.003332288358714684,-0.0009556751387877298,0.0004430282334325526,0.0016040987050228441,0.0002094096289679448,-0.0015830356829725934,-0.002071764136958863,0.003503169497927514,0.0033551949597775844,-0.0006109454306537345,0.0005647128714955857,0.0003501432436008824,0.0003988204269728114,0.0008306360234565989,-0.0028007875132545264,0.00010249953255746225,0.0009310157826491602,-0.0010523823983377293,0.0005863368420646481,0.0006573338030342543,4.6180293091294116e-5,0.0013720952819035025,0.0011073837789857526,0.0018309093751027513,-0.0026407917035358363,-0.008228472917356075,-0.006193183435176233,0.0033551949597775844,0.023145884766767266,-0.0013598851396104618,0.003074714494315643,0.00014720503618138788,0.0003482784056396775,0.0023064661795766895,-0.004060396442396778,0.001692456917928538,0.0006783671775745341,-0.002883414551985192,-0.0008471987673168532,-0.0011462307796210008,-0.0026648044950535223,0.0018893086240249852,-0.0008275015505710344,0.0006662345575209317,0.001023034701326861,-0.004010255904594841,-0.00028943523483917593,-0.0006109454306537345,-0.0013598851396104618,0.0034567877582731116,-0.001895542886102887,-0.0003198192256776434,-0.0010970293483772969,0.0005721746284765947,0.004514478674726716,-0.0007491536397504818,-0.0019604564290933765,0.0005913297102953341,-0.0005202387490208884,0.0009449873016648463,0.002140130626704742,-0.0008819944894934413,0.0006591389247774758,-0.0017787692075557967,0.0005819401256860592,0.005029433309251543,-0.004817728930222738,0.0005647128714955857,0.003074714494315643,-0.001895542886102887,0.02242957265428101,0.001377059457896478,0.0012946121063372312,0.0031324848051562594,-0.004495712117359937,0.003911144190487664,0.0011164633266642072,-0.0020014178684233104,0.0014763668331460775,-0.0028918968364096053,-0.0026518580214923387,-3.992568624460478e-5,-0.0007276221660360877,0.000617323709115082,-0.0011406865872078235,0.0028921017404705115,0.0015845225570320421,0.0003501432436008824,0.00014720503618138788,-0.0003198192256776434,0.001377059457896478,0.0029237840957752597,0.00043971567416744076,0.001298630233922027,-0.002216762193458601,0.0007853872232811065,0.000943966209656035,-0.000493476840792568,0.001053740655312553,-0.0006306573912693587,-0.0009545203410890674,0.00018729233871459924,0.002243257817923612,0.00012840987251617838,-0.0007384422695232169,0.0030271117404630545,-0.001566967126466457,0.0003988204269728114,0.0003482784056396775,-0.0010970293483772969,0.0012946121063372312,0.00043971567416744076,0.004403996949813741,-0.0017315300767547924,-0.004495307013101588,-0.0005928109844394558,0.0016408412963112874,-0.00016328689691083728,-3.261652225395068e-5,-0.000446126339495849,-0.00014129874249532986,0.0011152393386731746,-0.0013899360860073003,0.00031227280781449265,-0.004506360068415153,-0.0018542203458626794,-0.0027290137154397133,0.0008306360234565989,0.0023064661795766895,0.0005721746284765947,0.0031324848051562594,0.001298630233922027,-0.0017315300767547924,0.0099917594136491,0.0037405514280260048,0.0012966324362059204,-0.00038490149231278,-0.0015960629079517497,0.0009111796579197239,-0.00028327159308971447,0.0017725368016061585,-0.0004958774115329925,-0.0015856929710206706,-0.000650322811249347,0.0024572852734355086,-0.013963542100832374,0.008503190202067995,-0.0028007875132545264,-0.004060396442396778,0.004514478674726716,-0.004495712117359937,-0.002216762193458601,-0.004495307013101588,0.0037405514280260048,0.04545815857782259,0.004807969280669925,-0.003362504258677395,0.004267616011222057,-0.003079041800841037,0.00014193647830903263,0.005870265040686837,-0.005321533658154272,0.002212584071214061,0.00021093612749565705,0.0031345086854470197,-0.005093218298126794,0.006199365508375928,0.00010249953255746225,0.001692456917928538,-0.0007491536397504818,0.003911144190487664,0.0007853872232811065,-0.0005928109844394558,0.0012966324362059204,0.004807969280669925,0.017320103106372935,0.0002745418804300463,0.0009841473311068187,-0.0005775400207024362,-0.0014313431536071308,-0.0006730091138988376,-0.0008359031189722116,-0.00018819410048115446,0.0019633966330454247,0.0019139330790783676,0.0066609516289034805,0.0025249372143135267,0.0009310157826491602,0.0006783671775745341,-0.0019604564290933765,0.0011164633266642072,0.000943966209656035,0.0016408412963112874,-0.00038490149231278,-0.003362504258677395,0.0002745418804300463,0.0073209051756568016,-0.0005423237748027452,0.0013847779628405102,-0.00113131203529321,-0.0010662761563437263,0.0025186297507521,0.0003756598663147937,-0.00047812491409047006,0.0026491245175632805,-0.0014676832470326257,0.004241215021115987,-0.0010523823983377293,-0.002883414551985192,0.0005913297102953341,-0.0020014178684233104,-0.000493476840792568,-0.00016328689691083728,-0.0015960629079517497,0.004267616011222057,0.0009841473311068187,-0.0005423237748027452,0.002934818226543969,-0.0007579705216553959,0.0004937380572935998,0.0016892297515592233,-0.0009174008408432206,-0.0009558940296677045,0.00028493503669362546,0.000345016995117455,0.004076579793169329,0.00028806038087426136,0.0005863368420646481,-0.0008471987673168532,-0.0005202387490208884,0.0014763668331460775,0.001053740655312553,-3.261652225395068e-5,0.0009111796579197239,-0.003079041800841037,-0.0005775400207024362,0.0013847779628405102,-0.0007579705216553959,0.0023448523414906493,-1.4395889706766779e-5,-0.0007913459651380357,0.0010595454439166643,0.0003795523887956229,0.0009048943213643009,0.0009453285070444373,-0.00021815024711351231,0.0005779920862606189,0.0006573338030342543,-0.0011462307796210008,0.0009449873016648463,-0.0028918968364096053,-0.0006306573912693587,-0.000446126339495849,-0.00028327159308971447,0.00014193647830903263,-0.0014313431536071308,-0.00113131203529321,0.0004937380572935998,-1.4395889706766779e-5,0.006069499475859351,-0.00040681914341842644,0.00020159285165854415,0.000755516293317712,-0.0010907882424809447,0.002639795029641639,-0.008114715407631846,-0.003332288358714684,4.6180293091294116e-5,-0.0026648044950535223,0.002140130626704742,-0.0026518580214923387,-0.0009545203410890674,-0.00014129874249532986,0.0017725368016061585,0.005870265040686837,-0.0006730091138988376,-0.0010662761563437263,0.0016892297515592233,-0.0007913459651380357,-0.00040681914341842644,0.01929068573170522,-0.0004545199447621369,-0.0005465750959033904,0.0020272993603256293,0.0024484930838056668,0.00378289112450506,-0.0009556751387877298,0.0013720952819035025,0.0018893086240249852,-0.0008819944894934413,-3.992568624460478e-5,0.00018729233871459924,0.0011152393386731746,-0.0004958774115329925,-0.005321533658154272,-0.0008359031189722116,0.0025186297507521,-0.0009174008408432206,0.0010595454439166643,0.00020159285165854415,-0.0004545199447621369,0.0046757896805391524
0.007563449704177962,0.0028904657271755243,0.003708569339477853,0.007914363447933939,0.00896675894026836,0.00220460818029869,0.002092822060038257,0.0024134629450496556,0.003485640994419753,0.0012226158685052012,0.0015856376464478809,0.0033024529769726087,0.0035637634180670135,0.0029595007521062543,0.003130540194566895,0.00034550015427608745,0.0010071481861977742,0.0013271788729184025,0.0003911844506030943,0.0026306375785811686,0.0028904657271755243,0.008105980455040587,0.003940607667986947,0.0030117802190268773,0.006827482976193227,0.00035155647120122414,0.0030827796871384814,0.0010133356697883218,0.004480163144102276,0.0009721860038881573,-0.000515472520116396,0.003752295216053869,0.003727383118238973,0.0009033439539589376,0.0011271474620851369,0.000809793285374625,0.0003689136876782506,0.002448463854590773,0.0016020830477180019,0.0023612967696490946,0.003708569339477853,0.003940607667986947,0.04762754518191148,0.01585825410493523,0.0007461023709862771,0.004466825826968875,0.022586919322329476,0.0007376442458838042,0.008278935603552818,0.00849869542448267,0.0025794178809772526,0.007726880581218068,0.01586466583114934,0.010264556942911023,0.0004047542186932624,0.005002495376617696,0.0007660853699975128,0.010142635347215007,0.010141881214529178,0.003741715461693317,0.007914363447933939,0.0030117802190268773,0.01585825410493523,0.0889050379137095,0.025911417794750004,-0.000980822640773705,0.016503146914047875,0.01211772869768464,0.005289401968643535,0.007764881416936032,0.0034255776989987894,0.022866154171678678,-0.010878755616921521,0.0021186469339662417,-0.0009403961483000408,0.007700039502421917,0.005799500437949541,0.013326036000203188,0.022683758333624,0.006028524141849933,0.00896675894026836,0.006827482976193227,0.0007461023709862771,0.025911417794750004,0.04419192200831762,0.0034856038792736906,0.00496839681415934,0.006558265214779127,0.012447069698814381,0.0003739999519979157,0.005375864038242788,0.010224259725561558,0.0035682799689746338,-6.752341067516417e-5,0.0068085756572939925,0.0013358194720830795,0.003739865711506929,0.006435696983736863,0.007862514461914515,0.006400168774856578,0.00220460818029869,0.00035155647120122414,0.004466825826968875,-0.000980822640773705,0.0034856038792736906,0.004599200209047217,0.0027815010676021795,6.948625242861751e-5,0.005584253850113203,0.0003407377677743832,0.0017333420060608993,-0.00013488209017053105,0.00633366046188569,0.0032198452669959417,0.0034488432968634384,-6.48075584564796e-5,0.0002001014872121067,0.00028648377811509626,0.0007250095779016005,0.0017655997548548365,0.002092822060038257,0.0030827796871384814,0.022586919322329476,0.016503146914047875,0.00496839681415934,0.0027815010676021795,0.035792080011837014,0.0007072523233312097,0.0076900726609490265,0.005248653226811523,0.002655074716009732,0.006608650408333277,0.007771088293664529,0.003615098968598958,0.002887565686771622,0.005539835877748211,0.002550298821980419,0.007083384793597451,0.006080648390807729,0.0022909700964531313,0.0024134629450496556,0.0010133356697883218,0.0007376442458838042,0.01211772869768464,0.006558265214779127,6.948625242861751e-5,0.0007072523233312097,0.004132130492932785,0.0013842578141468197,0.000824138001739262,0.0013237631158271015,0.003784576844502397,-0.0023601855125126637,-8.457618898461626e-5,0.0007408415795144116,0.0007401654513572239,0.0013646500033175366,0.0016365025364678955,0.003046328043851236,0.0017944812780661895,0.003485640994419753,0.004480163144102276,0.008278935603552818,0.005289401968643535,0.012447069698814381,0.005584253850113203,0.0076900726609490265,0.0013842578141468197,0.030125928590224636,0.00020696631839057145,0.003288134689944232,0.00409802844217425,0.012783456329448658,0.005584199204493418,0.005550286724820193,0.0010129216788783155,0.001852974612072517,0.0037455640165865085,0.008165646426999313,0.005475774862914173,0.0012226158685052012,0.0009721860038881573,0.00849869542448267,0.007764881416936032,0.0003739999519979157,0.0003407377677743832,0.005248653226811523,0.000824138001739262,0.00020696631839057145,0.003897675072495825,0.0004781914392161772,0.0031390805840778952,0.001996089125799152,0.002415825350216611,-0.0013131263300752202,0.0019346451812029095,0.0005613636281049318,0.0029921519529885485,0.00395801387986695,0.0008705992484801506,0.0015856376464478809,-0.000515472520116396,0.0025794178809772526,0.0034255776989987894,0.005375864038242788,0.0017333420060608993,0.002655074716009732,0.0013237631158271015,0.003288134689944232,0.0004781914392161772,0.004346281964699498,0.0002707179734246517,0.0031925239984623988,0.0015152149773396276,0.0030752187390726917,-0.0002542558044622061,0.0008954767437898615,0.0008520646821125314,0.0020726327975012617,0.0017404676614535658,0.0033024529769726087,0.003752295216053869,0.007726880581218068,0.022866154171678678,0.010224259725561558,-0.00013488209017053105,0.006608650408333277,0.003784576844502397,0.00409802844217425,0.0031390805840778952,0.0002707179734246517,0.015465059133033268,0.0007373567863772692,0.00058462568435758,0.0006386663055490906,0.0034494655683787873,0.002429315347548566,0.005313540229198345,0.0071922226744464066,0.00283591985123865,0.0035637634180670135,0.003727383118238973,0.01586466583114934,-0.010878755616921521,0.0035682799689746338,0.00633366046188569,0.007771088293664529,-0.0023601855125126637,0.012783456329448658,0.001996089125799152,0.0031925239984623988,0.0007373567863772692,0.04377711538428008,0.010293483590792143,0.007277593360941148,0.0007252897381194751,-0.0012746230804122406,0.0012740505157525616,0.0036158672266422363,0.003329567829644652,0.0029595007521062543,0.0009033439539589376,0.010264556942911023,0.0021186469339662417,-6.752341067516417e-5,0.0032198452669959417,0.003615098968598958,-8.457618898461626e-5,0.005584199204493418,0.002415825350216611,0.0015152149773396276,0.00058462568435758,0.010293483590792143,0.01540969294159644,0.000961018880626656,0.00046394215985687265,-0.0007435220510576322,0.0010177356433446467,0.0043605676612283074,0.0016749388365011365,0.003130540194566895,0.0011271474620851369,0.0004047542186932624,-0.0009403961483000408,0.0068085756572939925,0.0034488432968634384,0.002887565686771622,0.0007408415795144116,0.005550286724820193,-0.0013131263300752202,0.0030752187390726917,0.0006386663055490906,0.007277593360941148,0.000961018880626656,0.011552305186041575,-0.0008674759967625672,0.0005740545831384344,0.0012175429781699518,-0.0037315114275712847,0.0026784644412789806,0.00034550015427608745,0.000809793285374625,0.005002495376617696,0.007700039502421917,0.0013358194720830795,-6.48075584564796e-5,0.005539835877748211,0.0007401654513572239,0.0010129216788783155,0.0019346451812029095,-0.0002542558044622061,0.0034494655683787873,0.0007252897381194751,0.00046394215985687265,-0.0008674759967625672,0.0030220674435209234,0.000983771683822475,0.002640965424757477,0.0033923146533457937,0.00048756756116699336,0.0010071481861977742,0.0003689136876782506,0.0007660853699975128,0.005799500437949541,0.003739865711506929,0.0002001014872121067,0.002550298821980419,0.0013646500033175366,0.001852974612072517,0.0005613636281049318,0.0008954767437898615,0.002429315347548566,-0.0012746230804122406,-0.0007435220510576322,0.0005740545831384344,0.000983771683822475,0.002107937007826666,0.0010746899746302478,0.0017360776830820433,0.0006054012617130262,0.0013271788729184025,0.002448463854590773,0.010142635347215007,0.013326036000203188,0.006435696983736863,0.00028648377811509626,0.007083384793597451,0.0016365025364678955,0.0037455640165865085,0.0029921519529885485,0.0008520646821125314,0.005313540229198345,0.0012740505157525616,0.0010177356433446467,0.0012175429781699518,0.002640965424757477,0.0010746899746302478,0.009856435619177135,0.0056852447209351335,0.002083147416591293,0.0003911844506030943,0.0016020830477180019,0.010141881214529178,0.022683758333624,0.007862514461914515,0.0007250095779016005,0.006080648390807729,0.003046328043851236,0.008165646426999313,0.00395801387986695,0.0020726327975012617,0.0071922226744464066,0.0036158672266422363,0.0043605676612283074,-0.0037315114275712847,0.0033923146533457937,0.0017360776830820433,0.0056852447209351335,0.02663040638075871,0.003218418096918348,0.0026306375785811686,0.0023612967696490946,0.003741715461693317,0.006028524141849933,0.006400168774856578,0.0017655997548548365,0.0022909700964531313,0.0017944812780661895,0.005475774862914173,0.0008705992484801506,0.0017404676614535658,0.00283591985123865,0.003329567829644652,0.0016749388365011365,0.0026784644412789806,0.00048756756116699336,0.0006054012617130262,0.002083147416591293,0.003218418096918348,0.005270484938710793
