0.020486267558980045,0.0038671389310041483,0.0021279259655036303,0.004094636386755696,0.0032192269173078884,0.0018649407065443435,0.021955327605666743,0.00194946657893107,-0.013318750603514846,0.003319173264155959,0.007353409663370381,0.004137294666109629,0.012219456683060247,0.004181512580072156,0.004798841257931336,-0.01831269227826319,-0.0013448533545596451,-0.0021346219111232517,-0.00476996011789251,-0.008151832493206118,0.0038671389310041483,0.022909779637345678,0.002587591404019225,-0.0028181112712104012,0.0003287502711022839,0.0025932695330991434,-0.007135086536853345,0.0015830909081733975,-0.0022197128291174704,-0.001335032348918499,0.005130053700184144,-0.0007250601874564211,-0.0015637655601830646,-0.004037784640151481,-0.0009130722625118811,-0.007448223271735641,-0.002554027248514587,0.0002447402399027266,-0.0054919164839226774,-0.00025809530876759587,0.0021279259655036303,0.002587591404019225,0.0027751677495370065,2.4081501597369884e-6,0.00018054820809710242,3.778110786332902e-5,0.004169036869351496,0.0009272066798083706,-0.0027549919627081953,-6.585082046215855e-5,0.0017998293183604573,0.00213095066390554,0.002335573546474735,-0.00019029745014037872,0.0005076624815305758,-0.0026911113061222815,-0.002406775308925963,-0.0006212927437841381,-0.0015521450403191113,-0.0009484408497141475,0.004094636386755696,-0.0028181112712104012,2.4081501597369884e-6,0.007797049877474125,0.0017248976689624481,0.0003762871034051575,0.007001357335866586,-0.0011323713462212857,-0.004088583321997601,-0.0008978226190807749,-0.004493528395552893,0.0005297936880293988,0.0036698239873064736,0.002132367550370936,0.002705098464462093,-0.004326900413945495,0.0026208999156548335,-0.0003221229748600102,0.0028755762368977466,-0.0016918329310042647,0.0032192269173078884,0.0003287502711022839,0.00018054820809710242,0.0017248976689624481,0.003628537681552101,0.001260759972487655,0.0031777796374685505,-0.00029592118398875375,-0.0026134139134338574,-0.00042284862132964754,-0.0032512279892622157,0.0020493735456361046,0.004149767137735402,-0.0017232452943967515,0.0019694573492756405,-0.003544778744005584,-7.241404975129401e-5,0.00033117037955329254,0.001325532843930792,-0.00026946450330090136,0.0018649407065443435,0.0025932695330991434,3.778110786332902e-5,0.0003762871034051575,0.001260759972487655,0.0036774565736923965,-0.005248144430602392,-0.0010467649681211132,7.725445699204062e-5,-0.0001598456467364228,-0.0016835488366930594,-0.000329472944197717,-0.0008112557799444523,-0.0003734088211207959,0.0004627579257240915,-0.0008881124168491338,0.0015541484151673692,0.0016467953766717653,0.000811850530031829,0.002725254769809728,0.021955327605666743,-0.007135086536853345,0.004169036869351496,0.007001357335866586,0.0031777796374685505,-0.005248144430602392,0.11099081186585302,0.00694328070300988,-0.020977797190506995,0.005945099041559667,0.013759174757813625,0.02150767339715666,0.03828394959238799,0.01544391506982968,0.013974196790514471,-0.026100771499959728,-0.00690091989317717,-0.010822414525794789,-0.004020373669484066,-0.020786829824580667,0.00194946657893107,0.0015830909081733975,0.0009272066798083706,-0.0011323713462212857,-0.00029592118398875375,-0.0010467649681211132,0.00694328070300988,0.005285074620690309,-0.0035266230970520613,0.0021489096023372244,0.00669716728639339,0.0017065174937880255,0.006227202011593448,-0.0015529262280489532,-0.00018780778899876857,-0.0031312928629023814,-0.005013023769389809,-0.0021588644481704217,-0.002560129580411997,-0.0020535518064484027,-0.013318750603514846,-0.0022197128291174704,-0.0027549919627081953,-0.004088583321997601,-0.0026134139134338574,7.725445699204062e-5,-0.020977797190506995,-0.0035266230970520613,0.02623694068110646,-0.005275817550578881,-0.00602019879719114,-0.004699801493383147,-0.014774898142925133,0.003905215386694396,-0.0037227958079548086,0.02390827455881181,0.007858319789845945,0.004204982139551098,0.012696837187625952,0.010675732566094158,0.003319173264155959,-0.001335032348918499,-6.585082046215855e-5,-0.0008978226190807749,-0.00042284862132964754,-0.0001598456467364228,0.005945099041559667,0.0021489096023372244,-0.005275817550578881,0.0101359910703961,0.008604041373976943,-0.00018998709384508315,0.005082360866390466,0.0011358930381982222,0.0025306560395526164,-0.0037090809947139584,-0.0020040927185182,-0.0014801779562561425,-0.006383703201307912,-0.004793015499355423,0.007353409663370381,0.005130053700184144,0.0017998293183604573,-0.004493528395552893,-0.0032512279892622157,-0.0016835488366930594,0.013759174757813625,0.00669716728639339,-0.00602019879719114,0.008604041373976943,0.037589441700997185,-0.0006452899272468581,0.005212451703137299,0.0036216536361627742,0.0018734010800946048,-0.009461852331120218,-0.006695017417744989,-0.0035539110501591536,-0.013773714182172977,-0.005230030030600875,0.004137294666109629,-0.0007250601874564211,0.00213095066390554,0.0005297936880293988,0.0020493735456361046,-0.000329472944197717,0.02150767339715666,0.0017065174937880255,-0.004699801493383147,-0.00018998709384508315,-0.0006452899272468581,0.017924462445876196,0.011203732814540221,0.0010957368456757034,0.0056109575719302095,-0.006131894779618752,-0.005927784580178096,-0.0013234840920684793,0.002623011838777153,-0.005585697031385006,0.012219456683060247,-0.0015637655601830646,0.002335573546474735,0.0036698239873064736,0.004149767137735402,-0.0008112557799444523,0.03828394959238799,0.006227202011593448,-0.014774898142925133,0.005082360866390466,0.005212451703137299,0.011203732814540221,0.03192077930302199,-0.0004295796726631867,0.009475020269967013,-0.0160618057493144,-0.00893646097593159,-0.004785194788693934,0.0008774529346971763,-0.007042436833952122,0.004181512580072156,-0.004037784640151481,-0.00019029745014037872,0.002132367550370936,-0.0017232452943967515,-0.0003734088211207959,0.01544391506982968,-0.0015529262280489532,0.003905215386694396,0.0011358930381982222,0.0036216536361627742,0.0010957368456757034,-0.0004295796726631867,0.021334785664924437,0.001784178402050249,0.0016097827902861383,0.008525623360583625,0.0002378397848219765,0.00477725557120941,-0.004623660692741319,0.004798841257931336,-0.0009130722625118811,0.0005076624815305758,0.002705098464462093,0.0019694573492756405,0.0004627579257240915,0.013974196790514471,-0.00018780778899876857,-0.0037227958079548086,0.0025306560395526164,0.0018734010800946048,0.0056109575719302095,0.009475020269967013,0.001784178402050249,0.012105022444533223,-0.005047315451161191,-0.0010426764813705708,-0.0010470485093795174,0.002235661443001677,-0.0026246287330349153,-0.01831269227826319,-0.007448223271735641,-0.0026911113061222815,-0.004326900413945495,-0.003544778744005584,-0.0008881124168491338,-0.026100771499959728,-0.0031312928629023814,0.02390827455881181,-0.0037090809947139584,-0.009461852331120218,-0.006131894779618752,-0.0160618057493144,0.0016097827902861383,-0.005047315451161191,0.04057620375289848,0.005934402671425126,0.005018579487978752,0.015180777932532594,0.012122995281136768,-0.0013448533545596451,-0.002554027248514587,-0.002406775308925963,0.0026208999156548335,-7.241404975129401e-5,0.0015541484151673692,-0.00690091989317717,-0.005013023769389809,0.007858319789845945,-0.0020040927185182,-0.006695017417744989,-0.005927784580178096,-0.00893646097593159,0.008525623360583625,-0.0010426764813705708,0.005934402671425126,0.016790221920878375,0.00340798460524342,0.008553377698799776,0.0039045989625053033,-0.0021346219111232517,0.0002447402399027266,-0.0006212927437841381,-0.0003221229748600102,0.00033117037955329254,0.0016467953766717653,-0.010822414525794789,-0.0021588644481704217,0.004204982139551098,-0.0014801779562561425,-0.0035539110501591536,-0.0013234840920684793,-0.004785194788693934,0.0002378397848219765,-0.0010470485093795174,0.005018579487978752,0.00340798460524342,0.004210705734635632,0.004572451002564174,0.0035545313945746166,-0.00476996011789251,-0.0054919164839226774,-0.0015521450403191113,0.0028755762368977466,0.001325532843930792,0.000811850530031829,-0.004020373669484066,-0.002560129580411997,0.012696837187625952,-0.006383703201307912,-0.013773714182172977,0.002623011838777153,0.0008774529346971763,0.00477725557120941,0.002235661443001677,0.015180777932532594,0.008553377698799776,0.004572451002564174,0.029399892407690965,0.009540283447246327,-0.008151832493206118,-0.00025809530876759587,-0.0009484408497141475,-0.0016918329310042647,-0.00026946450330090136,0.002725254769809728,-0.020786829824580667,-0.0020535518064484027,0.010675732566094158,-0.004793015499355423,-0.005230030030600875,-0.005585697031385006,-0.007042436833952122,-0.004623660692741319,-0.0026246287330349153,0.012122995281136768,0.0039045989625053033,0.0035545313945746166,0.009540283447246327,0.037255075635765016
0.04195680496879439,0.003455203710444568,0.002936396702041415,-0.0029636552537677073,0.0032681427685585327,0.010944481805456562,0.010397155536273052,0.001782518729718198,0.014579172347708197,0.01461323540803089,0.0025378225596147607,-0.003995525846434514,0.010454296838812011,0.005234199708949819,-0.004915668083224134,0.008551867836996303,0.01678262686587141,0.004069359621261573,0.007796747249616694,0.026692307183174085,0.003455203710444568,0.018340622568859523,-0.0007667280708211761,0.001146747063813236,0.0012903283643251242,-0.0009403301452616303,0.008888453673094333,0.00020973849090115697,-0.0013474082054644207,0.00042128336788441623,0.0009223047512791583,0.004761521441267038,0.004299935309776898,0.001490201161729869,0.0029093925860316848,0.00694949379648507,0.0035927303844729475,0.001191018326384271,-0.0021840063666673996,0.0030191965519255934,0.002936396702041415,-0.0007667280708211761,0.004098202363147721,-0.00026016670687800257,0.0010521699748736388,0.0012484336841190383,0.006373948560404649,0.000712537463790994,0.00020254507464839656,0.0025109891051894708,0.0038224865559387975,7.20391293988808e-6,0.0049771416147996305,0.0011786235632711747,0.0018204470362402328,0.004256805365375151,0.003839650139696253,0.0011551786264165957,0.003249926262554225,0.0063556231028380926,-0.0029636552537677073,0.001146747063813236,-0.00026016670687800257,0.010127551251229407,0.001221744632593673,0.002674179800990625,0.00510566159196099,0.0023003705942804134,0.0049860064144513095,0.0015625486024449407,0.004323098989578473,0.006504865757467062,0.0018155403704885021,0.0009558491921986844,0.0023449590252709214,0.003045740900507761,0.00379073495866334,0.0021971719430568058,0.0029237790114170228,0.0007974050537236732,0.0032681427685585327,0.0012903283643251242,0.0010521699748736388,0.001221744632593673,0.005273979009107911,0.004080024315430746,0.0054727221206641585,0.0026617149071345874,0.006050572845755234,0.0046487901096379635,0.00781426583921763,0.004728110852974637,0.0019241744975258802,0.0003868966458799971,0.004258604428228129,0.0034865638411736176,0.006000110640012133,0.0022028720352322358,0.005654762238951792,0.008658232805450954,0.010944481805456562,-0.0009403301452616303,0.0012484336841190383,0.002674179800990625,0.004080024315430746,0.01085131350222137,0.006654238820390626,0.004669979685858675,0.01393681153319299,0.007906006890286813,0.008905972807796626,0.005950757962198228,0.005020129836382643,0.003210194085536985,0.003340909415487297,0.004107160010307552,0.009603631305794488,0.003999858151357149,0.0095557694096071,0.015056783517993593,0.010397155536273052,0.008888453673094333,0.006373948560404649,0.00510566159196099,0.0054727221206641585,0.006654238820390626,0.06225901862949017,0.004529845417193861,0.010154458308703594,0.006853126252361093,0.00904996255878213,0.008089415258195912,0.017660934407511063,0.008037047424034242,0.008681095255445337,0.02041837568754941,0.013936702338169975,0.009572137930384158,0.00927365770414844,0.00971024986585342,0.001782518729718198,0.00020973849090115697,0.000712537463790994,0.0023003705942804134,0.0026617149071345874,0.004669979685858675,0.004529845417193861,0.007429406669638501,0.00802975585879526,0.0022264302938734795,0.008950447542124044,0.00748513432993133,0.00334903197224019,0.0031983417269378827,0.005899806992886529,0.004874070028184215,0.006710750830796123,0.002568473023994537,0.006273239165942119,0.010276129689993366,0.014579172347708197,-0.0013474082054644207,0.00020254507464839656,0.0049860064144513095,0.006050572845755234,0.01393681153319299,0.010154458308703594,0.00802975585879526,0.02857369763054607,0.011174708374033199,0.010449202180216331,0.010514612095773097,0.0029267370069086646,0.004717486118097708,0.0031483055752173656,0.0038293787980151275,0.013828289825556372,0.0070063671929349765,0.01411886704937948,0.01918530796841559,0.01461323540803089,0.00042128336788441623,0.0025109891051894708,0.0015625486024449407,0.0046487901096379635,0.007906006890286813,0.006853126252361093,0.0022264302938734795,0.011174708374033199,0.014575298288813994,0.00788466414954886,0.003639529418948348,0.0036145733842640297,-0.00019734098967428854,0.002243508606989871,0.003597636965353075,0.011186385476149061,0.0033329931018720596,0.009842957815641425,0.02114250388399585,0.0025378225596147607,0.0009223047512791583,0.0038224865559387975,0.004323098989578473,0.00781426583921763,0.008905972807796626,0.00904996255878213,0.008950447542124044,0.010449202180216331,0.00788466414954886,0.037932386328672324,0.01462912611972684,0.007494463228603882,0.006330007542877573,0.012922104118575148,0.00888906873658888,0.01683004441932448,0.004374658851987124,0.01652023423298527,0.024176244887928723,-0.003995525846434514,0.004761521441267038,7.20391293988808e-6,0.006504865757467062,0.004728110852974637,0.005950757962198228,0.008089415258195912,0.00748513432993133,0.010514612095773097,0.003639529418948348,0.01462912611972684,0.02261302482709747,0.0003928525507780247,0.0041824690155672275,0.010645480163314222,0.0036313387078261827,0.00940375611199552,0.004151513773584933,0.011438083242238072,0.011742204148295325,0.010454296838812011,0.004299935309776898,0.0049771416147996305,0.0018155403704885021,0.0019241744975258802,0.005020129836382643,0.017660934407511063,0.00334903197224019,0.0029267370069086646,0.0036145733842640297,0.007494463228603882,0.0003928525507780247,0.025206121404601604,0.005207930718109637,0.004771916353658274,0.01613300212705506,0.009663400667492104,0.003428222367999366,-0.0013928692045323935,0.014575590609322522,0.005234199708949819,0.001490201161729869,0.0011786235632711747,0.0009558491921986844,0.0003868966458799971,0.003210194085536985,0.008037047424034242,0.0031983417269378827,0.004717486118097708,-0.00019734098967428854,0.006330007542877573,0.0041824690155672275,0.005207930718109637,0.016982844027984598,0.004648157204073628,0.010008249811131091,0.004464945709662764,0.002849551864926644,0.0053055214108845665,0.001526858535484732,-0.004915668083224134,0.0029093925860316848,0.0018204470362402328,0.0023449590252709214,0.004258604428228129,0.003340909415487297,0.008681095255445337,0.005899806992886529,0.0031483055752173656,0.002243508606989871,0.012922104118575148,0.010645480163314222,0.004771916353658274,0.004648157204073628,0.015810457928506765,0.009251000987616637,0.005743767556079902,0.002704390203750636,0.006728174603167409,0.009757456031176791,0.008551867836996303,0.00694949379648507,0.004256805365375151,0.003045740900507761,0.0034865638411736176,0.004107160010307552,0.02041837568754941,0.004874070028184215,0.0038293787980151275,0.003597636965353075,0.00888906873658888,0.0036313387078261827,0.01613300212705506,0.010008249811131091,0.009251000987616637,0.03294762110207371,0.011302514641885756,0.005754608454292156,0.002290817964278579,0.009058604554407879,0.01678262686587141,0.0035927303844729475,0.003839650139696253,0.00379073495866334,0.006000110640012133,0.009603631305794488,0.013936702338169975,0.006710750830796123,0.013828289825556372,0.011186385476149061,0.01683004441932448,0.00940375611199552,0.009663400667492104,0.004464945709662764,0.005743767556079902,0.011302514641885756,0.022616741648335114,0.0054961296559276045,0.012667617009323846,0.02696971303032903,0.004069359621261573,0.001191018326384271,0.0011551786264165957,0.0021971719430568058,0.0022028720352322358,0.003999858151357149,0.009572137930384158,0.002568473023994537,0.0070063671929349765,0.0033329931018720596,0.004374658851987124,0.004151513773584933,0.003428222367999366,0.002849551864926644,0.002704390203750636,0.005754608454292156,0.0054961296559276045,0.00405777463248319,0.004959785839693604,0.0056604003213674686,0.007796747249616694,-0.0021840063666673996,0.003249926262554225,0.0029237790114170228,0.005654762238951792,0.0095557694096071,0.00927365770414844,0.006273239165942119,0.01411886704937948,0.009842957815641425,0.01652023423298527,0.011438083242238072,-0.0013928692045323935,0.0053055214108845665,0.006728174603167409,0.002290817964278579,0.012667617009323846,0.004959785839693604,0.02801529856889645,0.02179380706406282,0.026692307183174085,0.0030191965519255934,0.0063556231028380926,0.0007974050537236732,0.008658232805450954,0.015056783517993593,0.00971024986585342,0.010276129689993366,0.01918530796841559,0.02114250388399585,0.024176244887928723,0.011742204148295325,0.014575590609322522,0.001526858535484732,0.009757456031176791,0.009058604554407879,0.02696971303032903,0.0056604003213674686,0.02179380706406282,0.06937499389918513
0.017336970066237186,0.0010345496842668212,0.000914557685259724,0.003270857219887476,0.0017557194895863608,0.00045037462481371245,0.00551875023852628,0.0023590645720488065,0.002962040199777801,0.0018092351587773064,0.0072232338413465765,0.004550016203086201,-0.0002272328680490987,0.002936086233816445,0.004637026223334321,-0.0005432555182729839,0.0006496953637228107,0.0027313398070826092,0.0031335609421950256,0.005857130551841299,0.0010345496842668212,0.018116284002110523,0.0005681364443226426,0.0003072959497821624,-0.0008760974480109893,0.0014661536392252955,-0.002137424606453036,0.0011430531416615646,1.8210257175212065e-5,-0.0008425551598829995,-0.0029622678225634472,-0.0019582246076820763,-0.005352196045648308,0.0022464366797472764,-0.0025500987565264944,-0.0009291555745897798,-0.0014959132527980557,-0.0008356174597978767,-0.003313158828947585,-0.0033086046647521792,0.000914557685259724,0.0005681364443226426,0.0032459651053283584,-0.0004787785442053759,0.000978553522628314,0.0005543263471447445,0.004111023384900683,-0.0007491086324637159,0.0014585443853877603,0.000284710694735979,0.005235649673653493,0.0012052682129889067,0.002237167604542891,0.0020428431103698586,0.003007413942125138,-0.0011323563773209286,-2.8419599943569284e-5,0.0017990568600912372,0.002110262450688891,0.001214104628200523,0.003270857219887476,0.0003072959497821624,-0.0004787785442053759,0.00655497912425685,0.0009683934488913229,-0.00022745468802342654,-0.0016931997365775458,0.003069700296858569,0.00015746432373773606,0.0008028516862991816,-0.00152268467343635,0.0005729107195861558,-0.002402083642912026,-0.00048185491198796647,0.0009217724419424028,-0.0009972697407250142,0.0018063491026638428,-0.0001398053349716883,0.0008949779667740015,0.005560266006130501,0.0017557194895863608,-0.0008760974480109893,0.000978553522628314,0.0009683934488913229,0.0044627783000221535,-0.0005137559396265853,0.0051443496729708495,0.0010058328532238682,0.002205668309086612,0.00143282867448144,0.007188346857309156,0.000968247324698339,0.0017326932685020114,0.0029669161288540537,0.003277025528170277,0.0013610743121412524,-0.00037281776556048887,0.002219571459443768,0.0028613402120729646,0.004791688293759583,0.00045037462481371245,0.0014661536392252955,0.0005543263471447445,-0.00022745468802342654,-0.0005137559396265853,0.00378667377088657,0.005929586652108434,-0.0013761235657121277,-0.0011432704475062344,-0.00010783681136835014,-0.001737546469089701,-0.0003683070267950732,-0.0017140883009713285,-0.0018047299608763003,-0.0007560249824089946,-0.0020583310806876255,0.00010270120233511405,-0.000508912721984125,-0.00011228922082356062,-0.0033338037596477464,0.00551875023852628,-0.002137424606453036,0.004111023384900683,-0.0016931997365775458,0.0051443496729708495,0.005929586652108434,0.05897706241720163,-0.00792582325196461,0.005287017397583612,0.0030539019757060406,0.016126524149108038,0.0038202412170698363,0.006869475581820214,-0.005158774360939018,0.004942482408713627,-0.003439882503128835,0.00039285938919001145,0.0027041774621661277,0.0031457937573723498,-0.008599279730543237,0.0023590645720488065,0.0011430531416615646,-0.0007491086324637159,0.003069700296858569,0.0010058328532238682,-0.0013761235657121277,-0.00792582325196461,0.006946407714857957,-0.0013179348050073934,0.0007255682081791013,-0.0023024242698941985,-0.0009753734225088881,-0.002509464307812591,0.004116093733441403,0.001589818386150728,0.0009782272742508286,0.0014670934187874848,0.0005491173717679949,0.0021052760391105114,0.00797351334123232,0.002962040199777801,1.8210257175212065e-5,0.0014585443853877603,0.00015746432373773606,0.002205668309086612,-0.0011432704475062344,0.005287017397583612,-0.0013179348050073934,0.012533579556963999,3.3357580402411813e-5,0.01080997111868999,0.0037541393231963743,0.006240687308617574,-0.00026234234029075764,0.004799544212783781,0.002520712855225633,-0.0007934596943767963,0.0025229107444038334,0.0013231446531911325,0.0019235003706873548,0.0018092351587773064,-0.0008425551598829995,0.000284710694735979,0.0008028516862991816,0.00143282867448144,-0.00010783681136835014,0.0030539019757060406,0.0007255682081791013,3.3357580402411813e-5,0.009166778997316138,0.0012296268791897103,-0.00017738062550271287,0.0019332712979240924,0.0027232472715011937,-0.00021926149173438303,0.0031252287796095816,-0.000762325727914504,0.0008312971370194838,0.003224078979465092,0.003797555454392985,0.0072232338413465765,-0.0029622678225634472,0.005235649673653493,-0.00152268467343635,0.007188346857309156,-0.001737546469089701,0.016126524149108038,-0.0023024242698941985,0.01080997111868999,0.0012296268791897103,0.04255824223294763,0.008929175668026517,0.012036973758828942,0.00520323905873186,0.0099645852266908,0.0016059649529230695,-0.0030884699294813156,0.007627920096743913,0.007656411738882009,0.006755167784083197,0.004550016203086201,-0.0019582246076820763,0.0012052682129889067,0.0005729107195861558,0.000968247324698339,-0.0003683070267950732,0.0038202412170698363,-0.0009753734225088881,0.0037541393231963743,-0.00017738062550271287,0.008929175668026517,0.011526062526764181,0.004559126780112923,-0.0009868904712584511,0.0030481755114815973,0.0019520914892854385,0.0012379615906408486,0.002295285471183433,0.0014204153697013275,0.0060353780781765756,-0.0002272328680490987,-0.005352196045648308,0.002237167604542891,-0.002402083642912026,0.0017326932685020114,-0.0017140883009713285,0.006869475581820214,-0.002509464307812591,0.006240687308617574,0.0019332712979240924,0.012036973758828942,0.004559126780112923,0.017134159175371408,0.0016562541269949035,0.004977325976488149,0.00614296267163954,0.0002196166785598515,0.0033337123540756377,0.0027926019509517913,0.001591843021784734,0.002936086233816445,0.0022464366797472764,0.0020428431103698586,-0.00048185491198796647,0.0029669161288540537,-0.0018047299608763003,-0.005158774360939018,0.004116093733441403,-0.00026234234029075764,0.0027232472715011937,0.00520323905873186,-0.0009868904712584511,0.0016562541269949035,0.02072453659388719,0.0045686756366212725,0.004002014497981695,-7.665602660999706e-5,0.0036363748134082413,0.00807299800523927,0.010327493617288599,0.004637026223334321,-0.0025500987565264944,0.003007413942125138,0.0009217724419424028,0.003277025528170277,-0.0007560249824089946,0.004942482408713627,0.001589818386150728,0.004799544212783781,-0.00021926149173438303,0.0099645852266908,0.0030481755114815973,0.004977325976488149,0.0045686756366212725,0.01661423097820145,-0.0018604921856755457,0.0022722810638809467,0.005405006948567531,0.008480698066303364,0.007759118367237425,-0.0005432555182729839,-0.0009291555745897798,-0.0011323563773209286,-0.0009972697407250142,0.0013610743121412524,-0.0020583310806876255,-0.003439882503128835,0.0009782272742508286,0.002520712855225633,0.0031252287796095816,0.0016059649529230695,0.0019520914892854385,0.00614296267163954,0.004002014497981695,-0.0018604921856755457,0.022673773176125806,-0.0010443653326934,0.0005264346319174397,-0.0006624342370016008,0.007808115718683957,0.0006496953637228107,-0.0014959132527980557,-2.8419599943569284e-5,0.0018063491026638428,-0.00037281776556048887,0.00010270120233511405,0.00039285938919001145,0.0014670934187874848,-0.0007934596943767963,-0.000762325727914504,-0.0030884699294813156,0.0012379615906408486,0.0002196166785598515,-7.665602660999706e-5,0.0022722810638809467,-0.0010443653326934,0.008283090825150026,-0.0002784341425875862,0.0004088769607594493,0.0010846828000577778,0.0027313398070826092,-0.0008356174597978767,0.0017990568600912372,-0.0001398053349716883,0.002219571459443768,-0.000508912721984125,0.0027041774621661277,0.0005491173717679949,0.0025229107444038334,0.0008312971370194838,0.007627920096743913,0.002295285471183433,0.0033337123540756377,0.0036363748134082413,0.005405006948567531,0.0005264346319174397,-0.0002784341425875862,0.004249032069716146,0.00520202964658323,0.0051522156819155535,0.0031335609421950256,-0.003313158828947585,0.002110262450688891,0.0008949779667740015,0.0028613402120729646,-0.00011228922082356062,0.0031457937573723498,0.0021052760391105114,0.0013231446531911325,0.003224078979465092,0.007656411738882009,0.0014204153697013275,0.0027926019509517913,0.00807299800523927,0.008480698066303364,-0.0006624342370016008,0.0004088769607594493,0.00520202964658323,0.019422323206818144,0.011194785742716377,0.005857130551841299,-0.0033086046647521792,0.001214104628200523,0.005560266006130501,0.004791688293759583,-0.0033338037596477464,-0.008599279730543237,0.00797351334123232,0.0019235003706873548,0.003797555454392985,0.006755167784083197,0.0060353780781765756,0.001591843021784734,0.010327493617288599,0.007759118367237425,0.007808115718683957,0.0010846828000577778,0.0051522156819155535,0.011194785742716377,0.04456462049124843
