0.004358028099101024,0.000975470037111182,9.067646693555836e-5,0.0003716554293407763,0.0001597000769093394,-0.00023362843449435824,0.0002001128510633905,0.0012869958825115608,0.000803897979672855,0.0007023132726713345,0.0002814732008749789,0.0012741991547230902,-6.126655613769563e-5,0.0003010115873392741,-0.00025456501798882267,-4.398703685912433e-6,4.627352601099204e-6,0.00036787820206077943,0.0011551941736862854,0.0020958355091991393,0.000975470037111182,0.003778669176263819,0.00015748748425439043,0.00036911540235213007,0.0004075233971681826,-0.001252126342298798,0.0002872148705371713,-0.0007260049070842425,0.0006343166032573938,0.00032881795078166295,0.00010184237225291466,0.0008220141384089875,-0.00037369641700369597,0.0006133365211115577,0.0001784624521889884,-0.0001682399286552144,0.00036993755539404497,9.17079851512828e-5,0.0005601278924749137,-0.0004059124040449672,9.067646693555836e-5,0.00015748748425439043,0.0023498604167586762,0.0001617647839371111,0.0003435582695975243,-0.0002149077477460386,-0.00013228683532724852,-0.0005766859779321142,0.00012979961153525396,0.0003302411071592587,0.00035459078890708864,0.00044461561660766427,-1.971357142443925e-6,0.0005098504573714648,-0.0009467903165358223,9.040526898534234e-5,0.0003574994130404749,-0.00010631043852411606,0.0001486261058259468,0.00016920285026106777,0.0003716554293407763,0.00036911540235213007,0.0001617647839371111,0.0016495378539984097,5.9784653718054714e-5,0.0005961262914648644,0.00022581403649705062,0.0005195714570649479,0.0005318272657661815,0.00014694951748248086,0.0003206757958455389,0.00032868724411630354,0.00013815519839749287,0.0004243484725949812,0.000620377078469332,-2.2060745643101356e-5,0.0003772167856502443,0.00010498510144099806,0.00043916495342043323,0.0010237493579798968,0.0001597000769093394,0.0004075233971681826,0.0003435582695975243,5.9784653718054714e-5,0.004192344963862231,-0.00041262789009219314,0.0007862825126072172,-0.0005027395124466657,0.000712440518425869,1.9357426537285917e-5,0.00016512458788803892,-0.0001289602400039508,-3.6957462055050015e-5,0.00029533604299705795,0.0006127750196779701,-1.9868236857574905e-5,0.00032776254004683353,0.0001685184771771514,5.7407021417508284e-5,-0.0006061325572766765,-0.00023362843449435824,-0.001252126342298798,-0.0002149077477460386,0.0005961262914648644,-0.00041262789009219314,0.016714616784979885,0.0026818268863299617,0.0024397374356951137,0.0008857303169764127,0.00042027405012053613,-5.086643875362356e-5,0.0008334632525586909,0.0006555262632269999,-0.00035392001355636206,-0.0012235094315943386,0.0011353897120778742,0.0008419727314423712,0.00016325853548233388,8.573747386350313e-5,0.0031211680486672826,0.0002001128510633905,0.0002872148705371713,-0.00013228683532724852,0.00022581403649705062,0.0007862825126072172,0.0026818268863299617,0.022570440414242464,0.0036107215103509025,0.0018422859523951566,0.0009978474400121192,-0.0007335723272425699,0.00023838373495511985,-0.00145307454230426,-0.00019781571553773638,0.0011094786102375089,0.0007714231724919084,0.0011071492208864489,0.0004724332561920519,0.0009832242420948815,0.004459734222872158,0.0012869958825115608,-0.0007260049070842425,-0.0005766859779321142,0.0005195714570649479,-0.0005027395124466657,0.0024397374356951137,0.0036107215103509025,0.01900463835803281,-0.00019785993113051952,0.0009354810615587899,0.0003593642226193308,0.0023272732963362484,0.00038602153832067575,-0.00018109550112729812,0.0023862624926218297,0.00028195665305006583,0.0003792659975605535,0.00043271318988994235,0.0002882365319193552,0.0007600350676037883,0.000803897979672855,0.0006343166032573938,0.00012979961153525396,0.0005318272657661815,0.000712440518425869,0.0008857303169764127,0.0018422859523951566,-0.00019785993113051952,0.011531400631723055,0.0011062066341391945,0.0008479469078918763,0.0012893187941433277,0.00029681328673313555,0.0005540247997092238,0.0034685718075286847,0.0003847333576693033,0.00021526133776549739,0.00028747823394671636,0.0006039278527620315,0.0009234129150187955,0.0007023132726713345,0.00032881795078166295,0.0003302411071592587,0.00014694951748248086,1.9357426537285917e-5,0.00042027405012053613,0.0009978474400121192,0.0009354810615587899,0.0011062066341391945,0.0028112273374690344,0.0005104406915087192,0.000220479785721243,-0.00019144663538675518,7.673562854694373e-5,0.002393078813082453,-0.00016996272192995552,0.00033269267023270077,-6.438154253056319e-5,0.0007215014959356615,0.0018355672583826713,0.0002814732008749789,0.00010184237225291466,0.00035459078890708864,0.0003206757958455389,0.00016512458788803892,-5.086643875362356e-5,-0.0007335723272425699,0.0003593642226193308,0.0008479469078918763,0.0005104406915087192,0.004244953704541075,0.00045656562096002605,0.0011858278355791883,0.00022635538732891495,0.0017516952407996432,7.607627009736082e-6,0.0005333101846231188,-0.00023325411639938968,0.0005212403739845181,0.00034929061896994066,0.0012741991547230902,0.0008220141384089875,0.00044461561660766427,0.00032868724411630354,-0.0001289602400039508,0.0008334632525586909,0.00023838373495511985,0.0023272732963362484,0.0012893187941433277,0.000220479785721243,0.00045656562096002605,0.015004624036321482,-0.0007285856567760399,-0.00020167420407461132,-0.0002503277670635556,0.0006168074262357961,-0.00032193048949723404,0.0002645855625130355,0.0011307598953897028,0.0017990355958029877,-6.126655613769563e-5,-0.00037369641700369597,-1.971357142443925e-6,0.00013815519839749287,-3.6957462055050015e-5,0.0006555262632269999,-0.00145307454230426,0.00038602153832067575,0.00029681328673313555,-0.00019144663538675518,0.0011858278355791883,-0.0007285856567760399,0.006750677601114813,0.00020304052170398387,0.0008912990980975025,0.0004916761057849364,-0.0002648652119857754,-0.0007867610036094341,-0.00013914976058148178,0.000556285806674651,0.0003010115873392741,0.0006133365211115577,0.0005098504573714648,0.0004243484725949812,0.00029533604299705795,-0.00035392001355636206,-0.00019781571553773638,-0.00018109550112729812,0.0005540247997092238,7.673562854694373e-5,0.00022635538732891495,-0.00020167420407461132,0.00020304052170398387,0.0029044983816346372,8.680734085250876e-5,0.00039451183367270433,1.2031286349689752e-5,-3.713373001349037e-5,0.0005046828118066585,-0.0007024835430015143,-0.00025456501798882267,0.0001784624521889884,-0.0009467903165358223,0.000620377078469332,0.0006127750196779701,-0.0012235094315943386,0.0011094786102375089,0.0023862624926218297,0.0034685718075286847,0.002393078813082453,0.0017516952407996432,-0.0002503277670635556,0.0008912990980975025,8.680734085250876e-5,0.030829373160293036,0.0016152652950291242,0.0007939670376321082,0.0004554238418760923,0.0007804351323120004,0.0033756987655364614,-4.398703685912433e-6,-0.0001682399286552144,9.040526898534234e-5,-2.2060745643101356e-5,-1.9868236857574905e-5,0.0011353897120778742,0.0007714231724919084,0.00028195665305006583,0.0003847333576693033,-0.00016996272192995552,7.607627009736082e-6,0.0006168074262357961,0.0004916761057849364,0.00039451183367270433,0.0016152652950291242,0.004908415504227997,0.0001539570072326177,0.00024399810513420667,-3.864471561563597e-5,-2.5822898964013382e-5,4.627352601099204e-6,0.00036993755539404497,0.0003574994130404749,0.0003772167856502443,0.00032776254004683353,0.0008419727314423712,0.0011071492208864489,0.0003792659975605535,0.00021526133776549739,0.00033269267023270077,0.0005333101846231188,-0.00032193048949723404,-0.0002648652119857754,1.2031286349689752e-5,0.0007939670376321082,0.0001539570072326177,0.0015146021863743882,6.955841981301186e-5,0.0002894696286896367,0.0009381366760043505,0.00036787820206077943,9.17079851512828e-5,-0.00010631043852411606,0.00010498510144099806,0.0001685184771771514,0.00016325853548233388,0.0004724332561920519,0.00043271318988994235,0.00028747823394671636,-6.438154253056319e-5,-0.00023325411639938968,0.0002645855625130355,-0.0007867610036094341,-3.713373001349037e-5,0.0004554238418760923,0.00024399810513420667,6.955841981301186e-5,0.0020603075014625407,0.0001729388080427334,0.0008740083623008288,0.0011551941736862854,0.0005601278924749137,0.0001486261058259468,0.00043916495342043323,5.7407021417508284e-5,8.573747386350313e-5,0.0009832242420948815,0.0002882365319193552,0.0006039278527620315,0.0007215014959356615,0.0005212403739845181,0.0011307598953897028,-0.00013914976058148178,0.0005046828118066585,0.0007804351323120004,-3.864471561563597e-5,0.0002894696286896367,0.0001729388080427334,0.003489698676589572,0.0021025957744143188,0.0020958355091991393,-0.0004059124040449672,0.00016920285026106777,0.0010237493579798968,-0.0006061325572766765,0.0031211680486672826,0.004459734222872158,0.0007600350676037883,0.0009234129150187955,0.0018355672583826713,0.00034929061896994066,0.0017990355958029877,0.000556285806674651,-0.0007024835430015143,0.0033756987655364614,-2.5822898964013382e-5,0.0009381366760043505,0.0008740083623008288,0.0021025957744143188,0.027909285166461736
0.005550829174995488,0.00046596137839153944,0.0008088602300226364,0.0004264282081662996,0.0006035204842298127,0.005973180951443214,-0.002772622814517879,-0.0037572647414910415,0.002682106009576967,-0.0005384057555780039,-9.008213892869603e-5,-0.0013515012187477297,0.001075581424120304,-5.0695472710837e-5,0.004096182736499708,-0.0010584708839611978,0.0009326101224629073,0.00036459623412981093,-2.400974462353334e-5,-0.0012608825175566378,0.00046596137839153944,0.004440019723314038,0.002518570086040222,0.0019289717245457153,0.0006047433952549906,0.0008606367947935759,-0.0005777440370620725,0.0009363192738859741,0.004302378956830796,0.00027987685518803977,0.00036124348668713495,-0.00036101333262685155,0.002883157519849827,0.0009950618777424369,-0.0019788220966630316,0.0003048768109897596,-0.0002357703603014537,0.0015724560009089425,0.0003379575424669667,0.0033419771509663044,0.0008088602300226364,0.002518570086040222,0.005620962007619929,0.0020828570744758084,0.002232528625486737,0.00047214157919755074,0.000567337816158093,0.00139061990043773,0.005825676459890173,-2.520184249253917e-5,-0.0007185409544175547,-0.0008094668736569799,0.004830947772183507,0.0005899746985802712,-0.0027368282483865736,-0.0004387252180929438,-0.0009513618645827244,0.001671217843375441,0.0015053150078413072,0.005880453616726803,0.0004264282081662996,0.0019289717245457153,0.0020828570744758084,0.0035625644950301022,0.0012959493854465178,-0.00036496062752916167,-0.00263196983966652,0.0009340939750795864,0.004228338084263828,5.1950877490131733e-5,-0.000573919953058816,-0.0006047529545643343,0.0025070429390184083,0.0002176976028325451,-0.003273167285560327,3.902813618916153e-5,-0.00026338065128540626,0.0016967211750006303,8.693854662593722e-5,0.002720559874008369,0.0006035204842298127,0.0006047433952549906,0.002232528625486737,0.0012959493854465178,0.006144846439312686,-0.0007414167793626276,0.00041588393347867373,0.001985094004121912,0.004246607316342408,0.0009760125819285675,-0.00101535680670809,-0.000704862867419786,0.0034560988264012776,-0.0001306033065616822,0.00011676167693360005,0.0006607395255185734,-0.00023413487813063385,0.001209392456805413,0.0013260118585865224,0.005878211799424235,0.005973180951443214,0.0008606367947935759,0.00047214157919755074,-0.00036496062752916167,-0.0007414167793626276,0.02746355365236803,-0.0027000344167926876,-0.010357811138657174,-0.0011410299407918784,-0.00070389370225791,-0.0012660113514192518,-0.001069829155204532,0.0002576541177439015,-0.0020528775027732564,0.016977316680139486,-0.002323458537045733,0.0012308591018674688,-0.0005960149251084299,0.003297485815678375,-0.009847966811210696,-0.002772622814517879,-0.0005777440370620725,0.000567337816158093,-0.00263196983966652,0.00041588393347867373,-0.0027000344167926876,0.03109298590577988,0.005850856199302626,-0.0053323826489852805,0.0033615387144234656,0.002113880220810831,0.006151195655727356,0.0020910259911930138,0.0013872708705228425,0.006775423457669899,0.004773503623071114,-0.0005202625476907512,-0.001918213255680915,2.38175488339633e-6,-0.0036921825076327948,-0.0037572647414910415,0.0009363192738859741,0.00139061990043773,0.0009340939750795864,0.001985094004121912,-0.010357811138657174,0.005850856199302626,0.02661422482593482,0.005985038785214686,0.0025590808661902402,0.0018260281050754333,0.0037838782965179977,0.0016766361233207044,0.002681634782675724,-0.010500458847848226,0.005109398457821639,2.60830876801495e-5,0.0011802402227411837,-0.002366336525897769,0.009529142702156029,0.002682106009576967,0.004302378956830796,0.005825676459890173,0.004228338084263828,0.004246607316342408,-0.0011410299407918784,-0.0053323826489852805,0.005985038785214686,0.024747902321785854,-0.0006296533406113186,-0.0008479996136582205,5.79824476178537e-6,0.008749057307585252,0.0029880239727417515,-0.01148582087004973,0.0005149088360718818,0.0008074045910403789,0.0049671888315459605,0.0003506365494287372,0.015550742758774891,-0.0005384057555780039,0.00027987685518803977,-2.520184249253917e-5,5.1950877490131733e-5,0.0009760125819285675,-0.00070389370225791,0.0033615387144234656,0.0025590808661902402,-0.0006296533406113186,0.003024781376906504,4.8738016879712045e-5,0.001242319740540414,0.0008077043783217878,0.000305249962710294,0.0014080805610886672,0.0017939826464884409,0.00039592090831158704,0.0002322521348109428,0.00032247435356897456,0.0002397866016201796,-9.008213892869603e-5,0.00036124348668713495,-0.0007185409544175547,-0.000573919953058816,-0.00101535680670809,-0.0012660113514192518,0.002113880220810831,0.0018260281050754333,-0.0008479996136582205,4.8738016879712045e-5,0.005417423668016752,-0.0013717223186066427,-0.00342560813478491,0.00038253634696280945,-0.0007161880304582756,0.0016802154491589389,-0.0006366813868680574,-0.00013608867446854574,-0.0007201697117207449,-0.0004029258911176007,-0.0013515012187477297,-0.00036101333262685155,-0.0008094668736569799,-0.0006047529545643343,-0.000704862867419786,-0.001069829155204532,0.006151195655727356,0.0037838782965179977,5.79824476178537e-6,0.001242319740540414,-0.0013717223186066427,0.015416511450833293,0.0031357576696687374,0.0012057368085772189,0.0014600518438285688,0.0015967301317314072,0.0011292311303241253,-0.0008348108161481264,-0.0008128728005304687,-0.004721853999431507,0.001075581424120304,0.002883157519849827,0.004830947772183507,0.0025070429390184083,0.0034560988264012776,0.0002576541177439015,0.0020910259911930138,0.0016766361233207044,0.008749057307585252,0.0008077043783217878,-0.00342560813478491,0.0031357576696687374,0.01555221791512847,0.0028575681849646543,-0.0007290078888097032,-0.0008470995806432822,0.0006292727174876235,0.002606480154191914,0.0012477209511607924,0.00903299907073531,-5.0695472710837e-5,0.0009950618777424369,0.0005899746985802712,0.0002176976028325451,-0.0001306033065616822,-0.0020528775027732564,0.0013872708705228425,0.002681634782675724,0.0029880239727417515,0.000305249962710294,0.00038253634696280945,0.0012057368085772189,0.0028575681849646543,0.0035727186878687952,-0.0026909195659596333,0.0007174891295647229,0.0005719892575913506,0.0009619695183322808,-0.0005868329582341709,0.004218265660182524,0.004096182736499708,-0.0019788220966630316,-0.0027368282483865736,-0.003273167285560327,0.00011676167693360005,0.016977316680139486,0.006775423457669899,-0.010500458847848226,-0.01148582087004973,0.0014080805610886672,-0.0007161880304582756,0.0014600518438285688,-0.0007290078888097032,-0.0026909195659596333,0.04551446857828447,-0.000629223684233231,0.0022089511804413726,-0.002114540047517361,0.0022537916994939304,-0.015464767984038284,-0.0010584708839611978,0.0003048768109897596,-0.0004387252180929438,3.902813618916153e-5,0.0006607395255185734,-0.002323458537045733,0.004773503623071114,0.005109398457821639,0.0005149088360718818,0.0017939826464884409,0.0016802154491589389,0.0015967301317314072,-0.0008470995806432822,0.0007174891295647229,-0.000629223684233231,0.00605134672302149,0.00019626673697953275,0.0006669813058716881,-0.0006828666432252425,0.00014079547902084944,0.0009326101224629073,-0.0002357703603014537,-0.0009513618645827244,-0.00026338065128540626,-0.00023413487813063385,0.0012308591018674688,-0.0005202625476907512,2.60830876801495e-5,0.0008074045910403789,0.00039592090831158704,-0.0006366813868680574,0.0011292311303241253,0.0006292727174876235,0.0005719892575913506,0.0022089511804413726,0.00019626673697953275,0.002172701771398009,0.00033398030207453894,-0.0011811591192875622,-0.0006976450418596644,0.00036459623412981093,0.0015724560009089425,0.001671217843375441,0.0016967211750006303,0.001209392456805413,-0.0005960149251084299,-0.001918213255680915,0.0011802402227411837,0.0049671888315459605,0.0002322521348109428,-0.00013608867446854574,-0.0008348108161481264,0.002606480154191914,0.0009619695183322808,-0.002114540047517361,0.0006669813058716881,0.00033398030207453894,0.0034988814009074844,0.0005984850833585132,0.005341206996198624,-2.400974462353334e-5,0.0003379575424669667,0.0015053150078413072,8.693854662593722e-5,0.0013260118585865224,0.003297485815678375,2.38175488339633e-6,-0.002366336525897769,0.0003506365494287372,0.00032247435356897456,-0.0007201697117207449,-0.0008128728005304687,0.0012477209511607924,-0.0005868329582341709,0.0022537916994939304,-0.0006828666432252425,-0.0011811591192875622,0.0005984850833585132,0.0050231802769971174,0.0017187161414051167,-0.0012608825175566378,0.0033419771509663044,0.005880453616726803,0.002720559874008369,0.005878211799424235,-0.009847966811210696,-0.0036921825076327948,0.009529142702156029,0.015550742758774891,0.0002397866016201796,-0.0004029258911176007,-0.004721853999431507,0.00903299907073531,0.004218265660182524,-0.015464767984038284,0.00014079547902084944,-0.0006976450418596644,0.005341206996198624,0.0017187161414051167,0.039398874824228394
