0.02066208615194158,-0.0015175888459601117,0.006075464241854286,0.0024332817304214566,0.0008989334122557603,-1.324577897981842e-5,0.0027682263427916587,0.0012717061498500992,0.0006972859160564141,-0.0010459861514431183,0.00042123669851416997,0.003444361682597255,0.0022934009935118736,0.001367615927943414,0.0020978377899932557,-0.0003622108237039355,0.0016253628468422812,0.000878096709081003,0.009183181645557089,0.006806441070031052,-0.0015175888459601117,0.009623584231360146,6.424956650434598e-5,-0.00012337095295857526,0.0004862823193620456,-0.005502105101614517,-0.0001185853451726474,5.5711414128715243e-5,0.0008781052960572305,0.0018899035219172781,0.0011498123327783314,0.0008899740738506567,-0.0006574716612734852,-0.0026513051817558604,0.0015998079659182468,0.0016064428840454094,-0.000696306878907695,0.0011848405892935327,-1.2224569536344488e-5,0.0033871603704665266,0.006075464241854286,6.424956650434598e-5,0.021749999373464342,0.004811929817182734,-0.0007702622585601174,-0.0041260582942137195,-3.795068083378315e-5,0.0042760582084764125,0.0027197911310144814,-2.5459151966357603e-5,0.0014495714484225016,0.008162787733542183,0.0024621372914073944,-0.0034393106670022842,0.0026726988125287824,-0.0015934041108891074,0.0003645295573421804,-0.0007389712721082831,0.002569354187161045,0.012217137163099703,0.0024332817304214566,-0.00012337095295857526,0.004811929817182734,0.007537643553388103,0.00048415631743506295,0.00114213957746182,-0.00039783029892697123,0.0033581134278586004,0.002423039677753102,0.002035884603558142,-0.00011907573630013764,0.005687115717972235,0.000875418218253911,-0.0051304500290296935,0.0024956735876899045,-0.000626509556650012,-0.0017653011641291325,0.00017346278310045063,0.0013279461846034757,0.005336463252166819,0.0008989334122557603,0.0004862823193620456,-0.0007702622585601174,0.00048415631743506295,0.010187995702391029,0.005018556052823158,-0.00014878037165277447,-0.000765802146004914,0.0007495505859481265,0.00043806503613637586,0.000256956412064862,1.356757917659289e-7,0.0012144184358841847,0.001731327488217296,0.0001920020523376359,0.0019477866392587759,0.002801167111416484,0.0003698033057868809,0.005341069214679656,0.0024622571683804717,-1.324577897981842e-5,-0.005502105101614517,-0.0041260582942137195,0.00114213957746182,0.005018556052823158,0.053356538131575135,0.004253081115269836,-0.00014345219812994541,0.0024219115904285803,-0.0002153758373279206,3.389085199324664e-5,0.0033295920509869067,0.0010309897187544487,0.013521690877214453,-0.001892814611271013,0.0017298988567001508,0.008921986747516809,-0.00016971527686476134,0.0062735851553891026,-0.012934103683417266,0.0027682263427916587,-0.0001185853451726474,-3.795068083378315e-5,-0.00039783029892697123,-0.00014878037165277447,0.004253081115269836,0.008006906493453123,-0.0006971632716497231,0.0006379672196732808,-0.0009401733104763858,0.0009936519846394979,-0.00028932983257236875,-0.00024965030804488476,0.004609754079838789,-0.0004989834072008693,0.00022588692355679626,0.001873600203262428,0.0021284399197473527,0.002932017187431704,-0.001914634122669947,0.0012717061498500992,5.5711414128715243e-5,0.0042760582084764125,0.0033581134278586004,-0.000765802146004914,-0.00014345219812994541,-0.0006971632716497231,0.005628549141927296,0.0023486208620558625,0.0012037861071048286,6.45747811594497e-5,0.005546285072948326,0.000567743976645423,-0.0052242754769422015,0.0026803649373959492,-0.001180463364916976,-0.002407844868248953,0.0004459495566841524,0.0007993460649000926,0.004421062884117488,0.0006972859160564141,0.0008781052960572305,0.0027197911310144814,0.002423039677753102,0.0007495505859481265,0.0024219115904285803,0.0006379672196732808,0.0023486208620558625,0.009389921092134133,0.003389430606738117,0.0006311386117773647,0.0029851455915088053,0.00021238139051398035,-0.0028542612221080683,0.0014521464057892731,-0.00039014243805875085,-0.00014323878815938575,0.0013680091876075362,0.005462853165561708,0.006818935297119253,-0.0010459861514431183,0.0018899035219172781,-2.5459151966357603e-5,0.002035884603558142,0.00043806503613637586,-0.0002153758373279206,-0.0009401733104763858,0.0012037861071048286,0.003389430606738117,0.019310520035140853,-0.0009292631879264685,0.0013113013775884347,6.671428289169519e-5,-0.004956532961231375,0.0011577258245091156,-0.0011459477763199359,-0.004747951056334265,-0.0008698539196969709,0.004568519470546618,-0.002878080650405534,0.00042123669851416997,0.0011498123327783314,0.0014495714484225016,-0.00011907573630013764,0.000256956412064862,3.389085199324664e-5,0.0009936519846394979,6.45747811594497e-5,0.0006311386117773647,-0.0009292631879264685,0.0019433591055758618,0.0006290157621581017,-0.00032129489777110265,0.0009227311208784525,0.0004785826312707959,0.000491930574599271,0.0007227256812563963,0.0008734391833788633,0.0014058556004393251,0.0011645157101418501,0.003444361682597255,0.0008899740738506567,0.008162787733542183,0.005687115717972235,1.356757917659289e-7,0.0033295920509869067,-0.00028932983257236875,0.005546285072948326,0.0029851455915088053,0.0013113013775884347,0.0006290157621581017,0.020112078508004786,0.001206281890812662,-0.0054949255227621134,0.004440376936980848,-0.0015854367148520109,-0.0033577348657843425,0.0019752290383842543,0.0060800074309336595,0.009093269554855862,0.0022934009935118736,-0.0006574716612734852,0.0024621372914073944,0.000875418218253911,0.0012144184358841847,0.0010309897187544487,-0.00024965030804488476,0.000567743976645423,0.00021238139051398035,6.671428289169519e-5,-0.00032129489777110265,0.001206281890812662,0.0021678964160784515,0.0006354007569777554,-0.0003476726128396812,-0.00015888665895434235,0.0008212719276099877,-0.0002471127457830514,0.0016813295316185305,0.0021996374098693194,0.001367615927943414,-0.0026513051817558604,-0.0034393106670022842,-0.0051304500290296935,0.001731327488217296,0.013521690877214453,0.004609754079838789,-0.0052242754769422015,-0.0028542612221080683,-0.004956532961231375,0.0009227311208784525,-0.0054949255227621134,0.0006354007569777554,0.04222249719000401,-0.006214639244154163,0.0030859512960433803,0.018456841918181293,0.001852662186892628,0.01010683930910125,-0.00909639426156908,0.0020978377899932557,0.0015998079659182468,0.0026726988125287824,0.0024956735876899045,0.0001920020523376359,-0.001892814611271013,-0.0004989834072008693,0.0026803649373959492,0.0014521464057892731,0.0011577258245091156,0.0004785826312707959,0.004440376936980848,-0.0003476726128396812,-0.006214639244154163,0.006230077250319359,-0.00021450677445439465,-0.0040538677001063575,0.0016384132420072639,0.0011572920322507354,0.0051248457561780154,-0.0003622108237039355,0.0016064428840454094,-0.0015934041108891074,-0.000626509556650012,0.0019477866392587759,0.0017298988567001508,0.00022588692355679626,-0.001180463364916976,-0.00039014243805875085,-0.0011459477763199359,0.000491930574599271,-0.0015854367148520109,-0.00015888665895434235,0.0030859512960433803,-0.00021450677445439465,0.002688345864431792,0.003463583790154227,0.0002994325107644461,0.000584037022851112,0.0004768203668726764,0.0016253628468422812,-0.000696306878907695,0.0003645295573421804,-0.0017653011641291325,0.002801167111416484,0.008921986747516809,0.001873600203262428,-0.002407844868248953,-0.00014323878815938575,-0.004747951056334265,0.0007227256812563963,-0.0033577348657843425,0.0008212719276099877,0.018456841918181293,-0.0040538677001063575,0.003463583790154227,0.02344423464683257,-0.0005157366203153358,0.004861688617925923,-0.0035306565496744614,0.000878096709081003,0.0011848405892935327,-0.0007389712721082831,0.00017346278310045063,0.0003698033057868809,-0.00016971527686476134,0.0021284399197473527,0.0004459495566841524,0.0013680091876075362,-0.0008698539196969709,0.0008734391833788633,0.0019752290383842543,-0.0002471127457830514,0.001852662186892628,0.0016384132420072639,0.0002994325107644461,-0.0005157366203153358,0.006866085774752528,0.001596601674434045,0.0031648741246644275,0.009183181645557089,-1.2224569536344488e-5,0.002569354187161045,0.0013279461846034757,0.005341069214679656,0.0062735851553891026,0.002932017187431704,0.0007993460649000926,0.005462853165561708,0.004568519470546618,0.0014058556004393251,0.0060800074309336595,0.0016813295316185305,0.01010683930910125,0.0011572920322507354,0.000584037022851112,0.004861688617925923,0.001596601674434045,0.04905315788349879,0.003916404491741382,0.006806441070031052,0.0033871603704665266,0.012217137163099703,0.005336463252166819,0.0024622571683804717,-0.012934103683417266,-0.001914634122669947,0.004421062884117488,0.006818935297119253,-0.002878080650405534,0.0011645157101418501,0.009093269554855862,0.0021996374098693194,-0.00909639426156908,0.0051248457561780154,0.0004768203668726764,-0.0035306565496744614,0.0031648741246644275,0.003916404491741382,0.04096898279945883
0.016787949032964253,0.0027578377497358485,0.002156563222867552,-0.0003098241409456373,0.000871974121897847,0.011388653701261454,0.0025662454843361957,-0.0003963915193164741,0.0008056469349529971,-0.002175600245370177,-0.0013210970606214105,0.0007101836942290712,0.0011168229509313586,-0.0004625901504366996,0.0008196242628914902,0.0016158105183761572,-0.001861186261301199,0.003304389676338809,0.0031729233323066325,0.0008293117234195224,0.0027578377497358485,0.008900166199020702,0.003479697170481612,0.0001432483540148101,0.0028896074462571326,0.0029546665211062657,0.0020164803215957094,0.0012884355481904228,0.0018654330870721638,-0.004877587319028504,0.0003340917328005675,-0.0003395368770418775,0.0005327574645522645,0.0019408792867255421,0.0005106827104358864,0.0011694848456617352,-0.00019798951211747872,0.0016364393619302934,0.0015672955071580454,-0.0015124484793859671,0.002156563222867552,0.003479697170481612,0.030059560656815316,0.0023695332166941115,0.010160765497129591,0.0003487454219661592,-7.051921712274492e-5,0.004511295948405398,0.005527082691071593,-0.007145306430028119,-0.000987260070489898,-0.0031303764100390867,-0.0016893026645969852,0.001844877198937463,-0.0011544513902990686,0.003537868586556696,-0.003679331209775369,0.0046504161126987905,0.0023256640264316193,-0.005791275568483051,-0.0003098241409456373,0.0001432483540148101,0.0023695332166941115,0.006016309966949351,8.668417080460935e-5,0.004149885512327315,0.0005497176632512752,0.00033267289201549955,-0.00117007503796946,0.001571114878701731,0.0003575302507247041,-0.000823903740176296,-0.0002877618670580704,0.0029263329517654466,-0.00018488383123757172,0.000876804416538605,-0.0021926101459660745,0.0009847289281330954,0.0007401069551575957,0.0012630466848665665,0.000871974121897847,0.0028896074462571326,0.010160765497129591,8.668417080460935e-5,0.01321659663835221,-0.0014753374682459335,0.0013911128435220139,0.003886282687717911,0.0048802912278039755,-0.004795399001371081,4.032517210930983e-5,-0.0011704967184239835,0.0002682925068156854,0.002809448102396307,0.0010026573075749615,0.0019198936686542945,0.002985382851136286,0.0033269647605055604,0.0014519113087126197,-0.004201813440120037,0.011388653701261454,0.0029546665211062657,0.0003487454219661592,0.004149885512327315,-0.0014753374682459335,0.05093936028220046,0.0049445146848932035,-0.0017581865343236493,0.00034863348290165496,-0.0012249183103784122,-0.0009604731335421091,0.0022015555907747043,0.0005854005362501794,-9.771364170482136e-5,7.703887965283221e-5,0.0010472567685287295,-0.002743224588813018,0.00010701983859173541,-2.1932841606582716e-5,0.0053356442201971475,0.0025662454843361957,0.0020164803215957094,-7.051921712274492e-5,0.0005497176632512752,0.0013911128435220139,0.0049445146848932035,0.009482467022117252,-6.813525772797859e-5,0.001606563153653314,0.000874558327852522,-0.0002446052251601083,0.003949863734431638,0.0013904931143959203,0.003116197703396975,0.0016407894963417406,0.0008037418915755868,0.004186508265514838,0.000917003923038143,0.0020825127599897555,0.0023669753334376598,-0.0003963915193164741,0.0012884355481904228,0.004511295948405398,0.00033267289201549955,0.003886282687717911,-0.0017581865343236493,-6.813525772797859e-5,0.004901903149976332,0.002726862050204787,-0.0005857649422850402,0.000517855845687348,-0.0008180316671352141,-0.00012963581597167045,0.0016762670624081671,-0.0005277030392816818,0.0015448240829841293,0.001890281977316048,0.0012664371657886636,-0.0011387604138811884,-0.0008283289666889957,0.0008056469349529971,0.0018654330870721638,0.005527082691071593,-0.00117007503796946,0.0048802912278039755,0.00034863348290165496,0.001606563153653314,0.002726862050204787,0.010919441325678616,-0.0009736332144942814,0.00040189771801336243,0.0012537825789821337,-0.00013086367833572377,0.0032835077321253883,0.0010617332907364844,0.0016349870561547166,0.0032402835344661,0.00101920794918837,-0.0006607188808811884,-0.0030986159301362552,-0.002175600245370177,-0.004877587319028504,-0.007145306430028119,0.001571114878701731,-0.004795399001371081,-0.0012249183103784122,0.000874558327852522,-0.0005857649422850402,-0.0009736332144942814,0.02428701050632211,0.0008555885726301892,0.0030060364053297694,0.0008248515099021586,0.003980727318446408,0.001023924140365576,0.0001026945458397398,0.003798776669288141,0.0006943531369817922,-0.0004826586459397513,0.006927625570182942,-0.0013210970606214105,0.0003340917328005675,-0.000987260070489898,0.0003575302507247041,4.032517210930983e-5,-0.0009604731335421091,-0.0002446052251601083,0.000517855845687348,0.00040189771801336243,0.0008555885726301892,0.0017557968564809107,0.0003909776046954274,0.0001246994973357136,0.0015807999110589426,0.0005203944793539271,0.00012130466249582426,0.0005094106657257253,-0.001059388655374477,-0.0012617537210740854,0.00094054783366938,0.0007101836942290712,-0.0003395368770418775,-0.0031303764100390867,-0.000823903740176296,-0.0011704967184239835,0.0022015555907747043,0.003949863734431638,-0.0008180316671352141,0.0012537825789821337,0.0030060364053297694,0.0003909776046954274,0.015977793777899048,0.0005535449556344904,0.004541487408257363,0.0016962742898831383,8.376554632710722e-5,0.0013082322699111031,-0.0002479273842263777,0.0012715189776293526,0.0030815020473245612,0.0011168229509313586,0.0005327574645522645,-0.0016893026645969852,-0.0002877618670580704,0.0002682925068156854,0.0005854005362501794,0.0013904931143959203,-0.00012963581597167045,-0.00013086367833572377,0.0008248515099021586,0.0001246994973357136,0.0005535449556344904,0.0018590075420693826,0.0006494865976832977,0.0009156642804271735,0.00016348663841611404,0.0016335704713672705,0.0008728784094183813,0.0009267366945751855,0.000839552054704278,-0.0004625901504366996,0.0019408792867255421,0.001844877198937463,0.0029263329517654466,0.002809448102396307,-9.771364170482136e-5,0.003116197703396975,0.0016762670624081671,0.0032835077321253883,0.003980727318446408,0.0015807999110589426,0.004541487408257363,0.0006494865976832977,0.02931094951131908,0.004949601042392176,0.0015376297973317041,-0.003560234948847163,0.0026924032936243,0.00096377446004977,0.001599716998666612,0.0008196242628914902,0.0005106827104358864,-0.0011544513902990686,-0.00018488383123757172,0.0010026573075749615,7.703887965283221e-5,0.0016407894963417406,-0.0005277030392816818,0.0010617332907364844,0.001023924140365576,0.0005203944793539271,0.0016962742898831383,0.0009156642804271735,0.004949601042392176,0.004916935371848536,0.00023798378530155443,8.133932720364573e-5,0.0009618922813383865,-0.00023014940924503158,-0.0013289279900178957,0.0016158105183761572,0.0011694848456617352,0.003537868586556696,0.000876804416538605,0.0019198936686542945,0.0010472567685287295,0.0008037418915755868,0.0015448240829841293,0.0016349870561547166,0.0001026945458397398,0.00012130466249582426,8.376554632710722e-5,0.00016348663841611404,0.0015376297973317041,0.00023798378530155443,0.0024009891276850033,-0.000841748953518762,0.0014280848140989565,0.0006165896114936249,-0.001036768575993712,-0.001861186261301199,-0.00019798951211747872,-0.003679331209775369,-0.0021926101459660745,0.002985382851136286,-0.002743224588813018,0.004186508265514838,0.001890281977316048,0.0032402835344661,0.003798776669288141,0.0005094106657257253,0.0013082322699111031,0.0016335704713672705,-0.003560234948847163,8.133932720364573e-5,-0.000841748953518762,0.021665645991577314,0.0011425231438386856,-0.001990989044268641,0.0038789879738870834,0.003304389676338809,0.0016364393619302934,0.0046504161126987905,0.0009847289281330954,0.0033269647605055604,0.00010701983859173541,0.000917003923038143,0.0012664371657886636,0.00101920794918837,0.0006943531369817922,-0.001059388655374477,-0.0002479273842263777,0.0008728784094183813,0.0026924032936243,0.0009618922813383865,0.0014280848140989565,0.0011425231438386856,0.0104671312775815,0.005090433066187831,-0.00363802385289162,0.0031729233323066325,0.0015672955071580454,0.0023256640264316193,0.0007401069551575957,0.0014519113087126197,-2.1932841606582716e-5,0.0020825127599897555,-0.0011387604138811884,-0.0006607188808811884,-0.0004826586459397513,-0.0012617537210740854,0.0012715189776293526,0.0009267366945751855,0.00096377446004977,-0.00023014940924503158,0.0006165896114936249,-0.001990989044268641,0.005090433066187831,0.030698501279134274,0.002289769962739333,0.0008293117234195224,-0.0015124484793859671,-0.005791275568483051,0.0012630466848665665,-0.004201813440120037,0.0053356442201971475,0.0023669753334376598,-0.0008283289666889957,-0.0030986159301362552,0.006927625570182942,0.00094054783366938,0.0030815020473245612,0.000839552054704278,0.001599716998666612,-0.0013289279900178957,-0.001036768575993712,0.0038789879738870834,-0.00363802385289162,0.002289769962739333,0.029951582880982576
