0.009599490688566886,0.0018434021142630561,0.0009303410793000076,0.0005544526761180662,0.0016334067533180774,-0.0003824776433886529,-9.657982285280115e-5,0.0003490216629815601,0.00020420041661485967,0.0005726143663443359,0.0007813575806906775,0.0005584606876593032,0.0008237820056603104,0.0003784712838691775,0.002837995690552762,0.00247668294981671,0.0004763205637664991,0.000682963033465601,0.0004499088163691596,0.0013911469321941155,0.0018434021142630561,0.006544598460611015,0.0006230291087168207,0.0010337012424276807,0.0014901696974979285,0.0006216709988890498,0.0002837466723062988,0.0007736142274746439,0.00045102680651661173,0.0008710992522199298,0.0013989118108077526,0.000811011262888756,0.00023744167579977337,0.0008723808855139134,0.0018304152937271283,0.002211800603705753,0.0009124395763764839,0.0009990342181421057,0.0001413747329780035,0.0008567805897432218,0.0009303410793000076,0.0006230291087168207,0.003991147640803112,0.0005148843588276308,0.0008559419355915487,0.00015838783678936985,-0.0003421960908108198,0.0004081395093423003,0.0003790773046461558,0.001330567157205928,0.0010400883503910326,0.0003938538119746635,0.0006304156820720481,0.0008858860745347,0.00164944852381571,0.0017802015366008795,0.0007464937560256995,-0.0002471828903145185,0.0002475339738735391,0.0004977759919440414,0.0005544526761180662,0.0010337012424276807,0.0005148843588276308,0.005223408613463973,0.0010959797743008673,0.0004196462984328005,4.853017605633388e-5,0.0006071956893562634,8.663851780092537e-5,0.00024574864509700495,0.0019227476510132917,0.0005530758453129408,4.8811467529652204e-5,0.000819766553062297,0.0003808249004661232,0.0012470785115404309,0.00081762256385441,0.0009939950004594974,0.0005263167489284542,0.0009990204311637926,0.0016334067533180774,0.0014901696974979285,0.0008559419355915487,0.0010959797743008673,0.008302049248793568,3.2087114436622294e-5,0.00020157518587325866,0.0008220375771865467,0.0009471120758514503,0.000844602194289476,0.002129386908763225,-0.00011563954918461584,0.0002541586675193755,0.001842919891023956,0.001952802429499285,0.0008481063561660941,0.0005078002373358295,0.0019303549201569324,0.0009748444145510865,0.0008435382319675821,-0.0003824776433886529,0.0006216709988890498,0.00015838783678936985,0.0004196462984328005,3.2087114436622294e-5,0.0032085520290133563,0.0001091378899574015,0.00043575304101613167,0.0001397048592871428,0.00015654515606719542,-0.0003525527404818921,0.0007097632520417702,0.00026061867523028673,0.0006693488194535624,-0.00018461941373602685,0.000395476044733123,0.0006332225741465041,-0.00017016426251588066,4.2664206382788053e-5,0.0005550062681853373,-9.657982285280115e-5,0.0002837466723062988,-0.0003421960908108198,4.853017605633388e-5,0.00020157518587325866,0.0001091378899574015,0.0054115788509458045,-4.3231620916993053e-5,-1.238631544664763e-5,0.0011902954554110431,-6.015762352649844e-6,9.31207025978741e-5,0.0003914855887254999,0.0001743575772871392,-0.00024435523626081996,0.0002568830602943571,0.0003156057560924877,0.0010672057593579072,-0.00018395428841796132,7.558060990478739e-5,0.0003490216629815601,0.0007736142274746439,0.0004081395093423003,0.0006071956893562634,0.0008220375771865467,0.00043575304101613167,-4.3231620916993053e-5,0.0027728621121579713,0.0004406755122138986,-0.0006298916976825188,0.0005381657830366167,0.0005802009739048312,-1.8863969505545885e-5,0.0006159922624296633,0.0006047080062826892,0.0006297607808572466,0.0002345273415958247,0.00035430047601211253,0.00027181855747290893,0.0007244427953845698,0.00020420041661485967,0.00045102680651661173,0.0003790773046461558,8.663851780092537e-5,0.0009471120758514503,0.0001397048592871428,-1.238631544664763e-5,0.0004406755122138986,0.002390325674072557,-0.00022161587034232437,0.00015725626117042783,0.00018959260669294662,0.0003021757861399217,0.00014839692990593185,8.309200687714071e-5,-0.00011768577676054802,0.0003200696085298806,0.00022539246879976326,0.00037021773563397447,-9.618933075953949e-5,0.0005726143663443359,0.0008710992522199298,0.001330567157205928,0.00024574864509700495,0.000844602194289476,0.00015654515606719542,0.0011902954554110431,-0.0006298916976825188,-0.00022161587034232437,0.010827382981447588,0.0008996080587537713,0.0004290850538143648,0.0007870939936768307,0.0011951733665748602,0.0015813903130436368,0.0015338714071044678,0.0009218059596298591,-0.0009400166126405169,0.00015291303570618033,0.0004506388090404089,0.0007813575806906775,0.0013989118108077526,0.0010400883503910326,0.0019227476510132917,0.002129386908763225,-0.0003525527404818921,-6.015762352649844e-6,0.0005381657830366167,0.00015725626117042783,0.0008996080587537713,0.013406970294052521,-0.0002446775403660849,0.0003946643525807788,0.0009269376420549312,0.0020875561618562506,0.000753205446074647,-0.0003422932800976309,0.0012343108837841283,0.0008004219601837135,0.0010540920135700964,0.0005584606876593032,0.000811011262888756,0.0003938538119746635,0.0005530758453129408,-0.00011563954918461584,0.0007097632520417702,9.31207025978741e-5,0.0005802009739048312,0.00018959260669294662,0.0004290850538143648,-0.0002446775403660849,0.004405955233319304,0.00024066086547460454,0.0006007023607010869,0.0004371196228849585,0.0017349234012396764,0.0005526702282792644,0.0006220940177019276,-0.0003003696457221761,-0.0005075109569940691,0.0008237820056603104,0.00023744167579977337,0.0006304156820720481,4.8811467529652204e-5,0.0002541586675193755,0.00026061867523028673,0.0003914855887254999,-1.8863969505545885e-5,0.0003021757861399217,0.0007870939936768307,0.0003946643525807788,0.00024066086547460454,0.0033232093079384986,0.00025698726345174043,0.0007914354921849847,0.0012385282393943416,0.0002603160493888376,0.0002628741687009139,0.0005069510091257492,0.0006095884712251603,0.0003784712838691775,0.0008723808855139134,0.0008858860745347,0.000819766553062297,0.001842919891023956,0.0006693488194535624,0.0001743575772871392,0.0006159922624296633,0.00014839692990593185,0.0011951733665748602,0.0009269376420549312,0.0006007023607010869,0.00025698726345174043,0.007411860368363011,0.0015253528147921452,0.0008076233656301833,0.0013388339114946254,0.0013457003216491125,0.0005592023180967673,0.0010542401566875355,0.002837995690552762,0.0018304152937271283,0.00164944852381571,0.0003808249004661232,0.001952802429499285,-0.00018461941373602685,-0.00024435523626081996,0.0006047080062826892,8.309200687714071e-5,0.0015813903130436368,0.0020875561618562506,0.0004371196228849585,0.0007914354921849847,0.0015253528147921452,0.013447533461287148,0.0005756563798348534,-0.0005857967686813113,0.00048645941258032143,0.0008421930705201868,0.0008765514455625101,0.00247668294981671,0.002211800603705753,0.0017802015366008795,0.0012470785115404309,0.0008481063561660941,0.000395476044733123,0.0002568830602943571,0.0006297607808572466,-0.00011768577676054802,0.0015338714071044678,0.000753205446074647,0.0017349234012396764,0.0012385282393943416,0.0008076233656301833,0.0005756563798348534,0.015075779015826466,0.002115004357724542,0.0014121450665229786,0.0001934508254739999,0.0001505757421985772,0.0004763205637664991,0.0009124395763764839,0.0007464937560256995,0.00081762256385441,0.0005078002373358295,0.0006332225741465041,0.0003156057560924877,0.0002345273415958247,0.0003200696085298806,0.0009218059596298591,-0.0003422932800976309,0.0005526702282792644,0.0002603160493888376,0.0013388339114946254,-0.0005857967686813113,0.002115004357724542,0.007181954308932481,0.00044611836613134195,3.3996498815454062e-6,0.0003713826590477728,0.000682963033465601,0.0009990342181421057,-0.0002471828903145185,0.0009939950004594974,0.0019303549201569324,-0.00017016426251588066,0.0010672057593579072,0.00035430047601211253,0.00022539246879976326,-0.0009400166126405169,0.0012343108837841283,0.0006220940177019276,0.0002628741687009139,0.0013457003216491125,0.00048645941258032143,0.0014121450665229786,0.00044611836613134195,0.009259836740530929,0.0001732790612301276,0.0003905552973552205,0.0004499088163691596,0.0001413747329780035,0.0002475339738735391,0.0005263167489284542,0.0009748444145510865,4.2664206382788053e-5,-0.00018395428841796132,0.00027181855747290893,0.00037021773563397447,0.00015291303570618033,0.0008004219601837135,-0.0003003696457221761,0.0005069510091257492,0.0005592023180967673,0.0008421930705201868,0.0001934508254739999,3.3996498815454062e-6,0.0001732790612301276,0.002075011394128496,0.0005728451591357211,0.0013911469321941155,0.0008567805897432218,0.0004977759919440414,0.0009990204311637926,0.0008435382319675821,0.0005550062681853373,7.558060990478739e-5,0.0007244427953845698,-9.618933075953949e-5,0.0004506388090404089,0.0010540920135700964,-0.0005075109569940691,0.0006095884712251603,0.0010542401566875355,0.0008765514455625101,0.0001505757421985772,0.0003713826590477728,0.0003905552973552205,0.0005728451591357211,0.009885021803700008
