0.006895066227044956,0.002130009844005452,-0.0010121420460691116,0.002131209045760931,0.0009222207171235824,0.0017990453200747215,0.0003693911458082365,0.00451762618119432,0.004720073011334485,0.0016017745203753945,0.0006809574945666915,0.0026832516070070395,0.002338985654314394,0.0014994280886852511,0.0056018681676759385,0.0001847556428805495,0.0018643203027008228,7.139984945874602e-5,-0.0022229866182722283,0.001327321864432653,0.002130009844005452,0.005467742262894613,0.0007424961219544216,0.0020622498107103543,-0.0003460611310420128,0.002335193759047999,0.0029536017627561743,-0.0002445751590310055,0.004780469010722916,-2.6983197946821155e-5,0.0011576312376345465,0.00106858362938211,-0.0003968972580100272,0.0010327843637600801,-0.0013649747521845943,0.00018285267493751132,0.00012021534087435137,0.0004650992637656587,0.0011191059173578247,-0.0002782568754916365,-0.0010121420460691116,0.0007424961219544216,0.006180410530966654,0.0011656796657805721,0.0020875372759282863,0.003118860199221301,0.005975800548530424,0.00016991010405642586,0.0025660145412764864,-9.539999952384181e-5,0.00059469989765618,-0.0002684042308054662,0.0006120781818665911,0.00025160491618943275,-0.005497682379283678,0.0006461411640862847,-0.0016979651850968097,0.0016113578799346034,0.005559843143711489,0.005553062317046468,0.002131209045760931,0.0020622498107103543,0.0011656796657805721,0.0036441198275929316,-0.00036360041942400356,0.002822328274553321,0.0007299994717811164,0.0003173308436561949,0.003191136236046839,0.0010262276759799324,0.0014609930297303326,0.0008645745957333191,0.001573711381217484,0.0007401652549159905,-0.0010356656485750984,-9.92728712660542e-5,0.00019580555352822902,0.0005419395343315694,0.0017590112580670137,0.0028210567837034925,0.0009222207171235824,-0.0003460611310420128,0.0020875372759282863,-0.00036360041942400356,0.007793928697371499,0.0018459457567407923,0.007209382725800312,0.004760796179616679,0.0035116647658928616,0.0017272851823225562,0.001263021795765181,0.0005046511562499013,0.0005259994545866625,0.0013118576533107805,0.005878308682768837,0.0012426396527058007,0.0004249786970114257,0.0014477412756282097,0.0016725007168356845,0.0028640531386542626,0.0017990453200747215,0.002335193759047999,0.003118860199221301,0.002822328274553321,0.0018459457567407923,0.024918160110530045,0.005731438721575738,0.004518832356559201,0.009427673684167462,0.002857553318361475,0.001357836684865838,0.0026941886324857835,0.0020015464883748734,0.0011745688873349234,0.008516753709299975,-0.00045585850630288456,0.0012513665542167023,0.0008248134175995194,0.005000993674542199,0.0024579289852561695,0.0003693911458082365,0.0029536017627561743,0.005975800548530424,0.0007299994717811164,0.007209382725800312,0.005731438721575738,0.04004823711015788,0.0037383567383251683,0.010840778755524035,-0.0006146595734404936,0.0034236201622111096,0.0033097692497242436,-0.0025201357872407034,0.0033473816825208683,0.0009825894424897296,0.003307729599754273,-0.0018896267157956473,0.00025074719983188905,0.007723775543201782,0.007147563381648481,0.00451762618119432,-0.0002445751590310055,0.00016991010405642586,0.0003173308436561949,0.004760796179616679,0.004518832356559201,0.0037383567383251683,0.03202921353634392,0.001453459199019546,0.004347427693444149,0.0011057624506327112,0.011146075744956263,0.005163727394967788,0.0016907403147647202,0.024143992023918405,0.0019403605740594854,0.004622167421738304,-1.4060766767860879e-5,-0.004924609074922754,0.00019832086713529866,0.004720073011334485,0.004780469010722916,0.0025660145412764864,0.003191136236046839,0.0035116647658928616,0.009427673684167462,0.010840778755524035,0.001453459199019546,0.023122367489759627,0.0001680865892448915,0.0012343386079606842,0.00191130821887351,0.0002010616760943592,0.003148505848591753,0.0007914104330519923,0.0003658444309900138,-0.0013873670329765594,0.001121977675552264,0.004395258629780562,0.002879299680971875,0.0016017745203753945,-2.6983197946821155e-5,-9.539999952384181e-5,0.0010262276759799324,0.0017272851823225562,0.002857553318361475,-0.0006146595734404936,0.004347427693444149,0.0001680865892448915,0.004393367271472434,0.00032364574936932604,-8.368219072267477e-5,0.0016148735784084337,0.00034800169929248716,0.006804071476621291,0.00047325017413467915,0.0017746120124296433,0.00019804995587002807,0.0001724025989366191,0.0018990760020734983,0.0006809574945666915,0.0011576312376345465,0.00059469989765618,0.0014609930297303326,0.001263021795765181,0.001357836684865838,0.0034236201622111096,0.0011057624506327112,0.0012343386079606842,0.00032364574936932604,0.005586334532940841,5.1539694627001625e-5,-0.0006519293740010782,0.001579823153658275,0.0012355347073863452,0.0002959759766062735,0.00022487798669302444,0.001380179992407263,0.0008524910496709565,0.00143031404209087,0.0026832516070070395,0.00106858362938211,-0.0002684042308054662,0.0008645745957333191,0.0005046511562499013,0.0026941886324857835,0.0033097692497242436,0.011146075744956263,0.00191130821887351,-8.368219072267477e-5,5.1539694627001625e-5,0.02127631287268825,0.0060228175028107424,0.0011043852788943302,0.00865313500794319,0.0022606789689414934,0.0016438482515426737,-0.0008853471610514509,-0.002953060834278214,-0.0003975571160159056,0.002338985654314394,-0.0003968972580100272,0.0006120781818665911,0.001573711381217484,0.0005259994545866625,0.0020015464883748734,-0.0025201357872407034,0.005163727394967788,0.0002010616760943592,0.0016148735784084337,-0.0006519293740010782,0.0060228175028107424,0.010337988193202426,0.0004760465016958851,0.005308816698773118,0.0006857290675438361,0.0013045215312074095,0.00023839792128007176,-0.0016487927025806638,0.003323013296104672,0.0014994280886852511,0.0010327843637600801,0.00025160491618943275,0.0007401652549159905,0.0013118576533107805,0.0011745688873349234,0.0033473816825208683,0.0016907403147647202,0.003148505848591753,0.00034800169929248716,0.001579823153658275,0.0011043852788943302,0.0004760465016958851,0.0037425171924451994,0.0008990338912760534,0.00022202293274574728,0.000251056523342766,0.0007486900714425873,0.0003847689121029918,0.0008125896446961719,0.0056018681676759385,-0.0013649747521845943,-0.005497682379283678,-0.0010356656485750984,0.005878308682768837,0.008516753709299975,0.0009825894424897296,0.024143992023918405,0.0007914104330519923,0.006804071476621291,0.0012355347073863452,0.00865313500794319,0.005308816698773118,0.0008990338912760534,0.06572694267404279,-0.0004759060522108601,0.008934729682859346,-0.0007573308831172135,-0.009275487272540487,-0.0037892760167606444,0.0001847556428805495,0.00018285267493751132,0.0006461411640862847,-9.92728712660542e-5,0.0012426396527058007,-0.00045585850630288456,0.003307729599754273,0.0019403605740594854,0.0003658444309900138,0.00047325017413467915,0.0002959759766062735,0.0022606789689414934,0.0006857290675438361,0.00022202293274574728,-0.0004759060522108601,0.004831334093209865,6.0009360868837736e-5,0.0002584671022072754,0.00032112763464981885,-0.00011764871287673935,0.0018643203027008228,0.00012021534087435137,-0.0016979651850968097,0.00019580555352822902,0.0004249786970114257,0.0012513665542167023,-0.0018896267157956473,0.004622167421738304,-0.0013873670329765594,0.0017746120124296433,0.00022487798669302444,0.0016438482515426737,0.0013045215312074095,0.000251056523342766,0.008934729682859346,6.0009360868837736e-5,0.003618996984776008,-0.0004596212660917512,-0.0031739903673767473,-0.0005732577943189113,7.139984945874602e-5,0.0004650992637656587,0.0016113578799346034,0.0005419395343315694,0.0014477412756282097,0.0008248134175995194,0.00025074719983188905,-1.4060766767860879e-5,0.001121977675552264,0.00019804995587002807,0.001380179992407263,-0.0008853471610514509,0.00023839792128007176,0.0007486900714425873,-0.0007573308831172135,0.0002584671022072754,-0.0004596212660917512,0.0027637690744258393,0.0016431433582044523,0.0012038597838909914,-0.0022229866182722283,0.0011191059173578247,0.005559843143711489,0.0017590112580670137,0.0016725007168356845,0.005000993674542199,0.007723775543201782,-0.004924609074922754,0.004395258629780562,0.0001724025989366191,0.0008524910496709565,-0.002953060834278214,-0.0016487927025806638,0.0003847689121029918,-0.009275487272540487,0.00032112763464981885,-0.0031739903673767473,0.0016431433582044523,0.01090991007881455,0.007291505944023098,0.001327321864432653,-0.0002782568754916365,0.005553062317046468,0.0028210567837034925,0.0028640531386542626,0.0024579289852561695,0.007147563381648481,0.00019832086713529866,0.002879299680971875,0.0018990760020734983,0.00143031404209087,-0.0003975571160159056,0.003323013296104672,0.0008125896446961719,-0.0037892760167606444,-0.00011764871287673935,-0.0005732577943189113,0.0012038597838909914,0.007291505944023098,0.030804911623597615
0.004593400369596132,0.0004456446983192605,-0.0007329254983314149,0.00011143081244327567,0.0006050127782273622,0.0013160308646042985,0.0011903779656182963,0.002504504288566762,0.0016518435671676345,0.0007915002647871704,0.0007775202774256301,0.00044908461807257737,0.0023515490881373096,0.000826351951786239,0.0032498308064648927,0.0010193237497459076,0.0005275960222581664,0.0005966604287896305,-0.00044296558500954517,0.0033642130280934187,0.0004456446983192605,0.0037530657890223374,4.908901517247786e-5,3.730170857209312e-5,0.0006654561825053502,-0.00042339127280315546,0.0009128263939854593,-0.0005224895558212921,0.0011414604794928382,0.000872595059196336,0.0007795544172864188,3.1971673704960765e-5,0.0002120506563085613,-0.0004005168136838231,0.0008819714134129978,0.000462351607734648,0.0005280318065250468,1.472477547062754e-5,6.114397061111415e-5,0.0026434509480192936,-0.0007329254983314149,4.908901517247786e-5,0.002939348061741848,0.00024104609881180888,1.7642264755678598e-6,-0.0017573444671649772,-0.0002581556359806344,-8.291029678042342e-5,0.0006022246570376224,0.0008847861958587386,5.238116738317203e-5,0.0013138478822524086,-0.0003723073317125783,0.0005599877910895244,-0.0011196595972549654,-0.0004702039367263553,0.0005282987652357352,-0.00010999963014910632,0.0006601921112804787,-0.0011882831850420668,0.00011143081244327567,3.730170857209312e-5,0.00024104609881180888,0.0020958749002517965,0.0010848721429849244,0.00011774522901250077,-0.0008828118256288945,-0.0004304183141750625,0.0015434118779377784,0.00017386594554707265,-0.0004873906658922902,0.0014068898678313013,0.00022151680658150964,0.0003105287150714235,0.001993028721178504,0.0006019960930802087,-0.00014541720548706915,0.0004118760752763753,-4.103142399596466e-5,0.0013592675822003014,0.0006050127782273622,0.0006654561825053502,1.7642264755678598e-6,0.0010848721429849244,0.00609951064327949,0.00017449864291837163,-0.0006244014468958336,-0.001526276015518157,0.003313178940630015,0.0006711236865842682,-9.98892602232471e-5,-6.29892881988318e-5,0.0005794743574272605,-0.00013340970685027465,0.00516631672371098,0.0015128649139460647,0.00031343052510082004,0.00033651438253341325,-0.0006881217747528888,0.006490309284917313,0.0013160308646042985,-0.00042339127280315546,-0.0017573444671649772,0.00011774522901250077,0.00017449864291837163,0.019252213416793323,0.0009457680333017053,-0.00010798581195581442,0.0001349448123371238,-0.0013212770646971283,-0.0016559487352011736,-0.003191420356820153,-0.0011806682811539822,-0.0015687827479919927,0.002768496962712009,0.002796830925378845,-0.0008006406417467541,-9.305475614654987e-5,-0.00132166704452218,-0.0017714617065587687,0.0011903779656182963,0.0009128263939854593,-0.0002581556359806344,-0.0008828118256288945,-0.0006244014468958336,0.0009457680333017053,0.022407436413058066,2.4535894803659728e-5,0.0006590534477829647,0.0019357466769114881,0.0005475441887479002,-0.0006507378871708964,0.0007798611142575337,-0.0010651871865376195,0.0018930318355689607,0.0001517742515144797,0.0016927817052368877,0.0010473514104979414,-0.00021504754174395357,-0.0024645248365684925,0.002504504288566762,-0.0005224895558212921,-8.291029678042342e-5,-0.0004304183141750625,-0.001526276015518157,-0.00010798581195581442,2.4535894803659728e-5,0.028935797710994436,-0.003095223465436238,-0.0008466667615806133,0.0013675005252065911,0.004079271381897507,0.002533383346532747,0.0015136606867391805,-0.006095089311054316,7.95708719416774e-5,0.001445246918358604,0.0008464990780198645,0.0004746858086029222,-0.0035153950816619274,0.0016518435671676345,0.0011414604794928382,0.0006022246570376224,0.0015434118779377784,0.003313178940630015,0.0001349448123371238,0.0006590534477829647,-0.003095223465436238,0.015486531511684004,0.0021127631970987264,0.0008685527053818001,0.0003528348215968444,0.002247865913511353,0.001567011854531009,0.009156467832673387,0.0031393184840032445,0.001649660041736853,0.001273326798454121,5.5805897874927605e-5,0.009418710589557443,0.0007915002647871704,0.000872595059196336,0.0008847861958587386,0.00017386594554707265,0.0006711236865842682,-0.0013212770646971283,0.0019357466769114881,-0.0008466667615806133,0.0021127631970987264,0.003886886985634996,0.0013030117933484418,0.0001373620034608491,0.00217140823697871,0.0006028194165929928,0.004811650991520932,0.0009450145985732891,0.000983168300799466,0.0009427583499123184,-3.724519520656676e-5,0.003175966714778544,0.0007775202774256301,0.0007795544172864188,5.238116738317203e-5,-0.0004873906658922902,-9.98892602232471e-5,-0.0016559487352011736,0.0005475441887479002,0.0013675005252065911,0.0008685527053818001,0.0013030117933484418,0.005052922348666855,0.0001192562599198777,0.0016062246369375564,0.0005934418085879333,0.0005626432676284957,-0.0004181897751122832,0.0011003249156348969,0.0006625618726606407,0.0009052842057934172,0.0008550276927024496,0.00044908461807257737,3.1971673704960765e-5,0.0013138478822524086,0.0014068898678313013,-6.29892881988318e-5,-0.003191420356820153,-0.0006507378871708964,0.004079271381897507,0.0003528348215968444,0.0001373620034608491,0.0001192562599198777,0.01810474767692092,-0.0008729158997968376,-0.0006461709354640592,-0.0006745763147764628,-0.00161607670951717,0.00016286488147752897,0.00039666692143855225,0.0011194681905383837,0.00010578879179461335,0.0023515490881373096,0.0002120506563085613,-0.0003723073317125783,0.00022151680658150964,0.0005794743574272605,-0.0011806682811539822,0.0007798611142575337,0.002533383346532747,0.002247865913511353,0.00217140823697871,0.0016062246369375564,-0.0008729158997968376,0.010330839963238034,0.0022243212795634588,0.008540827108736465,0.002294677122244384,0.0009086530320490261,0.0013259743006986211,-0.0012114307254919498,0.005855689374563759,0.000826351951786239,-0.0004005168136838231,0.0005599877910895244,0.0003105287150714235,-0.00013340970685027465,-0.0015687827479919927,-0.0010651871865376195,0.0015136606867391805,0.001567011854531009,0.0006028194165929928,0.0005934418085879333,-0.0006461709354640592,0.0022243212795634588,0.004262926173723643,0.003475648897156421,0.000852477716670501,0.0006686193633741034,0.0006987240293596678,0.00018760154460805337,0.0013934386405550104,0.0032498308064648927,0.0008819714134129978,-0.0011196595972549654,0.001993028721178504,0.00516631672371098,0.002768496962712009,0.0018930318355689607,-0.006095089311054316,0.009156467832673387,0.004811650991520932,0.0005626432676284957,-0.0006745763147764628,0.008540827108736465,0.003475648897156421,0.0527166336968916,0.009519808552720353,0.00336992116568678,0.0037498666838514734,-0.0030267408329938735,0.021823556313611152,0.0010193237497459076,0.000462351607734648,-0.0004702039367263553,0.0006019960930802087,0.0015128649139460647,0.002796830925378845,0.0001517742515144797,7.95708719416774e-5,0.0031393184840032445,0.0009450145985732891,-0.0004181897751122832,-0.00161607670951717,0.002294677122244384,0.000852477716670501,0.009519808552720353,0.006851039640298353,0.00015635436747474387,0.0015068667490309978,-0.0007012025627679923,0.0037434678787982593,0.0005275960222581664,0.0005280318065250468,0.0005282987652357352,-0.00014541720548706915,0.00031343052510082004,-0.0008006406417467541,0.0016927817052368877,0.001445246918358604,0.001649660041736853,0.000983168300799466,0.0011003249156348969,0.00016286488147752897,0.0009086530320490261,0.0006686193633741034,0.00336992116568678,0.00015635436747474387,0.0035567181322395123,0.000569076036255517,-0.00011866196120296951,0.0015332652847311673,0.0005966604287896305,1.472477547062754e-5,-0.00010999963014910632,0.0004118760752763753,0.00033651438253341325,-9.305475614654987e-5,0.0010473514104979414,0.0008464990780198645,0.001273326798454121,0.0009427583499123184,0.0006625618726606407,0.00039666692143855225,0.0013259743006986211,0.0006987240293596678,0.0037498666838514734,0.0015068667490309978,0.000569076036255517,0.002779736439871164,-0.00017938235475030531,0.001916839556076981,-0.00044296558500954517,6.114397061111415e-5,0.0006601921112804787,-4.103142399596466e-5,-0.0006881217747528888,-0.00132166704452218,-0.00021504754174395357,0.0004746858086029222,5.5805897874927605e-5,-3.724519520656676e-5,0.0009052842057934172,0.0011194681905383837,-0.0012114307254919498,0.00018760154460805337,-0.0030267408329938735,-0.0007012025627679923,-0.00011866196120296951,-0.00017938235475030531,0.0038899502485899755,-0.0028298380010808137,0.0033642130280934187,0.0026434509480192936,-0.0011882831850420668,0.0013592675822003014,0.006490309284917313,-0.0017714617065587687,-0.0024645248365684925,-0.0035153950816619274,0.009418710589557443,0.003175966714778544,0.0008550276927024496,0.00010578879179461335,0.005855689374563759,0.0013934386405550104,0.021823556313611152,0.0037434678787982593,0.0015332652847311673,0.001916839556076981,-0.0028298380010808137,0.042978745513480764
0.005451852823973493,0.0012029378375167407,0.0008671135385091434,-0.0007279875003006885,-0.000582137482128446,0.003060096187557269,0.0005184626367122651,0.0015250055370631343,-0.00048131118205695474,0.0007408985215790562,0.0007146357419750928,0.00024264200881107904,-0.0009552753321529211,0.0009359575929720376,-0.0012380885467143045,0.000904842443397108,0.0007848130021430384,0.0010866425901526226,0.0012578482998943535,0.00242557684034616,0.0012029378375167407,0.006304844633260487,0.0013625167821346563,0.0005783499595700529,0.0012980443130109324,-0.0009797287506246178,0.0018219993293656124,-0.0013636454653211698,0.0016459800154124311,0.0015218513822394845,0.0025313486007614676,0.0010416529081480773,0.00046370391311841615,0.0008384003574236562,0.011357439162473525,0.0002653118983268716,-0.00032994635675689975,-0.00035250179284966783,0.0004489284345017199,1.4486133460396478e-5,0.0008671135385091434,0.0013625167821346563,0.0031430088707633023,0.00028401371289180847,-0.0003232376540427609,-0.001858611894064019,0.0017730802880653925,0.0003692172284453148,0.00020900978196116104,0.0004318684924520926,0.0021315084146520833,-0.0002966149034598808,0.00027416934495168516,0.0004564370995644607,0.004003586843213487,0.0006882226592653943,0.0004347547706201726,-0.0005309071747683503,0.00016120158757854938,0.0015332014237480775,-0.0007279875003006885,0.0005783499595700529,0.00028401371289180847,0.0030053885531699928,0.0008572464451449479,-0.0005618575411701531,-2.8691611021933557e-5,-0.0020593688639167877,0.0005375156209659628,-0.0007451739957843443,-0.0003987314109549048,0.0012699829800417453,-0.0008010615152693808,0.00028836546350175245,0.0011140779661464395,-5.363848116704988e-5,-0.0005414226281803333,-0.0006159209004096933,-0.0005270483468218379,-0.0027573596492528,-0.000582137482128446,0.0012980443130109324,-0.0003232376540427609,0.0008572464451449479,0.005854560329018233,-0.00022342815161742032,-0.0025691066328708094,-0.006308343971265611,0.0017252224346143447,-0.0006227503144822594,-0.0005261225890953454,0.0033117395316728084,0.0008339453756987223,-0.0002804859737007652,0.0023119566152856644,-0.0005626368027813586,-0.0007798730752373861,-0.0011647233381995496,-0.0006483946727757095,-0.007929754959080354,0.003060096187557269,-0.0009797287506246178,-0.001858611894064019,-0.0005618575411701531,-0.00022342815161742032,0.0275894540234365,-0.0019385008984087908,-0.0022857224756558906,3.857091176416553e-5,0.0008563906874249287,-0.0018075230995752813,0.003271289015698962,0.0004302718535033633,0.0001861914906183853,-0.010844176076512292,0.003738133647369482,-8.367742836310862e-5,0.0035664096216639412,0.0005502430619142829,0.008554201156423857,0.0005184626367122651,0.0018219993293656124,0.0017730802880653925,-2.8691611021933557e-5,-0.0025691066328708094,-0.0019385008984087908,0.03195872396129906,0.006587936315046843,0.0006726108398699712,0.003500080025123889,-0.0004258573673420872,0.0016520187556314494,-0.0016908121032333905,0.002829297520898003,0.007708478966279359,0.00047587115584264955,-0.0005543576298655585,-0.00026905256367081113,-0.00159312343105512,0.006840968122632228,0.0015250055370631343,-0.0013636454653211698,0.0003692172284453148,-0.0020593688639167877,-0.006308343971265611,-0.0022857224756558906,0.006587936315046843,0.03910025835703722,-0.005515160558949071,0.00574242318014769,0.0019429517155721962,-0.012449369220665488,-0.0009975144345417413,0.00037703376638335004,0.005665840312727592,0.0014794532107913624,0.0034176632757174346,0.002425051216510481,0.0051776636971156585,0.02445604739490671,-0.00048131118205695474,0.0016459800154124311,0.00020900978196116104,0.0005375156209659628,0.0017252224346143447,3.857091176416553e-5,0.0006726108398699712,-0.005515160558949071,0.012398185213652508,-0.00042531240384580154,0.00011120148691919256,0.0035253436594853225,0.0011624308748405944,3.302583029115621e-5,0.003084005667517325,-0.00135926822820501,0.0005668223453452548,0.00032038002219591426,-0.00114332201899429,-0.0058605213178406675,0.0007408985215790562,0.0015218513822394845,0.0004318684924520926,-0.0007451739957843443,-0.0006227503144822594,0.0008563906874249287,0.003500080025123889,0.00574242318014769,-0.00042531240384580154,0.0043190195253812805,0.0017263066576154525,-0.0016317670740444888,0.0005502774759876933,0.00017133113629830347,0.006912275904960946,0.0007116027733563093,0.0006861784210767209,0.00034020183648049266,0.0013304935770554972,0.006204690594410206,0.0007146357419750928,0.0025313486007614676,0.0021315084146520833,-0.0003987314109549048,-0.0005261225890953454,-0.0018075230995752813,-0.0004258573673420872,0.0019429517155721962,0.00011120148691919256,0.0017263066576154525,0.007181011743119171,-0.0018987387954224777,0.0022877997679575475,-0.0003312558412960731,0.01133500870227348,0.001443700523818178,0.0006670660114845848,-0.0006750862191154028,0.0013815670498938705,0.005975646226650902,0.00024264200881107904,0.0010416529081480773,-0.0002966149034598808,0.0012699829800417453,0.0033117395316728084,0.003271289015698962,0.0016520187556314494,-0.012449369220665488,0.0035253436594853225,-0.0016317670740444888,-0.0018987387954224777,0.021847101530124386,-0.00011572629583481251,0.0015735017078384983,-0.008379177068501057,-0.0008376251087892569,-0.0015045380573616655,-0.001401655759185775,-0.001566033905944704,-0.014471711101041267,-0.0009552753321529211,0.00046370391311841615,0.00027416934495168516,-0.0008010615152693808,0.0008339453756987223,0.0004302718535033633,-0.0016908121032333905,-0.0009975144345417413,0.0011624308748405944,0.0005502774759876933,0.0022877997679575475,-0.00011572629583481251,0.008836194411231985,-6.724553254899401e-5,0.004767429684501442,-0.001163866723453883,0.000494082619258281,-0.001383020824316505,0.0009720843089351937,0.0021313303519193824,0.0009359575929720376,0.0008384003574236562,0.0004564370995644607,0.00028836546350175245,-0.0002804859737007652,0.0001861914906183853,0.002829297520898003,0.00037703376638335004,3.302583029115621e-5,0.00017133113629830347,-0.0003312558412960731,0.0015735017078384983,-6.724553254899401e-5,0.0034526278892753337,-0.0014539306051143122,4.2391485837646326e-5,-7.330531961173769e-5,-0.00033710532119156725,-0.00025079337684627177,-0.0005775910414334165,-0.0012380885467143045,0.011357439162473525,0.004003586843213487,0.0011140779661464395,0.0023119566152856644,-0.010844176076512292,0.007708478966279359,0.005665840312727592,0.003084005667517325,0.006912275904960946,0.01133500870227348,-0.008379177068501057,0.004767429684501442,-0.0014539306051143122,0.07031720586634994,0.0008431614310428685,0.0004008034342881096,-0.003309677870577203,0.0025245449083919364,0.008849143752081623,0.000904842443397108,0.0002653118983268716,0.0006882226592653943,-5.363848116704988e-5,-0.0005626368027813586,0.003738133647369482,0.00047587115584264955,0.0014794532107913624,-0.00135926822820501,0.0007116027733563093,0.001443700523818178,-0.0008376251087892569,-0.001163866723453883,4.2391485837646326e-5,0.0008431614310428685,0.005066666691157484,0.00038717831775082144,0.0008220647401505656,0.0005570799367679092,0.00550068884694801,0.0007848130021430384,-0.00032994635675689975,0.0004347547706201726,-0.0005414226281803333,-0.0007798730752373861,-8.367742836310862e-5,-0.0005543576298655585,0.0034176632757174346,0.0005668223453452548,0.0006861784210767209,0.0006670660114845848,-0.0015045380573616655,0.000494082619258281,-7.330531961173769e-5,0.0004008034342881096,0.00038717831775082144,0.0023495534813542224,0.000739402706138467,0.0012033591296296336,0.004742416375376381,0.0010866425901526226,-0.00035250179284966783,-0.0005309071747683503,-0.0006159209004096933,-0.0011647233381995496,0.0035664096216639412,-0.00026905256367081113,0.002425051216510481,0.00032038002219591426,0.00034020183648049266,-0.0006750862191154028,-0.001401655759185775,-0.001383020824316505,-0.00033710532119156725,-0.003309677870577203,0.0008220647401505656,0.000739402706138467,0.003461054342738883,0.0009714474367068666,0.005805375310221588,0.0012578482998943535,0.0004489284345017199,0.00016120158757854938,-0.0005270483468218379,-0.0006483946727757095,0.0005502430619142829,-0.00159312343105512,0.0051776636971156585,-0.00114332201899429,0.0013304935770554972,0.0013815670498938705,-0.001566033905944704,0.0009720843089351937,-0.00025079337684627177,0.0025245449083919364,0.0005570799367679092,0.0012033591296296336,0.0009714474367068666,0.004585590876794096,0.007080408745858684,0.00242557684034616,1.4486133460396478e-5,0.0015332014237480775,-0.0027573596492528,-0.007929754959080354,0.008554201156423857,0.006840968122632228,0.02445604739490671,-0.0058605213178406675,0.006204690594410206,0.005975646226650902,-0.014471711101041267,0.0021313303519193824,-0.0005775910414334165,0.008849143752081623,0.00550068884694801,0.004742416375376381,0.005805375310221588,0.007080408745858684,0.06400765100908805
