0.0005383635537034885,-0.0001897505874892901,-2.7438146911858076e-5,-0.0003812226761645929,-0.0001149223067358434,0.0001531322806004648,-5.029640271203461e-5,4.918629548975452e-5,0.00011709951296584277,0.00030164460869230516,0.0001724382720803125,0.00014701825531497495,-0.0001887668553451375,0.0002255797465222443,0.00017597313859030043,0.0001733179579574346,0.0002597677744730176,7.038487692738396e-6,0.0002410873454405919,-0.00027134413249875965,-0.0001897505874892901,0.0009234410735427198,-0.0004785679125863528,0.0004889837245584111,0.00024130627497743822,-0.0002859159755609935,0.00028512262435251875,-0.00014757569862428879,-0.0004408885232463469,-0.0005097573023305035,-0.00048373612504098285,3.872810587908829e-5,0.0005011381910041282,-0.0007188541653020111,-0.0003848896326976163,4.9643628832601874e-5,-0.0004548321205129397,1.9033025920938145e-5,-0.0002788770216405733,0.0005669640065294163,-2.7438146911858076e-5,-0.0004785679125863528,0.0009090774598317247,-0.0003655354616588293,-0.00024435881158210135,0.00016742402145436024,-1.691718363070464e-5,0.00027933011849785795,0.00030554532825195844,0.00043954499544110936,0.00038094117543215663,-0.00010958215260499146,-0.0002889411025830694,0.0007431618331555463,0.0003301112988344054,-6.970182838352836e-5,0.0005419159872109986,-0.00011949986841151874,-2.376030806080358e-5,-0.00028953869959361616,-0.0003812226761645929,0.0004889837245584111,-0.0003655354616588293,0.0010025564802365558,0.00024579601764648156,-0.0001917714623699119,0.00017194925758698087,-0.00017965372554539993,-0.0003790177158407666,-0.00038845978936125444,-0.00034599332642025964,-0.00014204504047024005,0.0006693344704905418,-0.0007660763674645539,-0.00026924687862411867,-0.00017253890424821346,-0.0004129068135103693,-1.6540121881064436e-6,-0.0002450818230019137,0.0006027266341773257,-0.0001149223067358434,0.00024130627497743822,-0.00024435881158210135,0.00024579601764648156,0.00043740308649286674,-0.00022106801715138366,6.197820529021096e-5,1.0004873456939827e-6,-0.0002070052306065447,-0.00021445785200092943,-0.00013078669567598503,4.580073323875631e-6,8.951526735905408e-5,-0.00039482859841124835,-0.0002527737021752807,-0.00010963506137949393,-0.00019420174874320504,-4.764427581030598e-5,-8.169441964113295e-5,0.0002979945192699075,0.0001531322806004648,-0.0002859159755609935,0.00016742402145436024,-0.0001917714623699119,-0.00022106801715138366,0.0006461656122988321,-5.911900865074333e-5,-4.483406457371629e-5,0.00019400269450970813,0.0004183672546463661,0.00011647023743180211,0.00022490857884306764,1.5020757367540089e-5,0.0006908976872436173,0.00021898886972958662,0.0004046424577710228,0.0003565739946330555,-4.246460017816982e-5,0.00028782348938179993,-0.000515976563211343,-5.029640271203461e-5,0.00028512262435251875,-1.691718363070464e-5,0.00017194925758698087,6.197820529021096e-5,-5.911900865074333e-5,0.0003263674636491959,6.792732911584591e-6,-0.00013864515301749655,-4.5554020097301994e-5,-0.00011136195167678414,-2.7204257542629813e-5,0.0002441689156962075,-0.00014956911971115617,-0.00013512279054500313,6.012619317592071e-5,-5.1482535834363485e-5,-3.6638028862791684e-5,-0.00010501364370205903,0.0001703888645426888,4.918629548975452e-5,-0.00014757569862428879,0.00027933011849785795,-0.00017965372554539993,1.0004873456939827e-6,-4.483406457371629e-5,6.792732911584591e-6,0.0003249910473144277,3.976895278729509e-5,0.00012045861198199017,0.000147302029445701,-8.131799264828056e-5,-0.00020855492163907128,0.00021681307918633536,2.9940845075000633e-5,-5.794419282444039e-5,0.00020608266426416061,-7.590329997047388e-5,-7.927501921888942e-5,1.0339252108950514e-6,0.00011709951296584277,-0.0004408885232463469,0.00030554532825195844,-0.0003790177158407666,-0.0002070052306065447,0.00019400269450970813,-0.00013864515301749655,3.976895278729509e-5,0.00043989762554006947,0.00031743914928997847,0.00027782838533512387,0.0001048119659154932,-0.0003075031931001961,0.000515252158877996,0.00024834019935303104,1.9388146941468072e-5,0.0002865532549276114,1.710137216223507e-5,0.00021665632234837048,-0.00040639026763675127,0.00030164460869230516,-0.0005097573023305035,0.00043954499544110936,-0.00038845978936125444,-0.00021445785200092943,0.0004183672546463661,-4.5554020097301994e-5,0.00012045861198199017,0.00031743914928997847,0.0007712958384229697,0.0004085156474217151,0.000165528029073139,-0.00023237624685737142,0.0007178933460835141,0.0003363149208871144,0.0001923104595906121,0.0005584820247390178,-9.659525196154206e-5,0.000316920277346563,-0.0005257368078955928,0.0001724382720803125,-0.00048373612504098285,0.00038094117543215663,-0.00034599332642025964,-0.00013078669567598503,0.00011647023743180211,-0.00011136195167678414,0.000147302029445701,0.00027782838533512387,0.0004085156474217151,0.0004940640818528445,3.741777071351097e-5,-0.0003287469768956584,0.0003906557804490941,0.0002853762754681864,-6.031490722095386e-5,0.00032492432039252613,-3.465419369890702e-5,0.00016435319345297077,-0.0003420006672864868,0.00014701825531497495,3.872810587908829e-5,-0.00010958215260499146,-0.00014204504047024005,4.580073323875631e-6,0.00022490857884306764,-2.7204257542629813e-5,-8.131799264828056e-5,0.0001048119659154932,0.000165528029073139,3.741777071351097e-5,0.00052734316041943,-5.0609576822680084e-5,0.0001902326889115128,0.0001261035796493071,0.00018892722519728451,4.890744943027336e-5,2.8501279275907274e-5,0.00022309177841645436,-0.00021336168078986574,-0.0001887668553451375,0.0005011381910041282,-0.0002889411025830694,0.0006693344704905418,8.951526735905408e-5,1.5020757367540089e-5,0.0002441689156962075,-0.00020855492163907128,-0.0003075031931001961,-0.00023237624685737142,-0.0003287469768956584,-5.0609576822680084e-5,0.0007967093453906159,-0.00048668806974259954,-0.00021569972065880777,0.00011768368826883124,-0.00026417727208689825,-8.697213121667727e-6,-0.00011336430241833226,0.0003632552741791674,0.0002255797465222443,-0.0007188541653020111,0.0007431618331555463,-0.0007660763674645539,-0.00039482859841124835,0.0006908976872436173,-0.00014956911971115617,0.00021681307918633536,0.000515252158877996,0.0007178933460835141,0.0003906557804490941,0.0001902326889115128,-0.00048668806974259954,0.0015461817694943413,0.0004559482980193415,0.00043013399068813274,0.0008148854435493375,-0.0001060965037024381,0.000361826245609613,-0.0008861740899586776,0.00017597313859030043,-0.0003848896326976163,0.0003301112988344054,-0.00026924687862411867,-0.0002527737021752807,0.00021898886972958662,-0.00013512279054500313,2.9940845075000633e-5,0.00024834019935303104,0.0003363149208871144,0.0002853762754681864,0.0001261035796493071,-0.00021569972065880777,0.0004559482980193415,0.00044215385061132533,2.5000673463198523e-5,0.00031070506981573857,-5.268505181571396e-6,0.00015954725392356304,-0.0003464635151047919,0.0001733179579574346,4.9643628832601874e-5,-6.970182838352836e-5,-0.00017253890424821346,-0.00010963506137949393,0.0004046424577710228,6.012619317592071e-5,-5.794419282444039e-5,1.9388146941468072e-5,0.0001923104595906121,-6.031490722095386e-5,0.00018892722519728451,0.00011768368826883124,0.00043013399068813274,2.5000673463198523e-5,0.0006394983438882083,0.00020719114630969693,-5.52325253514643e-5,0.00021934222677184623,-0.00037738269757479816,0.0002597677744730176,-0.0004548321205129397,0.0005419159872109986,-0.0004129068135103693,-0.00019420174874320504,0.0003565739946330555,-5.1482535834363485e-5,0.00020608266426416061,0.0002865532549276114,0.0005584820247390178,0.00032492432039252613,4.890744943027336e-5,-0.00026417727208689825,0.0008148854435493375,0.00031070506981573857,0.00020719114630969693,0.0007217844474055046,-0.00010221504017041567,0.00019103858210185433,-0.00045147932386920757,7.038487692738396e-6,1.9033025920938145e-5,-0.00011949986841151874,-1.6540121881064436e-6,-4.764427581030598e-5,-4.246460017816982e-5,-3.6638028862791684e-5,-7.590329997047388e-5,1.710137216223507e-5,-9.659525196154206e-5,-3.465419369890702e-5,2.8501279275907274e-5,-8.697213121667727e-6,-0.0001060965037024381,-5.268505181571396e-6,-5.52325253514643e-5,-0.00010221504017041567,0.00018598199115063698,8.650725268850775e-8,-1.2298528208834937e-6,0.0002410873454405919,-0.0002788770216405733,-2.376030806080358e-5,-0.0002450818230019137,-8.169441964113295e-5,0.00028782348938179993,-0.00010501364370205903,-7.927501921888942e-5,0.00021665632234837048,0.000316920277346563,0.00016435319345297077,0.00022309177841645436,-0.00011336430241833226,0.000361826245609613,0.00015954725392356304,0.00021934222677184623,0.00019103858210185433,8.650725268850775e-8,0.0004299566718536732,-0.00038663175401341455,-0.00027134413249875965,0.0005669640065294163,-0.00028953869959361616,0.0006027266341773257,0.0002979945192699075,-0.000515976563211343,0.0001703888645426888,1.0339252108950514e-6,-0.00040639026763675127,-0.0005257368078955928,-0.0003420006672864868,-0.00021336168078986574,0.0003632552741791674,-0.0008861740899586776,-0.0003464635151047919,-0.00037738269757479816,-0.00045147932386920757,-1.2298528208834937e-6,-0.00038663175401341455,0.0009019136092590294
