0.09344942689425507,0.004424595144081099,0.0202725102930323,0.015084638751530436,0.014917410839519677,0.02111114762884931,0.01639626753154924,0.003009816977016108,0.004594031942857898,0.010768894100767742,-0.0020362379205879962,0.012214150849491637,0.007074129721719174,0.027388972396999403,0.03710994347124873,0.0011006276578944397,0.02008559690922329,0.024605081101106305,0.007235822542146394,0.03418096137266852,0.004424595144081099,0.0017243487244392934,0.0005428874741921009,0.00040534491094413086,-0.0007339030428932468,0.0012766958132239224,0.0014210385196691936,0.00013207659648662289,0.0002214058873596502,0.0013433657116108907,-0.00012637277672023352,0.001725142481322532,0.0007238797563902441,0.0002579700836567711,0.0010348989940473054,0.0005049091956529551,0.0029188526924843108,0.002025234235182049,0.0007604079004995762,0.002779994797280161,0.0202725102930323,0.0005428874741921009,0.031827113652744224,0.0077477684235128805,0.01780159806623259,0.010953213122121401,0.008108901447627683,0.0013464148745981261,0.002909782652986875,0.0018806403192362737,0.002240328528773849,0.003605322607710533,0.0014270311982463343,0.02303562929732142,0.0170271142718356,-0.0013438731742269306,0.004707795082898477,0.016392866524602215,0.006899769584774489,0.010810634381242173,0.015084638751530436,0.00040534491094413086,0.0077477684235128805,0.013006798259016428,0.009220838140229212,0.009953723419385468,0.005038405735138381,0.001765717299759112,0.007280558744459853,0.0017189690192938407,-0.0018280250373410847,0.004009319706033876,0.001791356044184435,0.005678587212084953,0.015213660448186238,0.0005407173786192751,0.00760037064971828,0.010428386980016274,0.0011953956813543565,0.008135409521171429,0.014917410839519677,-0.0007339030428932468,0.01780159806623259,0.009220838140229212,0.03653267417436601,0.011742931448846989,0.0060792233121331075,0.0016130223188994901,0.0032316954231206016,0.0007072810728058839,0.0031650657882061795,0.0026933674672293528,0.00028428182286449415,0.01831674261821677,0.014681416074125913,-0.00030433743238913145,0.001906000404701218,0.015436210503458742,0.004244637479195228,0.007053334583975826,0.02111114762884931,0.0012766958132239224,0.010953213122121401,0.009953723419385468,0.011742931448846989,0.030080872286579532,0.007790476675336434,0.002109904679557283,0.00483133387222685,0.00503520309895173,-0.00017229886017868998,0.0061922552505863475,0.001569877031851461,0.01196806724197715,0.01877536781215046,0.0013217789850259588,0.01141045372804015,0.01575660487406312,0.004771655590342785,0.010891136728454903,0.01639626753154924,0.0014210385196691936,0.008108901447627683,0.005038405735138381,0.0060792233121331075,0.007790476675336434,0.008400408532167825,0.0008084073343086568,0.0006441704663771104,0.0035509009209253647,-0.001953223230666614,0.00280895379347573,0.0008034466217146294,0.0072909798692647725,0.010924604121314546,0.0003746472457044868,0.0065969142938631245,0.009413436258914935,0.003935524377249024,0.010001984662967487,0.003009816977016108,0.00013207659648662289,0.0013464148745981261,0.001765717299759112,0.0016130223188994901,0.002109904679557283,0.0008084073343086568,0.0016531956847218444,0.0024095015740760234,0.0005821624739616533,0.0006098642456067251,0.000646326362323917,0.00021887907216822783,0.0027350246005833165,0.0026618412621693616,0.00019774186005169233,0.001594471373663363,0.0012321709881097903,0.0006400110405925175,0.0023517264844618692,0.004594031942857898,0.0002214058873596502,0.002909782652986875,0.007280558744459853,0.0032316954231206016,0.00483133387222685,0.0006441704663771104,0.0024095015740760234,0.02615374945951697,0.0001960694631684928,0.007481948413056674,0.005517322859943504,0.001973347372955024,0.0018554651911675017,0.006572915376579423,0.001982570522767361,0.005734103735913019,0.008039085881776369,-0.0012367698945851663,0.005349443607630074,0.010768894100767742,0.0013433657116108907,0.0018806403192362737,0.0017189690192938407,0.0007072810728058839,0.00503520309895173,0.0035509009209253647,0.0005821624739616533,0.0001960694631684928,0.00537846280741223,0.001082158905583541,0.002122446277554448,0.0006580516538321351,0.0022182375133197162,0.0030437712409212845,0.0007263429435323933,0.005171794239674735,0.0038703619567120352,0.0023449041431175075,0.0057634654358665275,-0.0020362379205879962,-0.00012637277672023352,0.002240328528773849,-0.0018280250373410847,0.0031650657882061795,-0.00017229886017868998,-0.001953223230666614,0.0006098642456067251,0.007481948413056674,0.001082158905583541,0.03581264003037352,0.0030538575475344693,0.0005177233666081432,0.00010456099857737104,-0.009334135018557227,0.0022259929286736393,0.00032917342843435645,0.002731072078713282,0.0016990328667170441,-0.0017852331133062635,0.012214150849491637,0.001725142481322532,0.003605322607710533,0.004009319706033876,0.0026933674672293528,0.0061922552505863475,0.00280895379347573,0.000646326362323917,0.005517322859943504,0.002122446277554448,0.0030538575475344693,0.014228393704926628,0.0035063369617057715,0.0013959502423803692,0.006798775707659782,0.0012293775190184571,0.0063988813633494585,0.0094864453796441,-0.00021329622360358983,0.007843526099222278,0.007074129721719174,0.0007238797563902441,0.0014270311982463343,0.001791356044184435,0.00028428182286449415,0.001569877031851461,0.0008034466217146294,0.00021887907216822783,0.001973347372955024,0.0006580516538321351,0.0005177233666081432,0.0035063369617057715,0.0043239178678601674,0.0007405937068289479,0.004083118430369005,0.0001970219594088864,0.003364310525478972,0.003313801922424791,-0.0008764929663925675,0.004561508411325145,0.027388972396999403,0.0002579700836567711,0.02303562929732142,0.005678587212084953,0.01831674261821677,0.01196806724197715,0.0072909798692647725,0.0027350246005833165,0.0018554651911675017,0.0022182375133197162,0.00010456099857737104,0.0013959502423803692,0.0007405937068289479,0.04496419368959101,0.022244633647463236,-0.0023580550356597407,0.002828002163779446,0.011722477080409428,0.009297434691927276,0.01447468146452375,0.03710994347124873,0.0010348989940473054,0.0170271142718356,0.015213660448186238,0.014681416074125913,0.01877536781215046,0.010924604121314546,0.0026618412621693616,0.006572915376579423,0.0030437712409212845,-0.009334135018557227,0.006798775707659782,0.004083118430369005,0.022244633647463236,0.04663306050726025,-0.0007796668176084762,0.013653623096236123,0.019214817080872595,0.0033596539245811245,0.020954100589533328,0.0011006276578944397,0.0005049091956529551,-0.0013438731742269306,0.0005407173786192751,-0.00030433743238913145,0.0013217789850259588,0.0003746472457044868,0.00019774186005169233,0.001982570522767361,0.0007263429435323933,0.0022259929286736393,0.0012293775190184571,0.0001970219594088864,-0.0023580550356597407,-0.0007796668176084762,0.0020270029812228018,0.00200865011036135,0.0019207031318971997,0.0001629023504185877,0.0006933479721375845,0.02008559690922329,0.0029188526924843108,0.004707795082898477,0.00760037064971828,0.001906000404701218,0.01141045372804015,0.0065969142938631245,0.001594471373663363,0.005734103735913019,0.005171794239674735,0.00032917342843435645,0.0063988813633494585,0.003364310525478972,0.002828002163779446,0.013653623096236123,0.00200865011036135,0.022518148673025137,0.009899205584385722,0.0007186813155135145,0.01117859078285038,0.024605081101106305,0.002025234235182049,0.016392866524602215,0.010428386980016274,0.015436210503458742,0.01575660487406312,0.009413436258914935,0.0012321709881097903,0.008039085881776369,0.0038703619567120352,0.002731072078713282,0.0094864453796441,0.003313801922424791,0.011722477080409428,0.019214817080872595,0.0019207031318971997,0.009899205584385722,0.03650827328608872,0.0016855018844791501,0.012637252801993742,0.007235822542146394,0.0007604079004995762,0.006899769584774489,0.0011953956813543565,0.004244637479195228,0.004771655590342785,0.003935524377249024,0.0006400110405925175,-0.0012367698945851663,0.0023449041431175075,0.0016990328667170441,-0.00021329622360358983,-0.0008764929663925675,0.009297434691927276,0.0033596539245811245,0.0001629023504185877,0.0007186813155135145,0.0016855018844791501,0.00912229521739955,0.0050989797710719615,0.03418096137266852,0.002779994797280161,0.010810634381242173,0.008135409521171429,0.007053334583975826,0.010891136728454903,0.010001984662967487,0.0023517264844618692,0.005349443607630074,0.0057634654358665275,-0.0017852331133062635,0.007843526099222278,0.004561508411325145,0.01447468146452375,0.020954100589533328,0.0006933479721375845,0.01117859078285038,0.012637252801993742,0.0050989797710719615,0.045007087837248314
0.05249587970993273,-0.0015286453185033436,0.0037836846911358246,0.001240129244188243,0.0015400934329942869,0.00871615280933699,0.002627781605950086,0.0014777035911635963,0.009445520811006566,0.001662252234662486,0.005596820988307453,-0.005846446602692551,0.004080036348526918,-0.005326863509351178,0.005496045809839936,0.001460175965864645,0.012607751829296885,0.008340980039738169,0.0026956700185144576,-0.024418218355501585,-0.0015286453185033436,0.0018622269629563818,-0.0022044074233819313,0.0009308141603967693,0.001768821857203243,0.00028777272273930704,7.703377915824631e-5,0.0006073878863866178,0.000876611300916896,0.00030567770348292075,-0.0013881230046420435,-0.0005251618392518307,-9.808782509634734e-5,0.0006823622884594305,0.0008678627843225374,-0.0003975640116022041,-0.0017808684285532742,0.0006740902332855888,0.00046308033219274406,0.0017560022016648688,0.0037836846911358246,-0.0022044074233819313,0.022926285166688164,-0.0026676223572454087,-0.006574185021673198,0.005614064279488924,0.0015328784123325315,-0.0006945187182023963,-0.003317423676136174,-0.0013359477598672502,0.011939641358065058,0.0023858198203365487,4.217942822886875e-5,0.0008845242947572683,-0.0056480963783996085,0.0013761176930134384,0.002015808208239555,-0.0008564949818908211,0.0011343256733780615,0.0012626112951430405,0.001240129244188243,0.0009308141603967693,-0.0026676223572454087,0.0127726218878719,-0.00030387421170655977,-0.0016962914409068828,0.001028273984952337,0.0006281206882148558,0.007816575797288089,0.0016304079103132388,-0.007961181215633727,-0.005401265588078883,-0.0004286985544844207,-0.0006997800205906114,0.00499144040790189,-0.00011001423638214626,-0.00037961394890820684,-0.00023809960571475025,0.0032344197671617773,-0.0057048852465609,0.0015400934329942869,0.001768821857203243,-0.006574185021673198,-0.00030387421170655977,0.039330638358715246,0.0024946115926727168,-0.0014346393112386884,-0.0029778634643528737,0.0129025799378682,0.002185416793465734,-0.0045246291776426485,-0.002919560103316425,-0.0018295697932432715,0.011142698010342709,-0.0037342773361407067,-0.0018360631320990784,0.000790134899249897,0.008272919784768552,-0.0012051118480766504,0.008259520269460346,0.00871615280933699,0.00028777272273930704,0.005614064279488924,-0.0016962914409068828,0.0024946115926727168,0.03187299900124001,0.0026710683239951887,0.0024221142586256135,0.003906516724622785,0.0008283276568406214,0.019178812225343442,0.005599517827071281,0.004146741139181417,0.0009610017439529105,-0.0018786483390286423,0.003494169836957297,0.006059485184414296,-0.004501298875780172,-0.00017332770257573395,-0.01254168552965023,0.002627781605950086,7.703377915824631e-5,0.0015328784123325315,0.001028273984952337,-0.0014346393112386884,0.0026710683239951887,0.0036824593026694224,-0.00027366715192728467,0.0030818060433981673,0.0002817465444890851,0.003907335129496408,0.0015105807039326748,0.0013915383534813537,-0.0018309156607528689,0.0013309784861946126,0.0005562349500665699,0.0011018665487642636,0.002340099756354792,0.000248001790050921,-0.0014035802673876435,0.0014777035911635963,0.0006073878863866178,-0.0006945187182023963,0.0006281206882148558,-0.0029778634643528737,0.0024221142586256135,-0.00027366715192728467,0.0041361599168974125,-0.0028094121288866182,0.000956289623295121,-0.0017281079524138084,-0.0009231486845891901,0.0003087193135259198,0.0013041285430193251,0.0028125455316304836,0.00019000069601889458,0.0006808401123320565,-0.0024159499796205935,0.0008044503626803725,-0.003378496676441743,0.009445520811006566,0.000876611300916896,-0.003317423676136174,0.007816575797288089,0.0129025799378682,0.003906516724622785,0.0030818060433981673,-0.0028094121288866182,0.031810673640248296,0.003184704061742121,-0.001480512854817719,-0.004121417420440041,0.0010240825768237495,-0.00017814826339913105,-0.0028022127651467907,-0.001095372930166762,0.002360410212824609,0.0071689528212892425,0.002688234504640243,-0.006738323813219937,0.001662252234662486,0.00030567770348292075,-0.0013359477598672502,0.0016304079103132388,0.002185416793465734,0.0008283276568406214,0.0002817465444890851,0.000956289623295121,0.003184704061742121,0.004599810771464777,-0.0014421978069856104,-0.0017724814991215336,-0.0006464325458690246,0.0039204955542942645,0.0015347492823557167,-0.00027770705136399593,0.0016095927055893317,0.0005554463752779613,0.0006528082103939967,-0.0031424791756057367,0.005596820988307453,-0.0013881230046420435,0.011939641358065058,-0.007961181215633727,-0.0045246291776426485,0.019178812225343442,0.003907335129496408,-0.0017281079524138084,-0.001480512854817719,-0.0014421978069856104,0.059032950394407896,0.015376548343935568,0.004699364284496523,-0.01015871837646386,-0.0008030438256007911,0.004894561494866527,0.009963585589380212,-0.00744899895136844,-0.0038679596517059694,-0.003657812514741389,-0.005846446602692551,-0.0005251618392518307,0.0023858198203365487,-0.005401265588078883,-0.002919560103316425,0.005599517827071281,0.0015105807039326748,-0.0009231486845891901,-0.004121417420440041,-0.0017724814991215336,0.015376548343935568,0.01532429695041411,0.0016015518730947385,-0.0036230882973769148,-0.003083168557416002,0.0010015073392078049,-0.0002572298678009279,-0.003005945538011302,-0.0034734410758180696,0.007111990725471044,0.004080036348526918,-9.808782509634734e-5,4.217942822886875e-5,-0.0004286985544844207,-0.0018295697932432715,0.004146741139181417,0.0013915383534813537,0.0003087193135259198,0.0010240825768237495,-0.0006464325458690246,0.004699364284496523,0.0016015518730947385,0.004437145342800847,-0.003590099014824018,0.0019143075616293592,0.0011384696329313337,0.0020520678124308816,0.0009814361970619028,7.609523962312547e-5,-0.00416877281475744,-0.005326863509351178,0.0006823622884594305,0.0008845242947572683,-0.0006997800205906114,0.011142698010342709,0.0009610017439529105,-0.0018309156607528689,0.0013041285430193251,-0.00017814826339913105,0.0039204955542942645,-0.01015871837646386,-0.0036230882973769148,-0.003590099014824018,0.04798429493212979,-0.013928479278217174,-0.0019871028552013365,-0.004103489134783719,-0.0010055676001797071,-0.0007785753308005854,0.015683424268097934,0.005496045809839936,0.0008678627843225374,-0.0056480963783996085,0.00499144040790189,-0.0037342773361407067,-0.0018786483390286423,0.0013309784861946126,0.0028125455316304836,-0.0028022127651467907,0.0015347492823557167,-0.0008030438256007911,-0.003083168557416002,0.0019143075616293592,-0.013928479278217174,0.025964872502664375,0.0012188857265202808,0.0046814318784909,-0.0013180453590647644,0.0020880183009435046,-0.010956187602545183,0.001460175965864645,-0.0003975640116022041,0.0013761176930134384,-0.00011001423638214626,-0.0018360631320990784,0.003494169836957297,0.0005562349500665699,0.00019000069601889458,-0.001095372930166762,-0.00027770705136399593,0.004894561494866527,0.0010015073392078049,0.0011384696329313337,-0.0019871028552013365,0.0012188857265202808,0.002399866586408967,0.002957997207711505,-0.0022705087406675534,0.00041270943422333284,-0.003892397538600552,0.012607751829296885,-0.0017808684285532742,0.002015808208239555,-0.00037961394890820684,0.000790134899249897,0.006059485184414296,0.0011018665487642636,0.0006808401123320565,0.002360410212824609,0.0016095927055893317,0.009963585589380212,-0.0002572298678009279,0.0020520678124308816,-0.004103489134783719,0.0046814318784909,0.002957997207711505,0.019883983071824946,0.0011957411195044226,0.00030590480934140506,-0.011894914954708458,0.008340980039738169,0.0006740902332855888,-0.0008564949818908211,-0.00023809960571475025,0.008272919784768552,-0.004501298875780172,0.002340099756354792,-0.0024159499796205935,0.0071689528212892425,0.0005554463752779613,-0.00744899895136844,-0.003005945538011302,0.0009814361970619028,-0.0010055676001797071,-0.0013180453590647644,-0.0022705087406675534,0.0011957411195044226,0.027007994078373142,-0.0006345937607856284,0.004499530554500345,0.0026956700185144576,0.00046308033219274406,0.0011343256733780615,0.0032344197671617773,-0.0012051118480766504,-0.00017332770257573395,0.000248001790050921,0.0008044503626803725,0.002688234504640243,0.0006528082103939967,-0.0038679596517059694,-0.0034734410758180696,7.609523962312547e-5,-0.0007785753308005854,0.0020880183009435046,0.00041270943422333284,0.00030590480934140506,-0.0006345937607856284,0.006581923181489925,-0.004432194785735161,-0.024418218355501585,0.0017560022016648688,0.0012626112951430405,-0.0057048852465609,0.008259520269460346,-0.01254168552965023,-0.0014035802673876435,-0.003378496676441743,-0.006738323813219937,-0.0031424791756057367,-0.003657812514741389,0.007111990725471044,-0.00416877281475744,0.015683424268097934,-0.010956187602545183,-0.003892397538600552,-0.011894914954708458,0.004499530554500345,-0.004432194785735161,0.051883007969822884
0.0716715352234539,1.8442033496428752e-5,0.0091511421428551,-0.005653767097012492,0.0012559755492143753,0.006023600018575329,0.0007740733633338102,0.003243892871793054,0.029563923799120234,-0.006989629489656351,0.011293857446640992,-0.011678945162071765,-0.002798803158708906,-0.029857698965321734,-0.022467452855207383,-0.004476114528972036,-0.005030890748517059,0.0009496056015026752,0.011065063619377069,0.01311507346245136,1.8442033496428752e-5,0.0019417718392774471,0.0004164157056341483,0.0005793515453055805,0.0010722337873546417,0.0003979663017425224,0.0001995686701971166,-0.00013906142437995116,0.0009697674239312786,0.0004990167962716604,0.0019066865468793295,0.0012517106166363332,0.000658788208952124,0.002630924500893643,0.004222991356862518,0.0006320990952398157,0.001451665815545602,0.000946977081761409,0.0006288311295905144,-0.0004226452149309896,0.0091511421428551,0.0004164157056341483,0.02029304715716865,0.001326764600151274,0.005061299962112109,0.0005443974238305877,9.726841393429783e-5,0.0010820173568089836,0.008555626901835442,-0.0011137684022591123,0.009371089589099857,-0.0008560704447616207,-0.00036501006215614365,-0.004310157709535722,0.001231762457809322,-0.0011885414819573297,-0.004313229210875746,-0.0024304568994510927,0.0011460003846460987,0.0024885933047409056,-0.005653767097012492,0.0005793515453055805,0.001326764600151274,0.009535011741648917,-0.00330596482738422,-0.0030463293092393177,-0.0008109418896666084,-0.00017826998929061354,-0.009515231369227104,0.0025419359943503086,0.004788346617362741,0.002263121990274745,0.0020266563365417814,0.007359413340639099,0.007444264774427231,0.002656421782857389,0.0010782658410630611,0.0022846974647194383,-0.00047491712797911336,-0.002295726327229101,0.0012559755492143753,0.0010722337873546417,0.005061299962112109,-0.00330596482738422,0.05049777652122184,0.0007327207167074131,0.0020823272692011285,-0.00011541987886230014,0.019242792183342947,0.003737890487137077,0.008097227977288622,0.006407621015690578,0.005303647960132338,-0.005364161491063921,0.0009054830093798332,-0.0035565723868573435,0.006585055666254428,0.00652120985096807,0.006723445955013358,-0.0005085367603478157,0.006023600018575329,0.0003979663017425224,0.0005443974238305877,-0.0030463293092393177,0.0007327207167074131,0.02391237404655977,0.0033638588436557563,0.0005311814252010347,0.008912447448471559,-0.0012287535460679291,-0.0027073212354477016,0.001482684317006624,-0.0008216270564310261,0.0032582282707039724,0.0004041762613775403,-0.0011909497807622708,-0.00019756565793436294,-0.003814161316279784,-0.0007434575998982454,0.009765838145850133,0.0007740733633338102,0.0001995686701971166,9.726841393429783e-5,-0.0008109418896666084,0.0020823272692011285,0.0033638588436557563,0.004718249591234216,0.0004703295189471464,0.002236892656544266,-0.0010765574139673562,0.0034549691444558973,0.003191121376248839,-0.0002038772746045343,0.003061377638628017,0.0012515825064604719,0.0006479781557114853,-0.0024512973684952476,-0.0028100844790768034,-0.00020242515781243944,0.002731680717973565,0.003243892871793054,-0.00013906142437995116,0.0010820173568089836,-0.00017826998929061354,-0.00011541987886230014,0.0005311814252010347,0.0004703295189471464,0.0017296946857044426,0.0019118501213560078,-0.0005834861420131402,0.0024379079123579314,0.0004244867293251998,0.0001863534216227164,-0.0014777058412191253,-0.0005717923499565735,-0.00026808257812406153,0.00038147450441431677,0.0031812930522766058,0.0013369327252646223,0.0010270841088311812,0.029563923799120234,0.0009697674239312786,0.008555626901835442,-0.009515231369227104,0.019242792183342947,0.008912447448471559,0.002236892656544266,0.0019118501213560078,0.05295756186486816,-0.004803000400055567,-0.0032182552998293174,-0.005044508021386774,-0.00044541277272604814,-0.016527669415764987,-0.014477917736822513,-0.008264629599356983,0.007049992413611383,0.004789849566816561,0.008568880554840744,0.0032975689157392803,-0.006989629489656351,0.0004990167962716604,-0.0011137684022591123,0.0025419359943503086,0.003737890487137077,-0.0012287535460679291,-0.0010765574139673562,-0.0005834861420131402,-0.004803000400055567,0.006458285511839276,-9.560186430135559e-5,0.00040460403656802045,0.002401876055055421,0.006207919925016053,0.004209155774938331,0.0021975864512226344,0.005054043036777067,0.002721131476817657,0.00019476867309980235,-0.0015842106620447892,0.011293857446640992,0.0019066865468793295,0.009371089589099857,0.004788346617362741,0.008097227977288622,-0.0027073212354477016,0.0034549691444558973,0.0024379079123579314,-0.0032182552998293174,-9.560186430135559e-5,0.04900559702383696,0.00761527831469265,0.0012746641220818414,0.0013192886888941796,0.012692886973392464,0.0035294399189330283,-0.011206707232216596,0.004146867213983655,0.003234880327080974,0.0027208591329326483,-0.011678945162071765,0.0012517106166363332,-0.0008560704447616207,0.002263121990274745,0.006407621015690578,0.001482684317006624,0.003191121376248839,0.0004244867293251998,-0.005044508021386774,0.00040460403656802045,0.00761527831469265,0.01881632511265131,0.002551106584690827,0.010950456012357154,0.014656667053856943,0.0020100181716468275,-0.0013788912174914551,0.001628176794857144,-0.0033253256633203813,0.0018427438065512828,-0.002798803158708906,0.000658788208952124,-0.00036501006215614365,0.0020266563365417814,0.005303647960132338,-0.0008216270564310261,-0.0002038772746045343,0.0001863534216227164,-0.00044541277272604814,0.002401876055055421,0.0012746641220818414,0.002551106584690827,0.004172756393191,0.0031661175225638732,0.0037090198707698295,0.0005377152435306434,0.003077903288370715,0.0037135076735969053,0.0013337060127696714,-0.001848378808580106,-0.029857698965321734,0.002630924500893643,-0.004310157709535722,0.007359413340639099,-0.005364161491063921,0.0032582282707039724,0.003061377638628017,-0.0014777058412191253,-0.016527669415764987,0.006207919925016053,0.0013192886888941796,0.010950456012357154,0.0031661175225638732,0.0443879471688183,0.022937829347363107,0.006439834194792609,0.0037735513427815106,-0.0016963745239458403,-0.004729966392404961,-0.007016468349189519,-0.022467452855207383,0.004222991356862518,0.001231762457809322,0.007444264774427231,0.0009054830093798332,0.0004041762613775403,0.0012515825064604719,-0.0005717923499565735,-0.014477917736822513,0.004209155774938331,0.012692886973392464,0.014656667053856943,0.0037090198707698295,0.022937829347363107,0.03944017639748702,0.0064453999202008444,0.0025573057849471313,0.00523214269097929,-0.0029290425697418273,0.0011079777022497898,-0.004476114528972036,0.0006320990952398157,-0.0011885414819573297,0.002656421782857389,-0.0035565723868573435,-0.0011909497807622708,0.0006479781557114853,-0.00026808257812406153,-0.008264629599356983,0.0021975864512226344,0.0035294399189330283,0.0020100181716468275,0.0005377152435306434,0.006439834194792609,0.0064453999202008444,0.00385699652193415,0.00028248525759649325,-0.0005707699958563384,-0.0012622537743382845,0.0018388689445312054,-0.005030890748517059,0.001451665815545602,-0.004313229210875746,0.0010782658410630611,0.006585055666254428,-0.00019756565793436294,-0.0024512973684952476,0.00038147450441431677,0.007049992413611383,0.005054043036777067,-0.011206707232216596,-0.0013788912174914551,0.003077903288370715,0.0037735513427815106,0.0025573057849471313,0.00028248525759649325,0.028360090240072043,0.015851647792961193,0.00452935688205895,0.0004976990063540662,0.0009496056015026752,0.000946977081761409,-0.0024304568994510927,0.0022846974647194383,0.00652120985096807,-0.003814161316279784,-0.0028100844790768034,0.0031812930522766058,0.004789849566816561,0.002721131476817657,0.004146867213983655,0.001628176794857144,0.0037135076735969053,-0.0016963745239458403,0.00523214269097929,-0.0005707699958563384,0.015851647792961193,0.03092382022947642,0.007832284361963872,-0.003594351918985865,0.011065063619377069,0.0006288311295905144,0.0011460003846460987,-0.00047491712797911336,0.006723445955013358,-0.0007434575998982454,-0.00020242515781243944,0.0013369327252646223,0.008568880554840744,0.00019476867309980235,0.003234880327080974,-0.0033253256633203813,0.0013337060127696714,-0.004729966392404961,-0.0029290425697418273,-0.0012622537743382845,0.00452935688205895,0.007832284361963872,0.009212078704833232,-0.0013866192990335886,0.01311507346245136,-0.0004226452149309896,0.0024885933047409056,-0.002295726327229101,-0.0005085367603478157,0.009765838145850133,0.002731680717973565,0.0010270841088311812,0.0032975689157392803,-0.0015842106620447892,0.0027208591329326483,0.0018427438065512828,-0.001848378808580106,-0.007016468349189519,0.0011079777022497898,0.0018388689445312054,0.0004976990063540662,-0.003594351918985865,-0.0013866192990335886,0.0386942510796921
