0.01930710097520704,0.0043817090440099625,0.00017742050930174576,0.0036900889304088812,0.001438806103032718,-0.000197389423961042,0.0014885706753598375,0.0006942915276457913,0.0007033070741206977,-0.0029879978443596296,0.002984774764058582,0.0007853008834879581,0.001448564178197979,-0.0008635117972635063,0.0008786362744584643,0.0008471205782215128,0.0006477717303417579,0.00037214981313586626,0.0033701219261179647,0.0007692802411462204,0.0043817090440099625,0.01222131508267852,0.0004081162930046396,0.001190952261436582,0.000734183111167195,0.0009984711961143374,0.00020073562486091104,0.0005590523639307872,0.00011737065646321625,0.001499498974631386,0.0012959428178962611,0.0006536903357271648,0.0003594729446253146,0.0009263753098404298,0.00039423879829784644,0.001147164085184742,0.00107595553901795,9.995494190102996e-5,0.0019257763599025935,-0.0003055179036962857,0.00017742050930174576,0.0004081162930046396,0.001974537320830474,0.0009607018625744992,0.0007237266504620283,0.0007143464345121539,0.00044246237280622786,0.00015679224414168064,0.0004305528049245932,0.0005050352853025342,0.0004809178352182433,7.229566204947798e-5,0.00028344874654907625,0.0003595573618515645,6.321219074184359e-5,0.0001829996220993332,0.00017646627999889922,4.227096889888552e-5,7.421720152663387e-5,6.894503528437847e-5,0.0036900889304088812,0.001190952261436582,0.0009607018625744992,0.016480847946824254,0.0023074304892837256,-0.00011736499560003153,0.0009023488374100781,0.00018542068036403865,0.004263855628867565,-0.00032416878686636124,-0.00018771607136460887,-0.0002649797860979515,7.352317654902424e-5,0.0006148150097638767,0.001002642722451819,0.0008250843753115683,0.0013038560007547948,-0.0007336013112754943,6.012674904125976e-6,0.0009168285722216877,0.001438806103032718,0.000734183111167195,0.0007237266504620283,0.0023074304892837256,0.020901146438315543,0.0021978780833223762,0.00038946982756044333,0.0014178016147945497,0.0008534801808275996,0.00023856511063358762,-0.00012250719285689733,0.0005810666357903712,0.002737490651536446,-0.0004650689699618627,-5.8470325056586277e-5,0.002140630547166026,-0.0003055837950611761,0.0002563599967590842,0.0039021512998586748,0.0015007541389119284,-0.000197389423961042,0.0009984711961143374,0.0007143464345121539,-0.00011736499560003153,0.0021978780833223762,0.004284559106810518,0.00031840790632916573,0.0009262581622342974,0.0013550911946508771,0.0011112399975828232,0.00029657520833161285,0.0005140706039093771,0.0013245544024204025,0.0010462045138168903,-4.772363871122839e-5,0.0006636202197731168,0.00038609387182743696,0.0002781415271351605,0.0012416086823333612,-4.7846296475550296e-5,0.0014885706753598375,0.00020073562486091104,0.00044246237280622786,0.0009023488374100781,0.00038946982756044333,0.00031840790632916573,0.005896592587420846,7.862181188521779e-5,0.0015709439785030765,0.001015461943759218,0.0006534187848702744,0.0003868149030736591,0.0005024496469026666,2.8643772552481612e-5,0.0007351623818818315,0.00018774933752217746,0.0006735269224496453,0.0013699688563099796,0.0012571660135410417,0.0007789295598265207,0.0006942915276457913,0.0005590523639307872,0.00015679224414168064,0.00018542068036403865,0.0014178016147945497,0.0009262581622342974,7.862181188521779e-5,0.0030442479026377384,0.0007237582555268578,0.0001926597231953213,3.3937032404063086e-5,0.0005976142951324716,0.0008334872944690337,0.0004782198166398592,-0.00030487019814118694,-5.477338439202257e-5,0.00021617343563394895,0.0005356198836097231,0.002489310029770441,0.00016248112539827005,0.0007033070741206977,0.00011737065646321625,0.0004305528049245932,0.004263855628867565,0.0008534801808275996,0.0013550911946508771,0.0015709439785030765,0.0007237582555268578,0.037570219951743616,0.0023087795001597564,-0.0015209429861670863,-0.0012513762196049126,0.0012766929753736977,0.0038453124253856044,0.0016228900232170514,6.27174379439991e-5,0.002375066571905067,0.0052966636173000636,0.0017452382398553566,-0.0014182810969440608,-0.0029879978443596296,0.001499498974631386,0.0005050352853025342,-0.00032416878686636124,0.00023856511063358762,0.0011112399975828232,0.001015461943759218,0.0001926597231953213,0.0023087795001597564,0.017653901254238814,0.0004475043907238296,8.820848844740177e-5,-0.00018520697880878786,0.0033233004665021936,0.0011163794090792252,0.0010619576032328969,0.0011683246723631724,0.0013411534103042418,0.002937289394085469,0.0010492679394970205,0.002984774764058582,0.0012959428178962611,0.0004809178352182433,-0.00018771607136460887,-0.00012250719285689733,0.00029657520833161285,0.0006534187848702744,3.3937032404063086e-5,-0.0015209429861670863,0.0004475043907238296,0.007906514132517395,0.000550460307467106,0.0009607462147534845,0.00020860439801897621,0.0005450427011655102,0.0003943049439055422,-0.0004982957275906673,0.00033163170930925595,0.0035316705161391963,0.00026007967506168263,0.0007853008834879581,0.0006536903357271648,7.229566204947798e-5,-0.0002649797860979515,0.0005810666357903712,0.0005140706039093771,0.0003868149030736591,0.0005976142951324716,-0.0012513762196049126,8.820848844740177e-5,0.000550460307467106,0.0035608084347950758,0.000564114167082347,0.0007420011547986543,-0.00017809394893101907,5.588058698090121e-5,-1.0584415712341035e-5,-0.0001526516846328945,0.0020196535407920073,-4.425665716846694e-5,0.001448564178197979,0.0003594729446253146,0.00028344874654907625,7.352317654902424e-5,0.002737490651536446,0.0013245544024204025,0.0005024496469026666,0.0008334872944690337,0.0012766929753736977,-0.00018520697880878786,0.0009607462147534845,0.000564114167082347,0.01018728045770588,-0.0001803852558084723,-0.00013718844232696434,0.0005713353087600495,0.0006526123192421425,0.0009717499118935364,0.0021541175569407146,0.0005864392969650523,-0.0008635117972635063,0.0009263753098404298,0.0003595573618515645,0.0006148150097638767,-0.0004650689699618627,0.0010462045138168903,2.8643772552481612e-5,0.0004782198166398592,0.0038453124253856044,0.0033233004665021936,0.00020860439801897621,0.0007420011547986543,-0.0001803852558084723,0.014954250173534933,9.762063697194056e-5,0.00048608062133044636,0.0002147170655379807,0.0012881886426092857,0.003530116561489362,-0.00040877803411508895,0.0008786362744584643,0.00039423879829784644,6.321219074184359e-5,0.001002642722451819,-5.8470325056586277e-5,-4.772363871122839e-5,0.0007351623818818315,-0.00030487019814118694,0.0016228900232170514,0.0011163794090792252,0.0005450427011655102,-0.00017809394893101907,-0.00013718844232696434,9.762063697194056e-5,0.003856215753958562,0.00019328936505383436,0.0006509737191484686,0.0011061720048049354,0.0008123918276887452,0.00030223451280323344,0.0008471205782215128,0.001147164085184742,0.0001829996220993332,0.0008250843753115683,0.002140630547166026,0.0006636202197731168,0.00018774933752217746,-5.477338439202257e-5,6.27174379439991e-5,0.0010619576032328969,0.0003943049439055422,5.588058698090121e-5,0.0005713353087600495,0.00048608062133044636,0.00019328936505383436,0.013344380076608191,0.0005013973480035977,0.0006032490312955032,5.760708563318771e-5,0.00018269117327934364,0.0006477717303417579,0.00107595553901795,0.00017646627999889922,0.0013038560007547948,-0.0003055837950611761,0.00038609387182743696,0.0006735269224496453,0.00021617343563394895,0.002375066571905067,0.0011683246723631724,-0.0004982957275906673,-1.0584415712341035e-5,0.0006526123192421425,0.0002147170655379807,0.0006509737191484686,0.0005013973480035977,0.004062456908325786,0.00018226514029116272,0.001213539070159718,9.643362752571438e-5,0.00037214981313586626,9.995494190102996e-5,4.227096889888552e-5,-0.0007336013112754943,0.0002563599967590842,0.0002781415271351605,0.0013699688563099796,0.0005356198836097231,0.0052966636173000636,0.0013411534103042418,0.00033163170930925595,-0.0001526516846328945,0.0009717499118935364,0.0012881886426092857,0.0011061720048049354,0.0006032490312955032,0.00018226514029116272,0.010918352621641647,0.001846850463778906,0.00029184324114660124,0.0033701219261179647,0.0019257763599025935,7.421720152663387e-5,6.012674904125976e-6,0.0039021512998586748,0.0012416086823333612,0.0012571660135410417,0.002489310029770441,0.0017452382398553566,0.002937289394085469,0.0035316705161391963,0.0020196535407920073,0.0021541175569407146,0.003530116561489362,0.0008123918276887452,5.760708563318771e-5,0.001213539070159718,0.001846850463778906,0.03155647986327674,0.00024685345265211225,0.0007692802411462204,-0.0003055179036962857,6.894503528437847e-5,0.0009168285722216877,0.0015007541389119284,-4.7846296475550296e-5,0.0007789295598265207,0.00016248112539827005,-0.0014182810969440608,0.0010492679394970205,0.00026007967506168263,-4.425665716846694e-5,0.0005864392969650523,-0.00040877803411508895,0.00030223451280323344,0.00018269117327934364,9.643362752571438e-5,0.00029184324114660124,0.00024685345265211225,0.0029914336163817494
