0.031802681374888946,0.001066277348166049,0.0025852722897442486,0.0014908970057988338,-0.0005783153748671363,0.0019529345051459298,0.0006089770990016863,0.0005919201772357465,0.0025400141879668285,0.001724746115777655,0.005416268331899045,0.0001256689701333908,0.001976301286292923,0.0024740459615175316,0.0004154536591338755,0.000560270725618309,0.0021572085821583865,0.0012902453708336231,0.002247538314047382,0.0022999912837945646,0.001066277348166049,0.0011092510458361197,-6.862629918432725e-5,0.00019722655503419653,0.00041784776520872825,0.0004301130229117014,0.00034439008202203963,3.0263944458452907e-5,0.00023423701737325663,5.54430556768831e-5,0.0009602038236339561,0.00030256683997224203,0.00037915373784349184,0.0003517996982027728,0.0005140846664419686,9.578526011737812e-5,0.00026273080923318456,0.000438578857649831,0.00045544819884595143,0.0005552730197139757,0.0025852722897442486,-6.862629918432725e-5,0.013835469647558073,0.0008638500703374143,0.0022939334586138463,0.002740554245544791,0.0003656475999047497,0.000645766096639357,0.0024752302403929947,0.0005507171337617595,0.003742666227236364,0.00010339674446437983,9.109851327598153e-5,0.0013069010329047905,0.00040384903411620277,0.00013922269356663272,0.000983511656352284,0.0013703919775752624,0.0007192798334788947,0.002550291714904055,0.0014908970057988338,0.00019722655503419653,0.0008638500703374143,0.005599007954729951,0.0015542828247647183,0.00024435218205322306,0.00039835289917786783,7.500079084684391e-5,0.0018456179981369268,-0.0002334662404207873,0.00109201060963299,-3.351798924171002e-5,0.0006962055777957821,-0.00024204834959607027,0.0019623935485323235,0.0001125583815949521,0.0009123537279091946,0.0015314213501008709,0.0003982902796269823,0.0012277748022812979,-0.0005783153748671363,0.00041784776520872825,0.0022939334586138463,0.0015542828247647183,0.02209922695586602,0.0030517734307526205,0.0006968623800044562,0.00021689801804871637,0.0039054904058234284,0.0007410850313299322,0.003459835347460463,0.001621957758836313,0.001044510598190823,0.00030977602713489405,0.00301519017147637,0.00021490134663998775,0.0033388655785126335,0.0023704615977224097,0.0008204939065130286,0.005034885672065378,0.0019529345051459298,0.0004301130229117014,0.002740554245544791,0.00024435218205322306,0.0030517734307526205,0.01752851203301406,0.001171799444106533,0.00013564589288203398,0.002128824197590323,0.0016865436391033883,0.004733069598072889,0.0014043517540527424,0.0010685146278347005,0.0017278037317735519,0.000743597546117337,0.00010461099374974,0.0023554301107446135,0.002903572226342028,0.0012815869353867125,0.0028927506094489734,0.0006089770990016863,0.00034439008202203963,0.0003656475999047497,0.00039835289917786783,0.0006968623800044562,0.001171799444106533,0.0025800353300798667,0.0001984421010199949,0.0011854569024831005,0.0002194145876896107,0.0014929585753527736,0.0009101367107712307,0.00017746954984278586,0.0005286777866378516,0.000977046193837176,0.00032323975930432505,0.0008857062649296654,0.0013113457756497079,0.0005598793436679773,0.0016574116752698586,0.0005919201772357465,3.0263944458452907e-5,0.000645766096639357,7.500079084684391e-5,0.00021689801804871637,0.00013564589288203398,0.0001984421010199949,0.0010066021549227815,0.0001925750292678375,0.0002060131409814663,0.0007541853221505329,0.0006013530840540934,0.00017116755755267667,-9.09319222837432e-5,9.208227631664635e-5,0.0001999821699371862,0.0003538139141964038,0.0004260224874270617,0.00010486164427313499,0.0012144029707834426,0.0025400141879668285,0.00023423701737325663,0.0024752302403929947,0.0018456179981369268,0.0039054904058234284,0.002128824197590323,0.0011854569024831005,0.0001925750292678375,0.017123444678078796,0.00035846504042421533,0.002218586929398682,0.00026291977803189463,0.0008040660969338821,0.001758370517895791,-0.00042528877077581515,2.6154699151176153e-5,0.0008450517534176234,0.0016321391753455997,0.0016842760603069137,0.003383888953546043,0.001724746115777655,5.54430556768831e-5,0.0005507171337617595,-0.0002334662404207873,0.0007410850313299322,0.0016865436391033883,0.0002194145876896107,0.0002060131409814663,0.00035846504042421533,0.0030411030088578644,0.0012050400196165988,0.0005289893689255031,0.00014083807066486047,0.0008331957177531868,-0.0005147636160106003,0.0002031894546576073,0.0008427136936558952,0.000366777976089719,0.0003841800484226459,0.0006394465878971248,0.005416268331899045,0.0009602038236339561,0.003742666227236364,0.00109201060963299,0.003459835347460463,0.004733069598072889,0.0014929585753527736,0.0007541853221505329,0.002218586929398682,0.0012050400196165988,0.02925596002656648,0.0026818847154325464,0.0010769007764991185,0.0003918484924843698,0.0008719162613694662,0.0012416917484956889,0.0021763497709164233,0.002714666420639756,0.0010000062617578458,0.0056685427732449875,0.0001256689701333908,0.00030256683997224203,0.00010339674446437983,-3.351798924171002e-5,0.001621957758836313,0.0014043517540527424,0.0009101367107712307,0.0006013530840540934,0.00026291977803189463,0.0005289893689255031,0.0026818847154325464,0.009017390646435709,0.0011119745638933313,0.0003296029614285811,0.0014934110844660787,0.000359257620253676,-0.0004610179817995059,0.0008049040518897938,-0.0005110926692964636,0.0034365961299978416,0.001976301286292923,0.00037915373784349184,9.109851327598153e-5,0.0006962055777957821,0.001044510598190823,0.0010685146278347005,0.00017746954984278586,0.00017116755755267667,0.0008040660969338821,0.00014083807066486047,0.0010769007764991185,0.0011119745638933313,0.002956433694928093,0.0004157533744686074,0.0010314285954482558,0.00020948326382526746,0.0008100396969261051,0.0007590100616485993,0.00010417820769248419,0.000598137964791801,0.0024740459615175316,0.0003517996982027728,0.0013069010329047905,-0.00024204834959607027,0.00030977602713489405,0.0017278037317735519,0.0005286777866378516,-9.09319222837432e-5,0.001758370517895791,0.0008331957177531868,0.0003918484924843698,0.0003296029614285811,0.0004157533744686074,0.018147057552865196,-0.00027615566025860385,0.00026124807614531635,-0.000269042202248483,-0.0002861846970846629,0.0009268717365626062,0.0007244813983691648,0.0004154536591338755,0.0005140846664419686,0.00040384903411620277,0.0019623935485323235,0.00301519017147637,0.000743597546117337,0.000977046193837176,9.208227631664635e-5,-0.00042528877077581515,-0.0005147636160106003,0.0008719162613694662,0.0014934110844660787,0.0010314285954482558,-0.00027615566025860385,0.015915796036823495,0.00046369478463476987,0.002576838603138243,0.002899162961969926,0.00031040810399998,0.0019838821239985703,0.000560270725618309,9.578526011737812e-5,0.00013922269356663272,0.0001125583815949521,0.00021490134663998775,0.00010461099374974,0.00032323975930432505,0.0001999821699371862,2.6154699151176153e-5,0.0002031894546576073,0.0012416917484956889,0.000359257620253676,0.00020948326382526746,0.00026124807614531635,0.00046369478463476987,0.0012210583404148147,0.0003014432331346922,5.3180833843740314e-5,0.00037964642800362546,0.0006630708359001603,0.0021572085821583865,0.00026273080923318456,0.000983511656352284,0.0009123537279091946,0.0033388655785126335,0.0023554301107446135,0.0008857062649296654,0.0003538139141964038,0.0008450517534176234,0.0008427136936558952,0.0021763497709164233,-0.0004610179817995059,0.0008100396969261051,-0.000269042202248483,0.002576838603138243,0.0003014432331346922,0.012145063843297742,0.00333236219333154,0.0005368966079384958,0.0034767875023835834,0.0012902453708336231,0.000438578857649831,0.0013703919775752624,0.0015314213501008709,0.0023704615977224097,0.002903572226342028,0.0013113457756497079,0.0004260224874270617,0.0016321391753455997,0.000366777976089719,0.002714666420639756,0.0008049040518897938,0.0007590100616485993,-0.0002861846970846629,0.002899162961969926,5.3180833843740314e-5,0.00333236219333154,0.014675574965252122,0.0007573394239266409,0.0028079065472904558,0.002247538314047382,0.00045544819884595143,0.0007192798334788947,0.0003982902796269823,0.0008204939065130286,0.0012815869353867125,0.0005598793436679773,0.00010486164427313499,0.0016842760603069137,0.0003841800484226459,0.0010000062617578458,-0.0005110926692964636,0.00010417820769248419,0.0009268717365626062,0.00031040810399998,0.00037964642800362546,0.0005368966079384958,0.0007573394239266409,0.005199403838134949,0.0008073150866558565,0.0022999912837945646,0.0005552730197139757,0.002550291714904055,0.0012277748022812979,0.005034885672065378,0.0028927506094489734,0.0016574116752698586,0.0012144029707834426,0.003383888953546043,0.0006394465878971248,0.0056685427732449875,0.0034365961299978416,0.000598137964791801,0.0007244813983691648,0.0019838821239985703,0.0006630708359001603,0.0034767875023835834,0.0028079065472904558,0.0008073150866558565,0.028262741978448566
