0.01982785336450328,0.0012727236652254502,0.002205110411562063,0.004523375386601769,0.0050804965782254,0.0009995730562363794,0.0013225781663188478,-0.0014247849680658245,-0.002805678448507536,-0.00020292812307158553,0.006518620505007043,-0.003403360406331978,0.002943725413451796,0.001822692941973954,0.007501787791301869,0.004413203303440524,-0.0014602597290631152,-0.0014227936599878715,0.0019512888562117888,-0.001743163801020805,0.0012727236652254502,0.018035587317635705,-0.0015732194884125932,0.009503083791637675,-0.0027754833447338097,-0.0072241544264841535,-0.004151138846163531,0.0037719985797502764,-0.0010257714398388875,0.004630391545469391,0.013321293482504316,-0.002067438157883592,-0.0027793893681728925,0.005103027405252707,-0.006698990955107888,0.01224032558845771,0.0024731584347517867,3.8525930741183535e-5,0.0027842189696288206,-0.00046802447296907313,0.002205110411562063,-0.0015732194884125932,0.00748173310793361,-0.0005607268201435032,0.00039599712371058874,0.002082002734658959,-0.00010372971418797351,0.0008432982642143936,-0.0004305064733225686,-0.001897400806888857,0.0023397369268597593,0.0004727255911344674,0.0004052329358189817,-0.0009418971288448252,0.007391238155785655,-0.004456672425175919,0.0012488859464835082,-0.0011768097771501554,-0.0007189427804472474,0.0023712115731437874,0.004523375386601769,0.009503083791637675,-0.0005607268201435032,0.01208746669792191,-0.0012791481646781196,-0.005476426168911103,-0.002020404646978756,0.002286184423985027,-0.00211910479334655,0.002162294621644483,0.011009633926199502,-0.003394806717281684,-0.0016437872005062898,0.005146926116979667,-0.0018422751739626628,0.010599949047115939,-0.00024292123139090362,0.0011119316421119314,0.0026190796569707624,-0.001642299483151611,0.0050804965782254,-0.0027754833447338097,0.00039599712371058874,-0.0012791481646781196,0.01375881160693871,0.0027054873090524155,0.001270322215526109,0.001184295081237785,-0.0003228782854383065,0.001291754678712397,-0.0008559269451786167,-0.001336983059776292,0.00047422040463526743,-0.004681993764227026,0.005186298558526593,0.00047380294934904377,-0.001559409197838885,0.0026053288229250923,0.001392291166751762,0.0004145445782812151,0.0009995730562363794,-0.0072241544264841535,0.002082002734658959,-0.005476426168911103,0.0027054873090524155,0.010165615591392714,0.005312621793650629,-0.0025640526566652255,0.0008071517561491607,-0.0012749942734736845,-0.008168164512097273,0.004207217086333634,0.002637571611322049,-0.003003889663721289,0.005697966130719545,-0.008054324392452527,0.0016376177128627084,0.0009166658304172866,-0.0018055028054745062,0.0013909533764780292,0.0013225781663188478,-0.004151138846163531,-0.00010372971418797351,-0.002020404646978756,0.001270322215526109,0.005312621793650629,0.009501300324652922,-0.003002814046645249,0.00031072906482223394,0.001181197966289091,-0.007682873039162737,0.002487233900970407,0.0031028927334735123,0.0006153237548342758,0.0005522215881375229,-0.0033812151813289405,0.0007946762645196384,0.001979238154012409,-0.0011603019479433441,0.003056172879836819,-0.0014247849680658245,0.0037719985797502764,0.0008432982642143936,0.002286184423985027,0.001184295081237785,-0.0025640526566652255,-0.003002814046645249,0.006305229743071902,0.0001971280200404345,0.0004685176526896067,0.005642624054767814,-0.0011746834257961407,-0.0029881912442078747,-0.00036583632521341894,0.0010366071367002073,0.004151267878004018,0.00015750785741827923,-0.0006907415377843274,0.001780907018033987,0.0005125011041595966,-0.002805678448507536,-0.0010257714398388875,-0.0004305064733225686,-0.00211910479334655,-0.0003228782854383065,0.0008071517561491607,0.00031072906482223394,0.0001971280200404345,0.007256612304582984,0.0016385428965416406,-0.003757951359886351,0.002141097350973275,0.002204082698004043,0.007079660716664233,-0.003104716343955291,0.005027306182813555,0.004188992538442488,0.0032608740135954134,0.0030898523280047307,0.0031993223473577937,-0.00020292812307158553,0.004630391545469391,-0.001897400806888857,0.002162294621644483,0.001291754678712397,-0.0012749942734736845,0.001181197966289091,0.0004685176526896067,0.0016385428965416406,0.016263397994034652,-0.000702475844859696,0.002097250071627397,0.0005473346179034014,0.002031150017684403,-0.006062225715135724,0.006232126132754505,0.003311306736221046,0.005107116920642016,0.00223603041455611,0.004364658195819862,0.006518620505007043,0.013321293482504316,0.0023397369268597593,0.011009633926199502,-0.0008559269451786167,-0.008168164512097273,-0.007682873039162737,0.005642624054767814,-0.003757951359886351,-0.000702475844859696,0.03226709369425887,-0.006004167002982869,-0.0032478648042383353,0.0013815440038458388,0.0019880724427249518,0.010105394336742372,-0.00044678989460498315,-0.0041484097807133295,0.0022182852727153034,-0.004996024863050777,-0.003403360406331978,-0.002067438157883592,0.0004727255911344674,-0.003394806717281684,-0.001336983059776292,0.004207217086333634,0.002487233900970407,-0.0011746834257961407,0.002141097350973275,0.002097250071627397,-0.006004167002982869,0.009191868524777163,0.001220028845759719,0.0012010603381386745,-0.0019113848312899261,-0.001804117983628635,0.00410145650223534,0.0005397639669258085,-0.0017455479620585182,0.00344050039878913,0.002943725413451796,-0.0027793893681728925,0.0004052329358189817,-0.0016437872005062898,0.00047422040463526743,0.002637571611322049,0.0031028927334735123,-0.0029881912442078747,0.002204082698004043,0.0005473346179034014,-0.0032478648042383353,0.001220028845759719,0.007347845563923597,0.005565146815843131,0.0006600705134491443,0.001984147378407446,0.0023503581449038973,0.0028659799815774043,0.0016191928831643895,0.0022035239850639143,0.001822692941973954,0.005103027405252707,-0.0009418971288448252,0.005146926116979667,-0.004681993764227026,-0.003003889663721289,0.0006153237548342758,-0.00036583632521341894,0.007079660716664233,0.002031150017684403,0.0013815440038458388,0.0012010603381386745,0.005565146815843131,0.02455323548179148,-0.006270874718691933,0.01877226251460013,0.006082845220164258,0.006620800485283235,0.006374535766826279,0.0037923417589004376,0.007501787791301869,-0.006698990955107888,0.007391238155785655,-0.0018422751739626628,0.005186298558526593,0.005697966130719545,0.0005522215881375229,0.0010366071367002073,-0.003104716343955291,-0.006062225715135724,0.0019880724427249518,-0.0019113848312899261,0.0006600705134491443,-0.006270874718691933,0.027972368973453912,-0.012282035844001046,-0.00262494550339217,-0.0007288906158480083,-0.00022084589198247454,-0.0034829430887357627,0.004413203303440524,0.01224032558845771,-0.004456672425175919,0.010599949047115939,0.00047380294934904377,-0.008054324392452527,-0.0033812151813289405,0.004151267878004018,0.005027306182813555,0.006232126132754505,0.010105394336742372,-0.001804117983628635,0.001984147378407446,0.01877226251460013,-0.012282035844001046,0.03902841369861909,0.005178569393942784,0.008096881750049011,0.008790728040750154,0.0018267903862740475,-0.0014602597290631152,0.0024731584347517867,0.0012488859464835082,-0.00024292123139090362,-0.001559409197838885,0.0016376177128627084,0.0007946762645196384,0.00015750785741827923,0.004188992538442488,0.003311306736221046,-0.00044678989460498315,0.00410145650223534,0.0023503581449038973,0.006082845220164258,-0.00262494550339217,0.005178569393942784,0.012159789706095787,0.004312977269998613,0.0014467524641857267,0.0047607569350042265,-0.0014227936599878715,3.8525930741183535e-5,-0.0011768097771501554,0.0011119316421119314,0.0026053288229250923,0.0009166658304172866,0.001979238154012409,-0.0006907415377843274,0.0032608740135954134,0.005107116920642016,-0.0041484097807133295,0.0005397639669258085,0.0028659799815774043,0.006620800485283235,-0.0007288906158480083,0.008096881750049011,0.004312977269998613,0.01646747327626022,0.004110769702662319,0.00215401818463235,0.0019512888562117888,0.0027842189696288206,-0.0007189427804472474,0.0026190796569707624,0.001392291166751762,-0.0018055028054745062,-0.0011603019479433441,0.001780907018033987,0.0030898523280047307,0.00223603041455611,0.0022182852727153034,-0.0017455479620585182,0.0016191928831643895,0.006374535766826279,-0.00022084589198247454,0.008790728040750154,0.0014467524641857267,0.004110769702662319,0.005877553571749522,0.0005722858846467498,-0.001743163801020805,-0.00046802447296907313,0.0023712115731437874,-0.001642299483151611,0.0004145445782812151,0.0013909533764780292,0.003056172879836819,0.0005125011041595966,0.0031993223473577937,0.004364658195819862,-0.004996024863050777,0.00344050039878913,0.0022035239850639143,0.0037923417589004376,-0.0034829430887357627,0.0018267903862740475,0.0047607569350042265,0.00215401818463235,0.0005722858846467498,0.01763668417993277
0.02048642042188762,0.0026629664177685573,0.004799647936994845,0.0032309718923100943,0.0028925870712611344,0.0019181247978873493,0.00011694128629693491,0.0010067568916154268,-0.0008034736909514598,0.00918437478616975,0.005257667817355613,0.0014304617616559758,0.0013389553567484805,0.0009730961972736099,0.012927010238757149,0.013757899223689023,0.0032309100073819193,0.0026832556712089953,-0.0004222259047428167,0.005415883670429187,0.0026629664177685573,0.020506292585194038,0.004695164302111748,-0.0033473968033566953,0.0021169481875264956,0.00242481774957297,-0.004371536942145308,0.005882496089222464,0.006666060002959964,-0.003334216684074688,0.0006944165703325135,-0.0010342436038638283,0.0020674812694126314,0.010204474336649262,-0.0019169898470883257,-0.007042207882442484,-0.019263446603922138,-0.00968968419089554,0.0023221891262626038,-0.00215890600327756,0.004799647936994845,0.004695164302111748,0.010907106150881059,5.1946113411163904e-5,0.005999673645846731,0.002178947018374621,-0.0011059174115803881,0.002646242273853767,0.0004225730691058252,0.006313582286522871,0.002395555760055716,0.0009824784979740944,0.0012443078812416014,0.005389579222116463,0.005654551864810699,0.004653798500366225,-0.0028402500654461597,-0.0016492273519247672,0.0013383099577145862,0.0010686175464138447,0.0032309718923100943,-0.0033473968033566953,5.1946113411163904e-5,0.013000128626259216,0.0040170604508160904,0.0010989585791028398,0.0035259380683125632,-0.001766625127677945,-0.0008073453813792854,0.0026964796133926525,0.004473490484185019,0.002314255801664559,-0.0002264062797520187,-0.0022593143276169155,0.005583817204842724,0.010126702011703488,0.013194254337413704,0.0071589721255684875,-0.0008284216479910334,0.008776872346684976,0.0028925870712611344,0.0021169481875264956,0.005999673645846731,0.0040170604508160904,0.016843813593756602,0.0032886038939007062,0.0018782044959465391,0.0024886212836942607,0.0005375970588632701,0.004327595381871732,0.0072754737195785055,0.0005614718172895648,0.0008254467917799775,0.005362791543959387,0.00631112913811976,0.00295780623592408,0.0039973662179028984,0.002784109022575847,0.002388132561728537,0.00539488655802101,0.0019181247978873493,0.00242481774957297,0.002178947018374621,0.0010989585791028398,0.0032886038939007062,0.004453889180726303,-0.0007755118913116919,0.0015606986114688332,0.0007346566528592629,0.001627376350937303,0.0009174921429104242,0.0005559941899593499,0.0004546880787748976,0.0026220563975090554,0.0022624544109278496,0.0006124768782231546,-0.00032258897927940774,5.681349566242267e-6,0.0009752675158594645,0.0020097398123629494,0.00011694128629693491,-0.004371536942145308,-0.0011059174115803881,0.0035259380683125632,0.0018782044959465391,-0.0007755118913116919,0.008786171617593727,-0.0017224307503750248,-0.0015005814107000271,0.0028181417584302,0.0020863842231152157,0.001319825369865934,0.0004221660553679223,-0.0037779266096690254,0.004744431446935,0.005174220523605861,0.009439137545866637,0.004527483585049749,-0.0006538171592621938,0.003398694000715105,0.0010067568916154268,0.005882496089222464,0.002646242273853767,-0.001766625127677945,0.0024886212836942607,0.0015606986114688332,-0.0017224307503750248,0.005548603343419149,0.001607669270949528,-0.0018340411333741089,0.0010037604804323539,-0.0011961768929423379,0.0008921227756053712,0.004943664827106431,-0.0007446122396197251,-0.0033256802290261697,-0.007381243752179057,-0.002958353258043195,0.0011516461821238439,-2.9099698755974374e-5,-0.0008034736909514598,0.006666060002959964,0.0004225730691058252,-0.0008073453813792854,0.0005375970588632701,0.0007346566528592629,-0.0015005814107000271,0.001607669270949528,0.005986900726605824,-0.0023853441993371104,-0.0009752225400291577,-0.0009659080497413118,0.0016581342166966983,0.0028874843854906156,-0.003653521155735277,-0.005647564495636096,-0.006889682140774258,-0.005215038189965916,0.0009396368722386286,-0.0020225283920272644,0.00918437478616975,-0.003334216684074688,0.006313582286522871,0.0026964796133926525,0.004327595381871732,0.001627376350937303,0.0028181417584302,-0.0018340411333741089,-0.0023853441993371104,0.022600019012327933,0.005005088418725431,0.0012104057557381356,0.00012244157408641723,-0.002923761986905838,0.012286463522419733,0.012284415688693855,0.011589581909904214,0.004987205974016116,-0.0012637253697605753,0.0023041048424015534,0.005257667817355613,0.0006944165703325135,0.002395555760055716,0.004473490484185019,0.0072754737195785055,0.0009174921429104242,0.0020863842231152157,0.0010037604804323539,-0.0009752225400291577,0.005005088418725431,0.024625690009047577,0.0006949958605321706,0.0004620619582449678,-0.0005745435390340651,0.003996611697671341,0.004894363453617556,0.0030007336495060997,0.009864501912881043,0.0009778550477454787,0.006254504623997653,0.0014304617616559758,-0.0010342436038638283,0.0009824784979740944,0.002314255801664559,0.0005614718172895648,0.0005559941899593499,0.001319825369865934,-0.0011961768929423379,-0.0009659080497413118,0.0012104057557381356,0.0006949958605321706,0.0056236803377329465,0.000440240979112228,-0.0008829827504083809,0.0035043521496132823,0.004701186526969292,0.003489692723255193,0.0026640995683744105,-0.00018184229528336383,0.0014412101829338376,0.0013389553567484805,0.0020674812694126314,0.0012443078812416014,-0.0002264062797520187,0.0008254467917799775,0.0004546880787748976,0.0004221660553679223,0.0008921227756053712,0.0016581342166966983,0.00012244157408641723,0.0004620619582449678,0.000440240979112228,0.004193977412956719,-0.0002389300235341429,0.0019176886398508425,0.0003513766782795287,-0.0014580442162764429,-0.00289792197680551,0.000663949971897499,-0.0007780650406001373,0.0009730961972736099,0.010204474336649262,0.005389579222116463,-0.0022593143276169155,0.005362791543959387,0.0026220563975090554,-0.0037779266096690254,0.004943664827106431,0.0028874843854906156,-0.002923761986905838,-0.0005745435390340651,-0.0008829827504083809,-0.0002389300235341429,0.01683106526294715,-0.0022231214588615974,-0.005190604956891521,-0.012968478859423522,-0.004806690146096332,0.0024870046414817515,-0.0024755725778385636,0.012927010238757149,-0.0019169898470883257,0.005654551864810699,0.005583817204842724,0.00631112913811976,0.0022624544109278496,0.004744431446935,-0.0007446122396197251,-0.003653521155735277,0.012286463522419733,0.003996611697671341,0.0035043521496132823,0.0019176886398508425,-0.0022231214588615974,0.02779482987697239,0.016693361292876983,0.014287172084058816,0.005434995288500154,-0.0002342691392779291,0.008539854761814254,0.013757899223689023,-0.007042207882442484,0.004653798500366225,0.010126702011703488,0.00295780623592408,0.0006124768782231546,0.005174220523605861,-0.0033256802290261697,-0.005647564495636096,0.012284415688693855,0.004894363453617556,0.004701186526969292,0.0003513766782795287,-0.005190604956891521,0.016693361292876983,0.03419733719339188,0.020474731623971655,0.009518501560781763,-0.0021059064448834914,0.009594352644837087,0.0032309100073819193,-0.019263446603922138,-0.0028402500654461597,0.013194254337413704,0.0039973662179028984,-0.00032258897927940774,0.009439137545866637,-0.007381243752179057,-0.006889682140774258,0.011589581909904214,0.0030007336495060997,0.003489692723255193,-0.0014580442162764429,-0.012968478859423522,0.014287172084058816,0.020474731623971655,0.04291851762995636,0.01900081792635023,-0.0033050062973853235,0.012156799386471894,0.0026832556712089953,-0.00968968419089554,-0.0016492273519247672,0.0071589721255684875,0.002784109022575847,5.681349566242267e-6,0.004527483585049749,-0.002958353258043195,-0.005215038189965916,0.004987205974016116,0.009864501912881043,0.0026640995683744105,-0.00289792197680551,-0.004806690146096332,0.005434995288500154,0.009518501560781763,0.01900081792635023,0.02431089622243438,-0.002029920058915999,0.008156971524083317,-0.0004222259047428167,0.0023221891262626038,0.0013383099577145862,-0.0008284216479910334,0.002388132561728537,0.0009752675158594645,-0.0006538171592621938,0.0011516461821238439,0.0009396368722386286,-0.0012637253697605753,0.0009778550477454787,-0.00018184229528336383,0.000663949971897499,0.0024870046414817515,-0.0002342691392779291,-0.0021059064448834914,-0.0033050062973853235,-0.002029920058915999,0.002400340151053809,3.862814961863562e-5,0.005415883670429187,-0.00215890600327756,0.0010686175464138447,0.008776872346684976,0.00539488655802101,0.0020097398123629494,0.003398694000715105,-2.9099698755974374e-5,-0.0020225283920272644,0.0023041048424015534,0.006254504623997653,0.0014412101829338376,-0.0007780650406001373,-0.0024755725778385636,0.008539854761814254,0.009594352644837087,0.012156799386471894,0.008156971524083317,3.862814961863562e-5,0.019996026257859394
0.02659535265596969,0.0029273290689834537,0.004837015644617049,0.016846102754857345,0.003143760504835773,0.006154632305166845,0.0003233604177672431,8.149406319361927e-5,0.010084638577853402,-0.00017710894779202774,0.005209187809915285,0.004557672296174784,0.004856470721205177,-0.008878385238954133,-0.0016449037653997675,0.001937288032511871,7.605848956501195e-5,0.003783639499049766,0.00717142230327006,-0.003997103723192335,0.0029273290689834537,0.015038159549743522,0.0012186682957225658,0.009228223366124472,0.0017394132677183932,0.002947130598823283,0.002736900880730889,0.0010901114521483309,0.0032627392284737744,-0.000981149641868114,-0.0020004668046909625,-0.0026202272369403395,0.005111463262687977,-0.0021499337806586104,0.0008002878431820283,0.0048416656764670475,0.002431435505360675,0.0059913575193704825,0.0024475406582694405,-0.0010999097172427492,0.004837015644617049,0.0012186682957225658,0.009643852751951457,0.005840338248815415,0.001983521521892193,0.0040648453256535814,-0.004485245791590787,-0.001333955069098117,0.00262749119472141,7.101939809822132e-5,0.006195104749572339,0.00579939920730279,0.0008400036234465861,-0.004877379065085357,0.0014654721075288224,0.005070725950010282,-0.004792291592234937,-0.004263400380066956,0.0024498060601903736,0.0017661854327145575,0.016846102754857345,0.009228223366124472,0.005840338248815415,0.028066160666384912,0.0034334302011534415,0.008342863300140856,0.001730066113274262,-0.002193203157150305,0.009946030304377355,-0.0024617248626022164,0.0047353901995130475,0.0005350205637108907,0.007879665147213067,-0.011092088659986715,-0.003312942638702605,0.002545536826171151,0.0012500569404175971,0.006664869687661373,0.00828294367337423,-0.0053805795033859604,0.003143760504835773,0.0017394132677183932,0.001983521521892193,0.0034334302011534415,0.011152248889908763,-0.000686295746277113,-0.0037532064087779995,-0.0009062359736781388,0.0012600746814337065,0.0021136961172327252,-0.002077093912470693,0.003514333362723646,0.0010795209500727672,-0.0073418732341308775,0.00049660136351095,0.008527148607672482,-0.003476791141870304,-0.00023162472983219185,-0.00026317846112315944,-0.004188663971680998,0.006154632305166845,0.002947130598823283,0.0040648453256535814,0.008342863300140856,-0.000686295746277113,0.009284823533210754,-0.0018281314433000232,-0.00039329264891052053,0.0036870826271513174,-0.0015723901247899942,0.004463003693846443,0.00271820663656355,0.0008563403107125268,-0.001367192139401114,-0.00543004323794318,0.00047748871739377945,0.0005544006724362972,-0.0007076929329105017,0.0037230835536931637,7.974165914072457e-5,0.0003233604177672431,0.002736900880730889,-0.004485245791590787,0.001730066113274262,-0.0037532064087779995,-0.0018281314433000232,0.020180830807910596,0.0028994644604611298,0.00316678444247235,0.0005370092103879114,0.0017507244211508388,-0.01140855251411573,0.0038529253864566706,0.007652384757587796,0.008075513203384593,-0.0042325385802811895,0.007306228410568095,0.015236970624345949,0.0024834633716115323,-0.0004889893733032779,8.149406319361927e-5,0.0010901114521483309,-0.001333955069098117,-0.002193203157150305,-0.0009062359736781388,-0.00039329264891052053,0.0028994644604611298,0.0036237973647259515,-0.00017967941089958996,0.0018880400664461482,-0.00026594966287020265,-0.0015776788026776048,0.0005215414835871514,0.004036285806776663,0.002807752306366316,0.00020987673603689366,0.0020525749387346466,0.002707370688744661,1.8005294565878933e-5,0.0015178978638072512,0.010084638577853402,0.0032627392284737744,0.00262749119472141,0.009946030304377355,0.0012600746814337065,0.0036870826271513174,0.00316678444247235,-0.00017967941089958996,0.008304203861120966,-0.001293445337030681,0.002157380027443266,0.00034190003860394325,0.003993630860653302,-0.004156126532607991,0.00015211893555539273,0.0018124047138305425,0.000427504876544373,0.006302894307611258,0.004507781501718452,-0.002721727433542343,-0.00017710894779202774,-0.000981149641868114,7.101939809822132e-5,-0.0024617248626022164,0.0021136961172327252,-0.0015723901247899942,0.0005370092103879114,0.0018880400664461482,-0.001293445337030681,0.0159544896480477,0.0017349091329889339,0.002201516525385973,-0.0002497823800010031,0.0010289602166529731,0.0063792516812042985,0.00968389533389728,-0.003649584072143261,0.000945755609225733,-0.0012498602423744243,0.0005454206082520891,0.005209187809915285,-0.0020004668046909625,0.006195104749572339,0.0047353901995130475,-0.002077093912470693,0.004463003693846443,0.0017507244211508388,-0.00026594966287020265,0.002157380027443266,0.0017349091329889339,0.022833121957951445,0.0018876692014821918,8.233712379306156e-5,0.0008528557463129988,0.010896680279189802,0.0022640007339806987,-0.003948900603032295,-0.0010273092657504634,0.003982567077961116,0.004980430501581642,0.004557672296174784,-0.0026202272369403395,0.00579939920730279,0.0005350205637108907,0.003514333362723646,0.00271820663656355,-0.01140855251411573,-0.0015776788026776048,0.00034190003860394325,0.002201516525385973,0.0018876692014821918,0.014827715293421601,-0.001768222499046772,-0.006636252657092081,-0.0037095179064174175,0.006534674424261902,-0.006294093800182024,-0.008363958481497645,-0.0008716497695713251,-0.0023943106687059445,0.004856470721205177,0.005111463262687977,0.0008400036234465861,0.007879665147213067,0.0010795209500727672,0.0008563403107125268,0.0038529253864566706,0.0005215414835871514,0.003993630860653302,-0.0002497823800010031,8.233712379306156e-5,-0.001768222499046772,0.00809323578384796,-0.002236434305701319,0.0031400313341386718,0.001336995117327632,0.0013855990241130715,0.00821228053659127,0.0028130990717647143,-0.002140159594733985,-0.008878385238954133,-0.0021499337806586104,-0.004877379065085357,-0.011092088659986715,-0.0073418732341308775,-0.001367192139401114,0.007652384757587796,0.004036285806776663,-0.004156126532607991,0.0010289602166529731,0.0008528557463129988,-0.006636252657092081,-0.002236434305701319,0.022245567467967214,0.0015647117854127811,-0.009066989791172422,0.008714756414167368,0.0014486580546827234,-0.0010635534978009334,0.00710813145950386,-0.0016449037653997675,0.0008002878431820283,0.0014654721075288224,-0.003312942638702605,0.00049660136351095,-0.00543004323794318,0.008075513203384593,0.002807752306366316,0.00015211893555539273,0.0063792516812042985,0.010896680279189802,-0.0037095179064174175,0.0031400313341386718,0.0015647117854127811,0.03560634476353395,0.014070662775978127,-0.007418075574003998,0.009574206879850012,1.581848771377032e-5,0.004651246992550722,0.001937288032511871,0.0048416656764670475,0.005070725950010282,0.002545536826171151,0.008527148607672482,0.00047748871739377945,-0.0042325385802811895,0.00020987673603689366,0.0018124047138305425,0.00968389533389728,0.0022640007339806987,0.006534674424261902,0.001336995117327632,-0.009066989791172422,0.014070662775978127,0.03609323270082498,-0.008330172394843637,0.0030867980101677837,-0.0005555005331520204,-0.004894206848977191,7.605848956501195e-5,0.002431435505360675,-0.004792291592234937,0.0012500569404175971,-0.003476791141870304,0.0005544006724362972,0.007306228410568095,0.0020525749387346466,0.000427504876544373,-0.003649584072143261,-0.003948900603032295,-0.006294093800182024,0.0013855990241130715,0.008714756414167368,-0.007418075574003998,-0.008330172394843637,0.01707026688009409,0.0020453850521880744,0.0016101288503757418,-0.0010707742432517248,0.003783639499049766,0.0059913575193704825,-0.004263400380066956,0.006664869687661373,-0.00023162472983219185,-0.0007076929329105017,0.015236970624345949,0.002707370688744661,0.006302894307611258,0.000945755609225733,-0.0010273092657504634,-0.008363958481497645,0.00821228053659127,0.0014486580546827234,0.009574206879850012,0.0030867980101677837,0.0020453850521880744,0.02936510583629875,0.004041290978486276,-0.005114410651437419,0.00717142230327006,0.0024475406582694405,0.0024498060601903736,0.00828294367337423,-0.00026317846112315944,0.0037230835536931637,0.0024834633716115323,1.8005294565878933e-5,0.004507781501718452,-0.0012498602423744243,0.003982567077961116,-0.0008716497695713251,0.0028130990717647143,-0.0010635534978009334,1.581848771377032e-5,-0.0005555005331520204,0.0016101288503757418,0.004041290978486276,0.005298246621731526,-0.0001611689095395034,-0.003997103723192335,-0.0010999097172427492,0.0017661854327145575,-0.0053805795033859604,-0.004188663971680998,7.974165914072457e-5,-0.0004889893733032779,0.0015178978638072512,-0.002721727433542343,0.0005454206082520891,0.004980430501581642,-0.0023943106687059445,-0.002140159594733985,0.00710813145950386,0.004651246992550722,-0.004894206848977191,-0.0010707742432517248,-0.005114410651437419,-0.0001611689095395034,0.017251172458177044
