0.006888751018648904,-0.00022063161359908278,0.0036207573155820337,0.0008914547808969412,-0.0008172955169014969,0.0008446570849966325,-0.0015503415579354533,-0.0001651151247836326,0.0026747889731655915,-0.0026280543777369167,0.0016608230368169881,0.0038191733940366717,-0.0010916594193053466,0.00418117939510286,0.0014805514042679944,-0.00019290185892334227,0.0013752130567574931,0.0015738333722145766,6.913333806998675e-5,-0.0003285857038991411,-0.00022063161359908278,0.009525383571766365,-0.007696020936722739,-0.003226843621904372,-0.0005826885395330662,-0.0011365236562227328,0.0021877200956572484,0.0014099760368862296,0.001125689587723704,0.0074513359884612485,0.0056184431993794755,-0.0024579653548275314,0.0008262884573489117,0.007479216690190522,-0.0026411282722718452,0.0018048146348377465,0.002885593315369785,-0.0013116310808798063,-0.0020083098524167823,0.0016318112870347687,0.0036207573155820337,-0.007696020936722739,0.043845026557105204,0.0020642816318208095,0.0030369608688004144,0.0009663224290841681,-0.00221316842795317,-0.0009504460709924036,-0.0029939810628403264,-0.005064070785387725,-0.011860166539124766,0.0036357667915994834,-0.0008732031564313252,-0.012045392625246528,0.004237947993090688,0.008045841179801089,-0.007175264842089342,0.0009377453717106432,0.0007222616295323708,-0.0009483312963405506,0.0008914547808969412,-0.003226843621904372,0.0020642816318208095,0.004837218147582453,-0.0005887478219128114,-0.0006756770353241715,-0.0010245882852035096,-0.0011813983513795632,0.002159274080172061,-0.00153628874220999,-0.0013203151154119117,0.003191959852005176,-0.0013414559039568834,-9.9340403965144e-5,0.0016199158253990002,-0.0017999846462237485,-4.6500576643759915e-5,0.004063526064488789,0.001257923282209256,-0.0002910282188906447,-0.0008172955169014969,-0.0005826885395330662,0.0030369608688004144,-0.0005887478219128114,0.004439986823074602,0.001461805624847989,-0.00028672977074224054,0.0003169586120562153,0.0016256603235574895,0.0007480219017062456,-0.0010512602693230934,-8.371939267805717e-5,0.0008761077572892104,-0.0032576713660787955,0.0002443800523018111,0.0019352065208059239,-0.0013915812023991602,0.002697021657878953,0.00020821857260873596,0.001734897110313167,0.0008446570849966325,-0.0011365236562227328,0.0009663224290841681,-0.0006756770353241715,0.001461805624847989,0.022333866071698096,0.0019528840497538705,0.0024216332947630884,0.00721569257129552,0.00026641351406012613,0.007774406298502994,0.001373278273034834,-0.00040289462099391015,-0.004402456671932025,0.001048591676436225,0.0006562761931216141,-0.0013184280291327877,-0.00026346653841265773,0.005182102004735209,-0.0006724810477654757,-0.0015503415579354533,0.0021877200956572484,-0.00221316842795317,-0.0010245882852035096,-0.00028672977074224054,0.0019528840497538705,0.007250338071222255,0.0015850807998074009,0.00029350042010018004,0.006745479519411488,0.003583885683025152,-0.0034229746865304883,0.00299714128976168,-0.0016027293781821932,-0.000978460220905464,0.005246862318546073,-0.0021476262109843994,-0.0008347008144034339,0.004155299803607912,0.0005365486086334663,-0.0001651151247836326,0.0014099760368862296,-0.0009504460709924036,-0.0011813983513795632,0.0003169586120562153,0.0024216332947630884,0.0015850807998074009,0.002717056819422182,0.0002911146354070761,-0.00017050949279704986,0.001502391933746388,-0.0023534321555119253,-0.00013592221191712482,-0.001011169132910281,-0.0007152139597819975,0.0006041553174787678,0.00028280508844207605,-0.0022400827541410465,0.0018157121560486234,0.0003176895248096498,0.0026747889731655915,0.001125689587723704,-0.0029939810628403264,0.002159274080172061,0.0016256603235574895,0.00721569257129552,0.00029350042010018004,0.0002911146354070761,0.020922598673279613,0.00753642270788684,0.007848367829867166,0.0032792919790907964,0.0023352597434009048,0.002127023617026238,0.0021097409268806128,0.0017561137180747135,-0.0010812097720539918,0.014890421489534594,0.002504033260436462,0.003926750618530086,-0.0026280543777369167,0.0074513359884612485,-0.005064070785387725,-0.00153628874220999,0.0007480219017062456,0.00026641351406012613,0.006745479519411488,-0.00017050949279704986,0.00753642270788684,0.03402814201094495,-0.001529115720028001,-0.0011646756856382003,0.010073750529288352,0.0029213386857532284,0.0013973813958915997,0.011081412533684418,-0.004756518324825178,0.009401982229858566,0.002529373133611023,0.0035864024431772083,0.0016608230368169881,0.0056184431993794755,-0.011860166539124766,-0.0013203151154119117,-0.0010512602693230934,0.007774406298502994,0.003583885683025152,0.001502391933746388,0.007848367829867166,-0.001529115720028001,0.037663721653678955,0.0004719994936974413,-0.0013247767507965577,0.01038619043516643,-0.0030536929697316164,-5.037769959196064e-6,0.003949754934620346,0.004872897052792435,-0.001340884830934618,0.0013475394884469622,0.0038191733940366717,-0.0024579653548275314,0.0036357667915994834,0.003191959852005176,-8.371939267805717e-5,0.001373278273034834,-0.0034229746865304883,-0.0023534321555119253,0.0032792919790907964,-0.0011646756856382003,0.0004719994936974413,0.015441728073019854,-0.003000654320769856,0.004145584117556974,0.001291594824586018,0.0010119011428214972,0.0010950891634025814,0.004015772161135543,-0.001611489677181974,-0.0013003629459881227,-0.0010916594193053466,0.0008262884573489117,-0.0008732031564313252,-0.0013414559039568834,0.0008761077572892104,-0.00040289462099391015,0.00299714128976168,-0.00013592221191712482,0.0023352597434009048,0.010073750529288352,-0.0013247767507965577,-0.003000654320769856,0.008456005366893976,-0.0026750288699945116,0.00233624757230842,0.0035440475888267233,-0.00394956225120309,0.004311745347474927,0.002658205356570014,0.0012073237898719597,0.00418117939510286,0.007479216690190522,-0.012045392625246528,-9.9340403965144e-5,-0.0032576713660787955,-0.004402456671932025,-0.0016027293781821932,-0.001011169132910281,0.002127023617026238,0.0029213386857532284,0.01038619043516643,0.004145584117556974,-0.0026750288699945116,0.02630624818291115,-0.0027819033820525906,-0.002940508309227113,0.00870967724388071,-0.0003700929544635562,-0.0037759989621201856,0.0020920563607112015,0.0014805514042679944,-0.0026411282722718452,0.004237947993090688,0.0016199158253990002,0.0002443800523018111,0.001048591676436225,-0.000978460220905464,-0.0007152139597819975,0.0021097409268806128,0.0013973813958915997,-0.0030536929697316164,0.001291594824586018,0.00233624757230842,-0.0027819033820525906,0.005664490812724011,1.800088903725354e-5,-0.0023998637003380084,0.003111770032871275,0.0019841213933733163,-0.0013405088768797709,-0.00019290185892334227,0.0018048146348377465,0.008045841179801089,-0.0017999846462237485,0.0019352065208059239,0.0006562761931216141,0.005246862318546073,0.0006041553174787678,0.0017561137180747135,0.011081412533684418,-5.037769959196064e-6,0.0010119011428214972,0.0035440475888267233,-0.002940508309227113,1.800088903725354e-5,0.018456805034396347,-0.00482586272998207,0.0017984482422365917,0.0038201666217662265,0.0010883468637179461,0.0013752130567574931,0.002885593315369785,-0.007175264842089342,-4.6500576643759915e-5,-0.0013915812023991602,-0.0013184280291327877,-0.0021476262109843994,0.00028280508844207605,-0.0010812097720539918,-0.004756518324825178,0.003949754934620346,0.0010950891634025814,-0.00394956225120309,0.00870967724388071,-0.0023998637003380084,-0.00482586272998207,0.008722935171271757,-0.002908615693290237,-0.003112254460811265,0.0005757781446156746,0.0015738333722145766,-0.0013116310808798063,0.0009377453717106432,0.004063526064488789,0.002697021657878953,-0.00026346653841265773,-0.0008347008144034339,-0.0022400827541410465,0.014890421489534594,0.009401982229858566,0.004872897052792435,0.004015772161135543,0.004311745347474927,-0.0003700929544635562,0.003111770032871275,0.0017984482422365917,-0.002908615693290237,0.031250255838539194,-0.0012860369740761235,0.002669621666194495,6.913333806998675e-5,-0.0020083098524167823,0.0007222616295323708,0.001257923282209256,0.00020821857260873596,0.005182102004735209,0.004155299803607912,0.0018157121560486234,0.002504033260436462,0.002529373133611023,-0.001340884830934618,-0.001611489677181974,0.002658205356570014,-0.0037759989621201856,0.0019841213933733163,0.0038201666217662265,-0.003112254460811265,-0.0012860369740761235,0.013747808614386093,-0.00024626490415134965,-0.0003285857038991411,0.0016318112870347687,-0.0009483312963405506,-0.0002910282188906447,0.001734897110313167,-0.0006724810477654757,0.0005365486086334663,0.0003176895248096498,0.003926750618530086,0.0035864024431772083,0.0013475394884469622,-0.0013003629459881227,0.0012073237898719597,0.0020920563607112015,-0.0013405088768797709,0.0010883468637179461,0.0005757781446156746,0.002669621666194495,-0.00024626490415134965,0.006460298235383295
0.007114338703407031,0.0008966757403341752,0.005202038874966018,0.0006668593411973418,0.0017023210317859054,0.0010315941599984154,-0.00086457328748899,0.001914006076313396,-0.000607048380130551,0.010362298730461697,0.0015524771063012124,0.002408273505895831,0.0019039091261601917,0.0007874296441065141,0.000751623229677492,-0.0007994418360649802,0.0011461359192050683,-0.0005730005638671536,0.0017821027615392412,6.228799067965186e-5,0.0008966757403341752,0.0083896901286744,-0.008883046694643841,0.0009247732952154277,0.007149320610753286,0.0017482665601401544,-0.0008474143791819901,0.003780799701524098,-0.0037668473433266547,0.011356007821008342,-0.002852690386626373,0.0004618672041781914,0.003594042030705712,-0.002363062163612075,0.0032868360731714914,0.003695965083447505,0.005625054932073232,0.003605596764687743,-0.003489838559081755,-0.0005391326508829505,0.005202038874966018,-0.008883046694643841,0.0958771200852954,-0.0048167377739881554,-0.016193824648138476,-0.005879443027408534,0.006170279172693758,-0.007925106685822709,0.006612725306180454,-0.0008749235877221883,0.027028844363753607,0.01497071828662198,-0.011731903851843696,0.021921572202322492,4.60923831925754e-6,-0.0165873590545138,-0.02084502292883056,-0.004536687014317305,0.03443402200139315,0.002512602863346665,0.0006668593411973418,0.0009247732952154277,-0.0048167377739881554,0.004517004246132805,0.0017729245390983696,0.0013934902219268973,-0.001830098755639871,0.0019470860711333167,-0.0029372858356460844,0.007074288841223228,-0.0035847586667857364,0.002751524223105852,0.004200274392862288,0.0022705406943969468,-0.0015053910819106137,0.0031870237965943926,0.005476446892762502,-0.00039194051655422427,-0.0030585357227977178,0.0004048593224842666,0.0017023210317859054,0.007149320610753286,-0.016193824648138476,0.0017729245390983696,0.015916500544628225,0.011972610128283101,-0.00042898531146468873,0.007912878197104695,-0.0022739513310891433,0.021217748041155088,-0.0026212893356758627,-0.00043132566895462063,0.0076505814510301135,-0.0015840952956914785,0.0060680787661080695,0.008621130860714539,0.010859157915467222,0.003957542632298169,-0.010707067263470602,-0.0014884221372178199,0.0010315941599984154,0.0017482665601401544,-0.005879443027408534,0.0013934902219268973,0.011972610128283101,0.044339126257218045,0.004944874775124213,0.007832577923611424,0.002991704233148206,0.016483096543752275,0.0031983768839029167,-0.006379559841727153,0.00752338407715805,0.007434519271313809,0.01083513832477579,0.011102688882041353,0.009460975365770041,0.0020418732159706147,-0.0228873964022073,-0.0016738311659195736,-0.00086457328748899,-0.0008474143791819901,0.006170279172693758,-0.001830098755639871,-0.00042898531146468873,0.004944874775124213,0.005184779969384389,-0.000878618773989822,0.002672309734876761,-0.005291104781756272,0.002805650152878163,-0.0026695600226739995,-0.0026373644376909253,0.0016118103002640857,0.00286681645386407,0.00036060347859947996,-0.0034206023793351427,0.0006108687739722813,0.0001423811693879084,-0.0006737824547447318,0.001914006076313396,0.003780799701524098,-0.007925106685822709,0.0019470860711333167,0.007912878197104695,0.007832577923611424,-0.000878618773989822,0.006581284218272306,-0.0023137072373004956,0.01581458802188658,-0.0026679175347744397,0.0002145232832000668,0.005106995773906532,0.0012351273023562025,0.003665288955073108,0.004269648983275542,0.007381876037856794,0.0008992204227609804,-0.0075900020881093655,-0.00041779108190192587,-0.000607048380130551,-0.0037668473433266547,0.006612725306180454,-0.0029372858356460844,-0.0022739513310891433,0.002991704233148206,0.002672309734876761,-0.0023137072373004956,0.013335496982074415,-0.010444454550457734,0.0026864976356635135,-0.002646428389071532,-0.004792312396953201,-0.00021664567533184314,0.0009908191942737418,-0.0038345524027860755,-0.007387142105161756,0.0015666442358812523,0.002218152124141149,0.0020194161994766865,0.010362298730461697,0.011356007821008342,-0.0008749235877221883,0.007074288841223228,0.021217748041155088,0.016483096543752275,-0.005291104781756272,0.01581458802188658,-0.010444454550457734,0.07424088996382561,0.0008238746923753468,0.011746363380532076,0.015923859175072816,0.005564230225090156,0.007388250256795451,0.007321903753378328,0.02236675396279695,-0.0009166287993823017,-0.00799693016348028,-0.0008905263240080975,0.0015524771063012124,-0.002852690386626373,0.027028844363753607,-0.0035847586667857364,-0.0026212893356758627,0.0031983768839029167,0.002805650152878163,-0.0026679175347744397,0.0026864976356635135,0.0008238746923753468,0.03646629734616114,0.00464805073874703,-0.003385261832170267,0.0005134922586703833,0.0026178606991965397,-0.004869568250719339,-0.008776523789740306,-0.0015385950071457916,0.011945520593458572,-0.0021282705783466586,0.002408273505895831,0.0004618672041781914,0.01497071828662198,0.002751524223105852,-0.00043132566895462063,-0.006379559841727153,-0.0026695600226739995,0.0002145232832000668,-0.002646428389071532,0.011746363380532076,0.00464805073874703,0.021197129967924163,0.0034143507630205834,0.004599973063157462,-0.0035180369883878646,-0.0021116324689447563,0.0012830639026447082,0.0011417129764237752,0.011094875094216194,0.004040735287582411,0.0019039091261601917,0.003594042030705712,-0.011731903851843696,0.004200274392862288,0.0076505814510301135,0.00752338407715805,-0.0026373644376909253,0.005106995773906532,-0.004792312396953201,0.015923859175072816,-0.003385261832170267,0.0034143507630205834,0.010738230503876192,0.0004302998268977207,0.0008324617208949456,0.005923653505793887,0.010632805049265543,0.0007144742567236446,-0.007864296753653808,-0.00015220458396361425,0.0007874296441065141,-0.002363062163612075,0.021921572202322492,0.0022705406943969468,-0.0015840952956914785,0.007434519271313809,0.0016118103002640857,0.0012351273023562025,-0.00021664567533184314,0.005564230225090156,0.0005134922586703833,0.004599973063157462,0.0004302998268977207,0.022191080463235813,0.00039262902105493733,0.0003033417746603059,-0.00039405119021079164,-0.003412849885753088,0.0014521267423128013,0.00034076896929849875,0.000751623229677492,0.0032868360731714914,4.60923831925754e-6,-0.0015053910819106137,0.0060680787661080695,0.01083513832477579,0.00286681645386407,0.003665288955073108,0.0009908191942737418,0.007388250256795451,0.0026178606991965397,-0.0035180369883878646,0.0008324617208949456,0.00039262902105493733,0.009391893475770647,0.0018375662867206105,0.0019462719873183693,0.0023861308291894022,-0.003755521894448904,0.0003673683195212645,-0.0007994418360649802,0.003695965083447505,-0.0165873590545138,0.0031870237965943926,0.008621130860714539,0.011102688882041353,0.00036060347859947996,0.004269648983275542,-0.0038345524027860755,0.007321903753378328,-0.004869568250719339,-0.0021116324689447563,0.005923653505793887,0.0003033417746603059,0.0018375662867206105,0.01647589069693583,0.009372664688723605,0.0011914218847473524,-0.010595472626598521,-0.003223084367588876,0.0011461359192050683,0.005625054932073232,-0.02084502292883056,0.005476446892762502,0.010859157915467222,0.009460975365770041,-0.0034206023793351427,0.007381876037856794,-0.007387142105161756,0.02236675396279695,-0.008776523789740306,0.0012830639026447082,0.010632805049265543,-0.00039405119021079164,0.0019462719873183693,0.009372664688723605,0.017488658701907328,0.0005101888321224577,-0.013246344454851447,-0.0011932689431722217,-0.0005730005638671536,0.003605596764687743,-0.004536687014317305,-0.00039194051655422427,0.003957542632298169,0.0020418732159706147,0.0006108687739722813,0.0008992204227609804,0.0015666442358812523,-0.0009166287993823017,-0.0015385950071457916,0.0011417129764237752,0.0007144742567236446,-0.003412849885753088,0.0023861308291894022,0.0011914218847473524,0.0005101888321224577,0.014811357780135993,-0.00036993538479427603,0.0030320910457266935,0.0017821027615392412,-0.003489838559081755,0.03443402200139315,-0.0030585357227977178,-0.010707067263470602,-0.0228873964022073,0.0001423811693879084,-0.0075900020881093655,0.002218152124141149,-0.00799693016348028,0.011945520593458572,0.011094875094216194,-0.007864296753653808,0.0014521267423128013,-0.003755521894448904,-0.010595472626598521,-0.013246344454851447,-0.00036993538479427603,0.03148063327736181,0.004055817973437003,6.228799067965186e-5,-0.0005391326508829505,0.002512602863346665,0.0004048593224842666,-0.0014884221372178199,-0.0016738311659195736,-0.0006737824547447318,-0.00041779108190192587,0.0020194161994766865,-0.0008905263240080975,-0.0021282705783466586,0.004040735287582411,-0.00015220458396361425,0.00034076896929849875,0.0003673683195212645,-0.003223084367588876,-0.0011932689431722217,0.0030320910457266935,0.004055817973437003,0.00697270767236715
0.009610680482525502,0.0021093157537375356,0.003820443026682321,0.0011774503401242998,0.0006212991060907209,0.006069706378188136,0.001527110273241122,-0.0025007255350707252,-0.0030219206757290595,0.003941681520391397,-0.0018192998207705409,-0.005878131447318549,-0.0022007526835615228,-0.005738249048672685,0.001293832244482881,-0.0008942143237674176,0.00029922170469473205,-0.003575646265323779,0.001723799035858399,0.001403701298294497,0.0021093157537375356,0.007126914866064265,0.0031015018479550755,-0.0010423863758249646,-0.001977994020269835,0.007691331218746411,0.0007058403152284702,-0.002421707718801359,-0.0036728619244615944,-0.002569395098415491,-0.0002587236124708569,-0.000490934930964143,-0.002004936192802607,-0.0008989200240574677,0.0017225198421560945,-0.0011213724046372274,0.001036011038427573,0.004591780337934784,0.0033180201438569937,0.0013938995904175947,0.003820443026682321,0.0031015018479550755,0.03242366911535095,-0.0010615592776669243,0.0006102510740529506,0.0027643464756559755,0.0012032796197432977,-0.004624164483470548,0.0011614278264530196,-0.00021306664864657963,-0.0027838992442716336,-0.0011210078665165474,-0.0013293427406995792,-0.0001491431047441049,0.0032922523634190386,-0.0009038134761078895,0.0014224445586351565,0.006715542456752332,0.005113321865906718,-0.0014995216110951374,0.0011774503401242998,-0.0010423863758249646,-0.0010615592776669243,0.0040995123836599515,0.0020571927028963394,0.0012708556763566742,0.0012361688003598402,0.00012670465605536606,0.0012576168706002915,0.004370773347743953,0.00104193478109409,-0.0013733852255891235,0.0025292759089263622,0.001559184288551601,-0.0002630775667014564,-0.00039339210806359074,8.125985481908825e-5,-0.0022096383033458527,0.0014849223880913835,-0.001018535384525727,0.0006212991060907209,-0.001977994020269835,0.0006102510740529506,0.0020571927028963394,0.0065613305309448105,-0.004241864793302805,0.0009285438162309923,0.0009876704086858236,0.0018820826317948044,0.0025104777675301823,0.00034447061018952894,-0.0007034576142977643,0.0025010619943117833,0.001219589724806658,0.0009782453734094568,0.00016114334367382522,0.0004135014819213467,-0.0031773845413855537,0.0022894691266268277,-0.001008631891800075,0.006069706378188136,0.007691331218746411,0.0027643464756559755,0.0012708556763566742,-0.004241864793302805,0.0278971024577721,3.2082940030430025e-5,-0.006145720438483765,-0.007802215478791991,0.00578347038454507,0.0012920068840516323,-0.006765875591569207,-0.006346925493510247,-0.004463654807774721,0.00265980589736049,-0.0012377185652288408,0.0011977138530425487,0.0036073584587477192,0.009729183142318354,0.002633894473299839,0.001527110273241122,0.0007058403152284702,0.0012032796197432977,0.0012361688003598402,0.0009285438162309923,3.2082940030430025e-5,0.0051068954658489586,-0.0004082052722532871,0.0032185237960317605,-0.0003373222389412778,-0.0017692974375785521,-0.0007263027617231963,0.0046308665777951945,0.0023925096200380185,0.00042057171589296276,0.00010871938904947375,0.0013776454083034434,0.0026926656829528908,-0.00010326483640911666,-0.00019828326478920944,-0.0025007255350707252,-0.002421707718801359,-0.004624164483470548,0.00012670465605536606,0.0009876704086858236,-0.006145720438483765,-0.0004082052722532871,0.004934557239784869,0.003036472908246401,-0.0016208123009693143,0.0027827437485915306,0.0028652057609343845,0.0028374096841476985,0.004320081035389733,-0.001223491708059051,0.0019224111304082542,-0.0006563826096285925,0.0001342477142241002,-0.002843060358375095,-0.0002254984948482182,-0.0030219206757290595,-0.0036728619244615944,0.0011614278264530196,0.0012576168706002915,0.0018820826317948044,-0.007802215478791991,0.0032185237960317605,0.003036472908246401,0.021515226244131706,0.0007126804410193528,-0.0004906318631115463,0.0024083648611089425,0.00957000579325825,0.009921031905138761,-0.0003367634802623903,0.005223612842679363,0.0005355002872566247,0.004455303836754127,-0.00404594940687431,-0.007054415682163041,0.003941681520391397,-0.002569395098415491,-0.00021306664864657963,0.004370773347743953,0.0025104777675301823,0.00578347038454507,-0.0003373222389412778,-0.0016208123009693143,0.0007126804410193528,0.023482445010286384,0.00013863495804818853,-0.0074589842397130264,-0.0012938657668558418,-0.004986759080026448,-0.0005443182023945887,-0.0012829860648857295,-0.0009012799068649788,-0.008801730641751219,0.0012124187974885045,-0.0018936267912480053,-0.0018192998207705409,-0.0002587236124708569,-0.0027838992442716336,0.00104193478109409,0.00034447061018952894,0.0012920068840516323,-0.0017692974375785521,0.0027827437485915306,-0.0004906318631115463,0.00013863495804818853,0.027692353730006378,0.005097362870423826,-6.355613056374752e-6,0.0032194227122507827,0.0031382525598505164,0.0021234537654123155,-0.0015700691354417306,0.0007323145270968282,0.002728063177209595,0.0005791168508160912,-0.005878131447318549,-0.000490934930964143,-0.0011210078665165474,-0.0013733852255891235,-0.0007034576142977643,-0.006765875591569207,-0.0007263027617231963,0.0028652057609343845,0.0024083648611089425,-0.0074589842397130264,0.005097362870423826,0.01516046842068396,0.0024027633747007436,0.006941212128720841,0.0013638658850164743,0.0016920531815769017,-0.0005900131193264044,0.0016939658642988464,-0.0024699184264875195,0.00037538003371214183,-0.0022007526835615228,-0.002004936192802607,-0.0013293427406995792,0.0025292759089263622,0.0025010619943117833,-0.006346925493510247,0.0046308665777951945,0.0028374096841476985,0.00957000579325825,-0.0012938657668558418,-6.355613056374752e-6,0.0024027633747007436,0.013823407040051368,0.011851500740405477,-0.00039398503117621495,0.0019084536533039414,0.0009424047360794738,0.003545189290298242,-0.002092442800485104,-0.004296624267308225,-0.005738249048672685,-0.0008989200240574677,-0.0001491431047441049,0.001559184288551601,0.001219589724806658,-0.004463654807774721,0.0023925096200380185,0.004320081035389733,0.009921031905138761,-0.004986759080026448,0.0032194227122507827,0.006941212128720841,0.011851500740405477,0.029459943006115236,0.0022694244844714316,0.006366483714829821,0.001419857839887341,0.010478892878132997,-0.0009819334808616946,-0.005139385309652694,0.001293832244482881,0.0017225198421560945,0.0032922523634190386,-0.0002630775667014564,0.0009782453734094568,0.00265980589736049,0.00042057171589296276,-0.001223491708059051,-0.0003367634802623903,-0.0005443182023945887,0.0031382525598505164,0.0013638658850164743,-0.00039398503117621495,0.0022694244844714316,0.005442336947136281,0.0008540710394906404,8.397361260365584e-5,0.000788175034839057,0.0029748473893581873,-0.000998584340632476,-0.0008942143237674176,-0.0011213724046372274,-0.0009038134761078895,-0.00039339210806359074,0.00016114334367382522,-0.0012377185652288408,0.00010871938904947375,0.0019224111304082542,0.005223612842679363,-0.0012829860648857295,0.0021234537654123155,0.0016920531815769017,0.0019084536533039414,0.006366483714829821,0.0008540710394906404,0.010134697325613621,0.0006158013691358705,0.003326064209887079,-0.000884939654574983,-0.0008451721839795123,0.00029922170469473205,0.001036011038427573,0.0014224445586351565,8.125985481908825e-5,0.0004135014819213467,0.0011977138530425487,0.0013776454083034434,-0.0006563826096285925,0.0005355002872566247,-0.0009012799068649788,-0.0015700691354417306,-0.0005900131193264044,0.0009424047360794738,0.001419857839887341,8.397361260365584e-5,0.0006158013691358705,0.0038226647034045316,0.0041899531317315785,0.0009012189008755383,-8.313554968028951e-5,-0.003575646265323779,0.004591780337934784,0.006715542456752332,-0.0022096383033458527,-0.0031773845413855537,0.0036073584587477192,0.0026926656829528908,0.0001342477142241002,0.004455303836754127,-0.008801730641751219,0.0007323145270968282,0.0016939658642988464,0.003545189290298242,0.010478892878132997,0.000788175034839057,0.003326064209887079,0.0041899531317315785,0.026427838532827486,-0.000322429961174714,-0.000652003615233552,0.001723799035858399,0.0033180201438569937,0.005113321865906718,0.0014849223880913835,0.0022894691266268277,0.009729183142318354,-0.00010326483640911666,-0.002843060358375095,-0.00404594940687431,0.0012124187974885045,0.002728063177209595,-0.0024699184264875195,-0.002092442800485104,-0.0009819334808616946,0.0029748473893581873,-0.000884939654574983,0.0009012189008755383,-0.000322429961174714,0.014615005386596356,0.0008958590926515297,0.001403701298294497,0.0013938995904175947,-0.0014995216110951374,-0.001018535384525727,-0.001008631891800075,0.002633894473299839,-0.00019828326478920944,-0.0002254984948482182,-0.007054415682163041,-0.0018936267912480053,0.0005791168508160912,0.00037538003371214183,-0.004296624267308225,-0.005139385309652694,-0.000998584340632476,-0.0008451721839795123,-8.313554968028951e-5,-0.000652003615233552,0.0008958590926515297,0.009088868139809891
