0.004430980072524526,0.00011782612168491256,0.0011948084119320292,0.00029122213222146186,1.3583787196051893e-5,0.0013103261917226656,0.00042355647233331207,0.00027001201860736015,0.00033527823308374615,7.228393338957632e-5,0.0009119491227682487,0.0009227736559520767,0.00045705307011811305,0.0010954607304996893,0.0006285010307754505,0.0002954955698005349,-9.133927264167588e-5,-0.0001801438187055373,2.394279460277853e-6,0.0004082411922951183,0.00011782612168491256,0.003226393500157398,0.0005849573545864332,7.419310070951854e-5,7.502064513612559e-5,0.0006438993888051549,9.681201633516355e-5,0.0001403215832059712,0.0004932697401738912,0.0009267763459120185,0.0002959565653667022,0.00036169209620008993,0.00018082418045861507,0.0006030417160928095,9.004946970983548e-5,-2.970685098826777e-5,0.00020081238897835427,0.0004425345645878621,-0.00014409115159517418,0.0008218083962693839,0.0011948084119320292,0.0005849573545864332,0.019671473109367697,-0.00021612686162196765,5.4183755691565404e-6,0.0019067529049937508,-3.971284864672165e-5,-0.0004392088725248211,-5.560819422645824e-5,0.00335345146192335,-0.0013323933068867056,0.0008314868493517658,-1.8055047061336506e-5,0.0004928380566187383,0.000958851725666357,0.0015241036901947251,-5.1748527918965826e-5,0.00177739793375466,-0.00028962825769506223,0.0001693995288513252,0.00029122213222146186,7.419310070951854e-5,-0.00021612686162196765,0.0016464366523409263,0.0002160101972015159,0.00019129379480444973,0.00023920804047172946,-8.074183896521453e-5,0.0001733958426276048,0.0002368137364063751,0.0007061978965605522,6.688876059038543e-5,0.0003684226887220813,0.0001571876091318348,0.00021445764172902846,0.00022040764868094155,0.00016450496125195233,0.00047409821866541645,0.0005684196697040354,8.125009839703962e-5,1.3583787196051893e-5,7.502064513612559e-5,5.4183755691565404e-6,0.0002160101972015159,0.0023937704920127005,0.00018136742421660844,0.00023695531767621976,-1.3255942325231832e-5,0.00043282090278818925,0.0001318333051633779,0.0006244242527245845,0.00010497453492166563,0.0002357211922392513,0.0003542928800196377,-2.3170662885243723e-5,-0.00019227562052081057,0.0003860330661430751,0.0004749220270563063,0.0007268653821112385,0.00025416631509803957,0.0013103261917226656,0.0006438993888051549,0.0019067529049937508,0.00019129379480444973,0.00018136742421660844,0.011725448782143173,0.0011043153041225035,3.624687979585525e-5,0.0015127208201879707,0.002581807275354916,0.0025354289350587615,0.0011308893797568943,0.0003738163542379273,0.0026613673900689446,0.0012734274088997786,0.0015353971446651145,-0.0003103053183590338,0.0005164880358792302,-0.0003155191367332015,0.0010320811559201746,0.00042355647233331207,9.681201633516355e-5,-3.971284864672165e-5,0.00023920804047172946,0.00023695531767621976,0.0011043153041225035,0.002361177167530812,7.316845446470312e-5,0.00034153854736141987,0.0005737080605214058,0.0011725810794123832,0.00018662722908427648,0.00038980439154634124,0.0002027715061945454,0.00012614692461726407,0.0007191421905699494,-3.114128245012368e-5,-9.899371439780113e-5,0.00021749544709625873,0.0001564991580951485,0.00027001201860736015,0.0001403215832059712,-0.0004392088725248211,-8.074183896521453e-5,-1.3255942325231832e-5,3.624687979585525e-5,7.316845446470312e-5,0.0014739835647560775,0.00026550483109772543,-2.934741222262635e-5,4.1798668217488675e-5,9.336133140318788e-5,-0.00025615927111836143,0.00018075292322166284,-7.848774827342423e-5,0.00048741946478848375,0.0001408337447573017,2.163141734006141e-5,-0.0001385119302998508,0.0001368028358483433,0.00033527823308374615,0.0004932697401738912,-5.560819422645824e-5,0.0001733958426276048,0.00043282090278818925,0.0015127208201879707,0.00034153854736141987,0.00026550483109772543,0.007292718973720343,0.000906393581929737,0.0009308690912108951,0.0004066684053393958,0.0003308379894161009,0.0007659608970888221,-5.682308213857335e-6,0.00023064069410319717,-0.00015586198645766076,0.0009052132114100878,5.3984189656942607e-5,0.0006801970696061334,7.228393338957632e-5,0.0009267763459120185,0.00335345146192335,0.0002368137364063751,0.0001318333051633779,0.002581807275354916,0.0005737080605214058,-2.934741222262635e-5,0.000906393581929737,0.011533711463506314,0.0014400559009927552,0.0011643161047721756,0.00043284774053722105,-6.551391009653567e-5,0.0001011934322913684,0.0009698984961196118,-0.00011054663789894999,0.0009780194758402358,-0.0006009740374264053,0.0007109768994356706,0.0009119491227682487,0.0002959565653667022,-0.0013323933068867056,0.0007061978965605522,0.0006244242527245845,0.0025354289350587615,0.0011725810794123832,4.1798668217488675e-5,0.0009308690912108951,0.0014400559009927552,0.02206727299894219,0.0005559788876938249,0.0012787164780269755,0.0010218051386463242,0.0005961925813728401,0.00023092049298335077,-0.0001476333722641153,0.0019069077339893966,0.0019407350104483864,-0.0005433312484078899,0.0009227736559520767,0.00036169209620008993,0.0008314868493517658,6.688876059038543e-5,0.00010497453492166563,0.0011308893797568943,0.00018662722908427648,9.336133140318788e-5,0.0004066684053393958,0.0011643161047721756,0.0005559788876938249,0.008020104514716377,-6.624624308459145e-5,0.0009277439568225833,0.0002762203235908892,0.0010068714326361122,0.00023284222175462007,-1.1701769186317576e-6,-7.632966636347114e-5,0.0006249081388600715,0.00045705307011811305,0.00018082418045861507,-1.8055047061336506e-5,0.0003684226887220813,0.0002357211922392513,0.0003738163542379273,0.00038980439154634124,-0.00025615927111836143,0.0003308379894161009,0.00043284774053722105,0.0012787164780269755,-6.624624308459145e-5,0.003114574893997251,0.0002201013004250684,0.00037879934960703357,-0.00010362256221807512,4.384024431500944e-5,-0.0001353465500319759,4.7797204324956656e-5,-0.0002507641982343855,0.0010954607304996893,0.0006030417160928095,0.0004928380566187383,0.0001571876091318348,0.0003542928800196377,0.0026613673900689446,0.0002027715061945454,0.00018075292322166284,0.0007659608970888221,-6.551391009653567e-5,0.0010218051386463242,0.0009277439568225833,0.0002201013004250684,0.010077265655823687,0.00042628495249437723,0.0006959490171953419,0.0010885196712945645,0.00017692605992605592,0.00042241948091528605,0.00069512842575501,0.0006285010307754505,9.004946970983548e-5,0.000958851725666357,0.00021445764172902846,-2.3170662885243723e-5,0.0012734274088997786,0.00012614692461726407,-7.848774827342423e-5,-5.682308213857335e-6,0.0001011934322913684,0.0005961925813728401,0.0002762203235908892,0.00037879934960703357,0.00042628495249437723,0.0023018228363313833,-0.00016715666382955644,4.976855159700744e-6,0.00016159135732269513,5.440624961516847e-5,3.628961855935691e-5,0.0002954955698005349,-2.970685098826777e-5,0.0015241036901947251,0.00022040764868094155,-0.00019227562052081057,0.0015353971446651145,0.0007191421905699494,0.00048741946478848375,0.00023064069410319717,0.0009698984961196118,0.00023092049298335077,0.0010068714326361122,-0.00010362256221807512,0.0006959490171953419,-0.00016715666382955644,0.008088037764456798,0.000556868680492935,-0.0005635515331194222,0.0008694300358787817,0.00021021910033154043,-9.133927264167588e-5,0.00020081238897835427,-5.1748527918965826e-5,0.00016450496125195233,0.0003860330661430751,-0.0003103053183590338,-3.114128245012368e-5,0.0001408337447573017,-0.00015586198645766076,-0.00011054663789894999,-0.0001476333722641153,0.00023284222175462007,4.384024431500944e-5,0.0010885196712945645,4.976855159700744e-6,0.000556868680492935,0.003108889297799878,6.187522662358253e-5,0.0009075150125832766,8.669658888823333e-5,-0.0001801438187055373,0.0004425345645878621,0.00177739793375466,0.00047409821866541645,0.0004749220270563063,0.0005164880358792302,-9.899371439780113e-5,2.163141734006141e-5,0.0009052132114100878,0.0009780194758402358,0.0019069077339893966,-1.1701769186317576e-6,-0.0001353465500319759,0.00017692605992605592,0.00016159135732269513,-0.0005635515331194222,6.187522662358253e-5,0.010701105674864882,6.88851524522431e-5,0.0006270753909054489,2.394279460277853e-6,-0.00014409115159517418,-0.00028962825769506223,0.0005684196697040354,0.0007268653821112385,-0.0003155191367332015,0.00021749544709625873,-0.0001385119302998508,5.3984189656942607e-5,-0.0006009740374264053,0.0019407350104483864,-7.632966636347114e-5,4.7797204324956656e-5,0.00042241948091528605,5.440624961516847e-5,0.0008694300358787817,0.0009075150125832766,6.88851524522431e-5,0.006071391226573409,0.0004364338048121203,0.0004082411922951183,0.0008218083962693839,0.0001693995288513252,8.125009839703962e-5,0.00025416631509803957,0.0010320811559201746,0.0001564991580951485,0.0001368028358483433,0.0006801970696061334,0.0007109768994356706,-0.0005433312484078899,0.0006249081388600715,-0.0002507641982343855,0.00069512842575501,3.628961855935691e-5,0.00021021910033154043,8.669658888823333e-5,0.0006270753909054489,0.0004364338048121203,0.0038980676406944643
