0.009455596067004697,-0.001149243232063598,-0.0029169885178715344,-0.01311874584711583,-0.0030303036025192314,0.0004497794539850737,0.0052272199031422484,0.00032828379738288277,0.0015242457760601474,-3.5723790029568203e-5,0.000404203778788273,-0.00010591373994133101,0.005400404057392825,0.006321615240609078,-0.0004924810987051991,-7.130217664069078e-5,0.0002180708973064506,0.002254302357242616,0.0003974886918230832,-0.001082512611327757,-0.001149243232063598,0.00985798158917612,0.0019039203724926645,0.006142781223316247,-0.006541278249942089,0.002610823027801327,-0.0012529327240539902,0.0011631151095497692,0.0043584094287915836,-0.00043167225361372125,0.0007914107601402905,0.0017698515654105428,0.0032792370853140145,-0.001067060232291519,0.002216561455740305,-0.0027379570489982435,0.0023784787448612827,0.0018048211413723945,-0.002378072484651383,0.0009977240780642137,-0.0029169885178715344,0.0019039203724926645,0.036173224164340795,0.026252223930854413,0.009767873727703795,0.00022441400173294607,-0.000934148852212589,-0.00014999570262992897,0.007081235922594726,0.0019050621682313493,0.0027006951286581695,-0.005690293444354101,-0.0035757791844498337,0.0055787689227599704,0.004374133574529504,0.0005865672891057496,0.002659091103629074,-0.0027116351115855225,-0.0006153393657439208,0.006095358573429417,-0.01311874584711583,0.006142781223316247,0.026252223930854413,0.07239323608624139,0.015056633159831976,-0.0013318064721067177,-0.00575036647735366,0.0011876843577381313,0.0041971802315405315,-0.0009981070596442958,-0.001086057267175813,-0.004719879110706679,-0.008240067623015195,-0.006620492227329058,0.002583235332665367,-0.00037227977322155454,0.005258376900193682,-0.0011855608907008375,-0.00040432913173245625,0.006156998481503169,-0.0030303036025192314,-0.006541278249942089,0.009767873727703795,0.015056633159831976,0.05452840449783546,-0.007675008034496913,0.005696763194646199,-0.003781348052492235,0.0018594584592356625,0.0007802509778888473,-0.004897592382393328,-0.0050731087301304646,-0.0029834680636745504,0.0043213582881686296,-0.00045041072618042075,0.007105738436510521,-0.0007360429381175106,0.001927099327666465,0.0055994168654097025,-0.0008956120981352172,0.0004497794539850737,0.002610823027801327,0.00022441400173294607,-0.0013318064721067177,-0.007675008034496913,0.004377650011836444,-0.0007447316852289554,0.000216332925029535,-0.0008395595328258008,0.0007325310527741065,0.0019817346954889886,0.0002970142652000887,-0.0009625546939825958,-0.0008605443931320137,0.0002901558987337923,-0.0019803231998844,0.0007487051178330693,-0.00034290866390078683,-0.002021131728129273,0.0015791481326628278,0.0052272199031422484,-0.0012529327240539902,-0.000934148852212589,-0.00575036647735366,0.005696763194646199,-0.0007447316852289554,0.03098900384568684,0.003726260863474014,0.005892311366513099,0.00040395146289436145,0.00036948059003030813,-0.0005997731985456434,0.0034447338491108382,0.009391889680562534,0.0004812564672192899,-0.0020742518201615637,0.001272492874417572,0.0008865370192767647,0.005866213431757533,-0.0006051142259294987,0.00032828379738288277,0.0011631151095497692,-0.00014999570262992897,0.0011876843577381313,-0.003781348052492235,0.000216332925029535,0.003726260863474014,0.00368664852426206,0.0020110924191151488,-0.0001377504835231118,0.0005633741987405626,0.00023910908821994704,0.0012078952728223767,0.0009529943628613475,0.00017791356206239763,-0.0012439706694928837,0.000827090720852575,-9.096312042278987e-5,0.0008951945744969123,0.0001081518035841838,0.0015242457760601474,0.0043584094287915836,0.007081235922594726,0.0041971802315405315,0.0018594584592356625,-0.0008395595328258008,0.005892311366513099,0.0020110924191151488,0.02871347790022463,0.0005089044907833642,0.0010387490584778177,0.0014560471798695889,0.005701922081863603,0.01185978634520388,0.007473280697976132,-0.0006018353250109728,0.0030486109578320747,-0.00022889982065896772,0.0013304046010716491,0.0009289220072871869,-3.5723790029568203e-5,-0.00043167225361372125,0.0019050621682313493,-0.0009981070596442958,0.0007802509778888473,0.0007325310527741065,0.00040395146289436145,-0.0001377504835231118,0.0005089044907833642,0.003875626036076184,0.0020773722705692984,0.0002941690076539918,-0.004976001744740259,0.0037370197595633856,0.001005447456443681,2.5743250614234837e-6,0.00010209517943489578,-0.002832059967657175,0.0005279104986056808,0.0013214148106853248,0.000404203778788273,0.0007914107601402905,0.0027006951286581695,-0.001086057267175813,-0.004897592382393328,0.0019817346954889886,0.00036948059003030813,0.0005633741987405626,0.0010387490584778177,0.0020773722705692984,0.0053359277409728316,-0.0011810253661289358,-0.0030479633564380183,0.0032165664421283553,0.0016147133262622902,-0.0004409067778513145,-0.00011897303047875589,-0.0028910988692431886,-0.0013312266362478908,0.0017499406773996674,-0.00010591373994133101,0.0017698515654105428,-0.005690293444354101,-0.004719879110706679,-0.0050731087301304646,0.0002970142652000887,-0.0005997731985456434,0.00023910908821994704,0.0014560471798695889,0.0002941690076539918,-0.0011810253661289358,0.010865252657486595,0.004150257035751531,0.0007442041503977594,0.0005024205684409574,-0.0007879702468600727,0.0004309189662529083,0.0014588277498769568,0.002621416292489376,-0.0014398280558110925,0.005400404057392825,0.0032792370853140145,-0.0035757791844498337,-0.008240067623015195,-0.0029834680636745504,-0.0009625546939825958,0.0034447338491108382,0.0012078952728223767,0.005701922081863603,-0.004976001744740259,-0.0030479633564380183,0.004150257035751531,0.03997762387545126,0.0015034763947091249,-0.0001406785061399856,-0.000866721845127749,0.001495710813679482,0.0061014336767226075,0.003219098135178772,-0.004807690480684228,0.006321615240609078,-0.001067060232291519,0.0055787689227599704,-0.006620492227329058,0.0043213582881686296,-0.0008605443931320137,0.009391889680562534,0.0009529943628613475,0.01185978634520388,0.0037370197595633856,0.0032165664421283553,0.0007442041503977594,0.0015034763947091249,0.027513064809514532,0.005849073169937769,0.0014258958840354871,0.0005266192317278191,-0.004628338541670957,0.0029997570395886236,0.0020584151917758943,-0.0004924810987051991,0.002216561455740305,0.004374133574529504,0.002583235332665367,-0.00045041072618042075,0.0002901558987337923,0.0004812564672192899,0.00017791356206239763,0.007473280697976132,0.001005447456443681,0.0016147133262622902,0.0005024205684409574,-0.0001406785061399856,0.005849073169937769,0.009069622884391554,-0.0005874280988988174,0.001198214130102057,-0.0030575802120943844,0.0002689883061599294,0.0020042805172125902,-7.130217664069078e-5,-0.0027379570489982435,0.0005865672891057496,-0.00037227977322155454,0.007105738436510521,-0.0019803231998844,-0.0020742518201615637,-0.0012439706694928837,-0.0006018353250109728,2.5743250614234837e-6,-0.0004409067778513145,-0.0007879702468600727,-0.000866721845127749,0.0014258958840354871,-0.0005874280988988174,0.003748364186192756,-0.0013604368379632123,-9.130590653617601e-5,0.0005245942449308052,-0.0003303261799563034,0.0002180708973064506,0.0023784787448612827,0.002659091103629074,0.005258376900193682,-0.0007360429381175106,0.0007487051178330693,0.001272492874417572,0.000827090720852575,0.0030486109578320747,0.00010209517943489578,-0.00011897303047875589,0.0004309189662529083,0.001495710813679482,0.0005266192317278191,0.001198214130102057,-0.0013604368379632123,0.0027777432930950847,0.0006633100435705653,0.0003103103344324555,0.0013928787416345163,0.002254302357242616,0.0018048211413723945,-0.0027116351115855225,-0.0011855608907008375,0.001927099327666465,-0.00034290866390078683,0.0008865370192767647,-9.096312042278987e-5,-0.00022889982065896772,-0.002832059967657175,-0.0028910988692431886,0.0014588277498769568,0.0061014336767226075,-0.004628338541670957,-0.0030575802120943844,-9.130590653617601e-5,0.0006633100435705653,0.010514855890807815,-0.00034330344176413427,-0.0019759886250810895,0.0003974886918230832,-0.002378072484651383,-0.0006153393657439208,-0.00040432913173245625,0.0055994168654097025,-0.002021131728129273,0.005866213431757533,0.0008951945744969123,0.0013304046010716491,0.0005279104986056808,-0.0013312266362478908,0.002621416292489376,0.003219098135178772,0.0029997570395886236,0.0002689883061599294,0.0005245942449308052,0.0003103103344324555,-0.00034330344176413427,0.018208896313980233,-0.001896356989881301,-0.001082512611327757,0.0009977240780642137,0.006095358573429417,0.006156998481503169,-0.0008956120981352172,0.0015791481326628278,-0.0006051142259294987,0.0001081518035841838,0.0009289220072871869,0.0013214148106853248,0.0017499406773996674,-0.0014398280558110925,-0.004807690480684228,0.0020584151917758943,0.0020042805172125902,-0.0003303261799563034,0.0013928787416345163,-0.0019759886250810895,-0.001896356989881301,0.005661801044186416
0.01155796627078902,0.0005812080683869751,-0.0053223884574347,0.0008742517214494277,0.009839391074634461,0.001107540952657477,-0.00316792364898056,0.00544878271552293,0.00492780874736861,-0.0008976156685050738,0.005302846358225605,0.0017390085666810578,0.004064350199803963,0.005652696012237153,0.0037872944336976052,0.0014935855395809988,-0.0008189277606609687,-0.003108336721723443,0.002102267120919173,0.0031582227080704894,0.0005812080683869751,0.015646457760198282,0.004865916859123656,-0.005707911019447953,0.0036309206653172338,0.0034581940636443384,0.007468213113525895,0.0029559896765342,0.005174910129989243,-0.00017607707131981007,0.0030481516995370357,0.0011983252438617358,0.017424825037332333,0.008429890873844506,0.007752173823639775,0.0017277400742077658,0.00281477817616273,-0.0007841777605094912,0.008220265723630904,0.010112522258326703,-0.0053223884574347,0.004865916859123656,0.046237381086347534,0.010406370035108272,-0.003504808133807733,0.0035873249268365587,0.013313047234665903,-0.0051046286783913986,0.007022713005574246,0.006419486843748165,-0.0035023076026444136,0.005398765256973813,0.005681811529276136,0.005026679614436756,0.0005287151761606943,-0.0003371123871124827,0.003861962702221504,0.012840300691135004,0.006543836974383237,0.003545421010210178,0.0008742517214494277,-0.005707911019447953,0.010406370035108272,0.05179351683488875,0.012961357799003929,0.0025102209810365047,0.0037677149475619917,-0.003277413130249712,0.0027398679298775404,0.005778370333221598,-0.0041960491535403535,0.008639328399177908,0.0015681679051407016,-0.0017717620823225195,0.0004028363053564562,-0.0001184941453573939,0.001995992620963365,0.008491732519186864,0.001591413992293643,-0.005438820762577832,0.009839391074634461,0.0036309206653172338,-0.003504808133807733,0.012961357799003929,0.03907164266170045,0.006863043366525143,0.0009821470931705607,0.004847702466832962,0.00777285964269228,0.0031593338225228843,0.0033968560787689134,0.005532406040405511,0.0015949901569747233,0.009151342540157884,0.006802028729517953,0.00047389766775721826,0.002681066576209772,-0.0017907917089217999,0.003797660288433621,0.004404054467560564,0.001107540952657477,0.0034581940636443384,0.0035873249268365587,0.0025102209810365047,0.006863043366525143,0.006654560425469951,0.0025503539083448525,-0.00025129066459564494,0.0035191803710790475,0.0013644311510509677,0.00022546551079880483,0.001572625536300611,0.003368193505637183,0.003581408241562032,0.003916198763696036,0.00010106786287021575,0.001340141130573672,0.002512134213287342,0.005069497562158659,0.0031436520035673567,-0.00316792364898056,0.007468213113525895,0.013313047234665903,0.0037677149475619917,0.0009821470931705607,0.0025503539083448525,0.023554500693037897,-0.0007228152218939328,0.0052307164407353664,0.0030035191208606592,0.00018729468540000283,0.0023500005451870176,0.005787895274708809,0.0038893837198446515,0.00465886649879676,0.0008469421841438591,0.0026069561096562634,0.006727090743708549,0.005589290785890327,0.003526115117243739,0.00544878271552293,0.0029559896765342,-0.0051046286783913986,-0.003277413130249712,0.004847702466832962,-0.00025129066459564494,-0.0007228152218939328,0.0076485121194790175,0.006323841081196954,-0.002572052112478946,0.006468107729567598,0.000996328846074833,0.008380126639139333,0.004838020201197157,0.0044921731983496044,0.0022442352110921097,-0.0002707135388772732,-0.004712828594921246,0.0020892566938224767,0.005133615192022638,0.00492780874736861,0.005174910129989243,0.007022713005574246,0.0027398679298775404,0.00777285964269228,0.0035191803710790475,0.0052307164407353664,0.006323841081196954,0.034731826874085596,-0.0030131827677205075,0.007315972041937263,0.004385246011632853,0.019188162504483672,0.008193667811175784,0.004539394708461688,0.0019122193566061352,0.00038360245506331204,0.0014273068892609098,0.01008692575933671,0.008308405686215456,-0.0008976156685050738,-0.00017607707131981007,0.006419486843748165,0.005778370333221598,0.0031593338225228843,0.0013644311510509677,0.0030035191208606592,-0.002572052112478946,-0.0030131827677205075,0.005062626925955313,-0.002130182112682474,0.0019107381876548861,-0.0062742473680395434,0.0011044552090392495,-1.0610413016951296e-5,-0.0005547568515126207,0.0013022912885837022,0.004479101682689078,0.00017764398566508092,-0.001792430275239486,0.005302846358225605,0.0030481516995370357,-0.0035023076026444136,-0.0041960491535403535,0.0033968560787689134,0.00022546551079880483,0.00018729468540000283,0.006468107729567598,0.007315972041937263,-0.002130182112682474,0.010204713970093732,0.002216516076406479,0.011446388437205492,0.0033892030014118692,0.005596126148288871,0.002823431695242599,-0.0002216149808305674,-0.0023706493156381743,0.004975093122735306,0.005176971976047709,0.0017390085666810578,0.0011983252438617358,0.005398765256973813,0.008639328399177908,0.005532406040405511,0.001572625536300611,0.0023500005451870176,0.000996328846074833,0.004385246011632853,0.0019107381876548861,0.002216516076406479,0.010544684262823166,0.006639182989614767,0.0021461712780412377,0.004238125017379691,0.001473689944442338,0.0015510874017451888,0.002938544801431261,0.003642677626523985,0.001664118527388721,0.004064350199803963,0.017424825037332333,0.005681811529276136,0.0015681679051407016,0.0015949901569747233,0.003368193505637183,0.005787895274708809,0.008380126639139333,0.019188162504483672,-0.0062742473680395434,0.011446388437205492,0.006639182989614767,0.0768399017085523,0.008253883439220965,0.015524390072561125,0.006539327102155629,0.002444532852346773,-0.004310227640159274,0.020449909454845087,0.017725693370971796,0.005652696012237153,0.008429890873844506,0.005026679614436756,-0.0017717620823225195,0.009151342540157884,0.003581408241562032,0.0038893837198446515,0.004838020201197157,0.008193667811175784,0.0011044552090392495,0.0033892030014118692,0.0021461712780412377,0.008253883439220965,0.02031655527619341,0.007135080103275354,0.0015155180592553782,0.00116882660986711,-0.00023630696914639805,0.0035544672840998217,0.008742029657684822,0.0037872944336976052,0.007752173823639775,0.0005287151761606943,0.0004028363053564562,0.006802028729517953,0.003916198763696036,0.00465886649879676,0.0044921731983496044,0.004539394708461688,-1.0610413016951296e-5,0.005596126148288871,0.004238125017379691,0.015524390072561125,0.007135080103275354,0.013653610721095253,0.002607336949953731,0.0013198652673816432,-0.0009826549403302855,0.007373836831398301,0.007910496855349825,0.0014935855395809988,0.0017277400742077658,-0.0003371123871124827,-0.0001184941453573939,0.00047389766775721826,0.00010106786287021575,0.0008469421841438591,0.0022442352110921097,0.0019122193566061352,-0.0005547568515126207,0.002823431695242599,0.001473689944442338,0.006539327102155629,0.0015155180592553782,0.002607336949953731,0.0023096308807775026,0.00024350794679637067,-0.00045548873827706057,0.0018309856222233417,0.0019081650424203605,-0.0008189277606609687,0.00281477817616273,0.003861962702221504,0.001995992620963365,0.002681066576209772,0.001340141130573672,0.0026069561096562634,-0.0002707135388772732,0.00038360245506331204,0.0013022912885837022,-0.0002216149808305674,0.0015510874017451888,0.002444532852346773,0.00116882660986711,0.0013198652673816432,0.00024350794679637067,0.0024037569006053225,0.0007968770376041068,0.001592632726657495,0.0016106936756323776,-0.003108336721723443,-0.0007841777605094912,0.012840300691135004,0.008491732519186864,-0.0017907917089217999,0.002512134213287342,0.006727090743708549,-0.004712828594921246,0.0014273068892609098,0.004479101682689078,-0.0023706493156381743,0.002938544801431261,-0.004310227640159274,-0.00023630696914639805,-0.0009826549403302855,-0.00045548873827706057,0.0007968770376041068,0.01292581422366207,0.0022649389414601383,-0.0029484804303941212,0.002102267120919173,0.008220265723630904,0.006543836974383237,0.001591413992293643,0.003797660288433621,0.005069497562158659,0.005589290785890327,0.0020892566938224767,0.01008692575933671,0.00017764398566508092,0.004975093122735306,0.003642677626523985,0.020449909454845087,0.0035544672840998217,0.007373836831398301,0.0018309856222233417,0.001592632726657495,0.0022649389414601383,0.024083225887604642,0.007474795636351223,0.0031582227080704894,0.010112522258326703,0.003545421010210178,-0.005438820762577832,0.004404054467560564,0.0031436520035673567,0.003526115117243739,0.005133615192022638,0.008308405686215456,-0.001792430275239486,0.005176971976047709,0.001664118527388721,0.017725693370971796,0.008742029657684822,0.007910496855349825,0.0019081650424203605,0.0016106936756323776,-0.0029484804303941212,0.007474795636351223,0.012730114191613892
0.009997818460117757,0.008141048784846191,0.014907324989509401,0.009240184089927522,0.004501211080594356,0.0035322585742687974,0.009124671605417998,-5.076541472208917e-5,-0.00333398957828307,0.0036549488098175367,0.00012914025453812671,0.0017456872129922641,0.007415241272961889,0.004924115725553628,0.0013542750447967193,0.0019215651321324626,0.0024583105593973882,0.003472680576177054,0.006776186350570824,-0.0014314482782616551,0.008141048784846191,0.023552074935110204,0.04226013944109108,0.022507318859148064,0.0034660434795034476,0.004043167700988701,0.02516866322747193,-0.0011980949757816805,-0.009918914704334276,0.007897780257690844,-0.0009555059656448569,0.005327975438159655,0.022065768929257063,0.004111279668126955,-0.0029836769719582645,0.006795658581735605,0.0031110152869831256,0.003073322993905676,0.013626702934437466,-0.0076706559628877775,0.014907324989509401,0.04226013944109108,0.1354407399768311,0.050623475722721044,0.017301048812851785,0.016971375905103746,0.08263828521645891,5.381353249849672e-5,-0.015272908395552579,0.023363060711822703,0.0023913166370345858,0.012974791796470287,0.07430826792619313,0.01936743719380496,-0.003939676113454311,0.0200638635766502,0.010947740893289825,0.012291542961125671,0.03897788265336138,-0.01649815185475921,0.009240184089927522,0.022507318859148064,0.050623475722721044,0.08970205773641302,-0.027696070530307405,0.0052897210512682785,0.025947654860369648,-0.0018780128845196698,-0.015184453329833699,0.010353493498728467,0.0035156638175369154,-0.0031749363312560297,0.02174379899961204,0.009030729882848188,0.0073710633757683745,0.006648573990216896,0.0033309477570409992,-0.0059280315800536824,0.019704082502829956,-0.020581479020375423,0.004501211080594356,0.0034660434795034476,0.017301048812851785,-0.027696070530307405,0.06276171870042664,0.0036561061525040533,0.010053798743232855,0.002483018565951166,0.0042150556406041866,0.002172033603096951,0.0016562694539003385,0.008843090808549527,0.012962830606500837,0.010234286480516901,-0.003820150892082757,0.003833201036750208,0.0013170215206998485,0.013804589199293286,0.008826976131719066,0.014666064935340652,0.0035322585742687974,0.004043167700988701,0.016971375905103746,0.0052897210512682785,0.0036561061525040533,0.007141418355915726,0.01409738724151375,-5.189805667183092e-5,-0.0007316869345733262,0.004401525189008489,0.0012795493418489823,0.0021770621159730346,0.014898537003911215,0.004229086763286993,0.0018750434765923028,0.0035825438816463355,0.003356076239326132,0.00430465504851996,0.010044279524744378,-0.00034745714738781323,0.009124671605417998,0.02516866322747193,0.08263828521645891,0.025947654860369648,0.010053798743232855,0.01409738724151375,0.08545239146479641,-0.0017237331138432372,-0.002164608266236646,0.01713319766515648,0.0014363705062202864,0.011632584753559588,0.05887943970016271,0.016278941896911966,-0.004154147415377464,0.01751544361289951,0.009994277669599405,0.010471071055709942,0.02649100504516147,-0.010441242142951043,-5.076541472208917e-5,-0.0011980949757816805,5.381353249849672e-5,-0.0018780128845196698,0.002483018565951166,-5.189805667183092e-5,-0.0017237331138432372,0.0030990613639185387,0.0023596381240949004,-0.0003032167405227856,0.0005248358181764677,0.0009654499777725907,0.00014955929260273415,2.2219996781847477e-5,1.5379474017831243e-5,-0.0012205652468610943,7.997939695001636e-5,-0.0006528475869407313,-0.0030802256964347595,0.0007220445396432466,-0.00333398957828307,-0.009918914704334276,-0.015272908395552579,-0.015184453329833699,0.0042150556406041866,-0.0007316869345733262,-0.002164608266236646,0.0023596381240949004,0.04052430066810978,-0.0009292874614165872,0.00189836427093626,0.0019400950312889616,-4.645858426882005e-5,-0.004425015067911714,0.0002465359012088313,-0.00011081355586207625,-0.0020031171366009654,-0.003719998810835127,-0.01204113151686699,0.008408205796777962,0.0036549488098175367,0.007897780257690844,0.023363060711822703,0.010353493498728467,0.002172033603096951,0.004401525189008489,0.01713319766515648,-0.0003032167405227856,-0.0009292874614165872,0.006875536629272349,0.0007187747910743628,0.0029967836118108054,0.01739184120445327,0.003166033595671646,0.00021356964835880332,0.004412884042157016,0.0025299233871611503,0.003533433078700867,0.009235240900024078,-0.0014106837717381795,0.00012914025453812671,-0.0009555059656448569,0.0023913166370345858,0.0035156638175369154,0.0016562694539003385,0.0012795493418489823,0.0014363705062202864,0.0005248358181764677,0.00189836427093626,0.0007187747910743628,0.0034913192035133456,-0.0010045561473661256,0.0018448930613044197,0.0016639992956969962,0.0014654796883351265,-0.00025029821888605255,0.0003218975800425571,8.116035028538017e-5,0.001609454807312448,0.0004946019706043323,0.0017456872129922641,0.005327975438159655,0.012974791796470287,-0.0031749363312560297,0.008843090808549527,0.0021770621159730346,0.011632584753559588,0.0009654499777725907,0.0019400950312889616,0.0029967836118108054,-0.0010045561473661256,0.011547922912103752,0.010453659437654228,0.0013558371915927219,-0.003015309191065288,0.0033165465872350714,0.001720514160380535,0.0031657816727704456,0.0027164198134262242,0.0008722737975537761,0.007415241272961889,0.022065768929257063,0.07430826792619313,0.02174379899961204,0.012962830606500837,0.014898537003911215,0.05887943970016271,0.00014955929260273415,-4.645858426882005e-5,0.01739184120445327,0.0018448930613044197,0.010453659437654228,0.08186698319748631,0.009954943168828362,0.0010637833930926546,0.014610406987982626,0.007948659637132281,0.014856840380345175,0.03156569398051965,-0.003708130946077335,0.004924115725553628,0.004111279668126955,0.01936743719380496,0.009030729882848188,0.010234286480516901,0.004229086763286993,0.016278941896911966,2.2219996781847477e-5,-0.004425015067911714,0.003166033595671646,0.0016639992956969962,0.0013558371915927219,0.009954943168828362,0.018236032019083408,-0.0013223447035440954,0.0032062386215717877,0.0030198331585156,0.004495937934856432,0.010712008707670905,-0.001855727753541569,0.0013542750447967193,-0.0029836769719582645,-0.003939676113454311,0.0073710633757683745,-0.003820150892082757,0.0018750434765923028,-0.004154147415377464,1.5379474017831243e-5,0.0002465359012088313,0.00021356964835880332,0.0014654796883351265,-0.003015309191065288,0.0010637833930926546,-0.0013223447035440954,0.009569898027413974,-0.001346857699363505,0.0003199912434125175,0.001564062687642019,0.00322226330271243,0.0011906751931796613,0.0019215651321324626,0.006795658581735605,0.0200638635766502,0.006648573990216896,0.003833201036750208,0.0035825438816463355,0.01751544361289951,-0.0012205652468610943,-0.00011081355586207625,0.004412884042157016,-0.00025029821888605255,0.0033165465872350714,0.014610406987982626,0.0032062386215717877,-0.001346857699363505,0.006207865746150717,0.0023133744356088905,0.0030632779609648655,0.008675699707672685,-0.0016714431572629545,0.0024583105593973882,0.0031110152869831256,0.010947740893289825,0.0033309477570409992,0.0013170215206998485,0.003356076239326132,0.009994277669599405,7.997939695001636e-5,-0.0020031171366009654,0.0025299233871611503,0.0003218975800425571,0.001720514160380535,0.007948659637132281,0.0030198331585156,0.0003199912434125175,0.0023133744356088905,0.0030611935137943944,0.002296729732357533,0.005388275089223994,-0.0016614095339002675,0.003472680576177054,0.003073322993905676,0.012291542961125671,-0.0059280315800536824,0.013804589199293286,0.00430465504851996,0.010471071055709942,-0.0006528475869407313,-0.003719998810835127,0.003533433078700867,8.116035028538017e-5,0.0031657816727704456,0.014856840380345175,0.004495937934856432,0.001564062687642019,0.0030632779609648655,0.002296729732357533,0.013541407757735744,0.010742423573978593,0.005495332638229919,0.006776186350570824,0.013626702934437466,0.03897788265336138,0.019704082502829956,0.008826976131719066,0.010044279524744378,0.02649100504516147,-0.0030802256964347595,-0.01204113151686699,0.009235240900024078,0.001609454807312448,0.0027164198134262242,0.03156569398051965,0.010712008707670905,0.00322226330271243,0.008675699707672685,0.005388275089223994,0.010742423573978593,0.03563888692924372,-0.0016147251907345072,-0.0014314482782616551,-0.0076706559628877775,-0.01649815185475921,-0.020581479020375423,0.014666064935340652,-0.00034745714738781323,-0.010441242142951043,0.0007220445396432466,0.008408205796777962,-0.0014106837717381795,0.0004946019706043323,0.0008722737975537761,-0.003708130946077335,-0.001855727753541569,0.0011906751931796613,-0.0016714431572629545,-0.0016614095339002675,0.005495332638229919,-0.0016147251907345072,0.013173697626596962
