0.011032426018493748,-2.9157040180284717e-5,-0.00011799558089421909,0.0004000600550980436,0.00024098449382099857,0.003498962234930219,0.0010095466830445233,0.0003195351563950628,0.0011922781878660894,0.0027597353589365993,0.0003269638438469552,0.0004980348310178228,0.00022143505533568744,0.0009475906457700271,0.0007182594148234674,-0.000109821168384846,8.896599909013155e-5,0.0005172946295681472,0.0015906153671406405,-0.00023302405516285773,-2.9157040180284717e-5,0.005319244975744527,-0.00022746666401879173,0.0005540551074714003,0.0005062763819900264,-0.000849408561102603,5.017918800773539e-5,0.0005297075571776321,0.0002703881032273661,0.00034814602279159383,9.432020693783452e-5,-0.0005020821189268849,0.0002223311838594647,0.0002620330191731564,0.0002109468503127048,0.00037959413754714644,0.0007706319715074231,0.0004230429843352897,-7.657950556877112e-5,0.0007354642471827066,-0.00011799558089421909,-0.00022746666401879173,0.013530938539161708,0.0011336447796060356,0.001220736050662094,-0.00036584351869788144,0.0010316138661660389,0.00034806631070436557,0.0004464139177493623,-0.00022796299187363803,0.0005478038441426051,0.0019147999594553112,0.000576394079557246,0.002126186812965454,-9.782313787592398e-5,0.0002883418421581218,-0.0002779325303217336,0.0012066747980952967,0.004098196777763142,0.002449206645305931,0.0004000600550980436,0.0005540551074714003,0.0011336447796060356,0.004381025183310131,0.0006397637372241353,0.0011665328344976108,0.0007019371959617233,0.00033779980157853245,-0.00012290756320251317,0.0009455509252989446,9.942042352531465e-5,0.0002855139529103943,0.0005644022013952645,0.0008333486271675762,-0.00019967035838782028,8.565087887396305e-5,0.0010563687990117585,0.0006233848900549926,0.0010936950625860058,0.0018285701840779866,0.00024098449382099857,0.0005062763819900264,0.001220736050662094,0.0006397637372241353,0.007026508850925679,0.0029673986829255768,0.0007307105682343895,0.0004826479449418661,0.0007849943074480035,-0.00018273476236533727,0.0003990472702668452,0.0009862562402431733,0.0003246772947262105,0.001968514967749556,0.0007800108755171796,0.0006689948215701323,0.001373692040292683,0.0003532737807054883,0.0016178006826918412,0.0012250342237580065,0.003498962234930219,-0.000849408561102603,-0.00036584351869788144,0.0011665328344976108,0.0029673986829255768,0.038620370847706934,0.0026411974718019444,0.0013618743623279995,0.0027198379197615405,0.00035894067455360685,0.0008100892917745951,0.0025292823700170265,0.0006774508595992468,0.004254850878790316,0.0019274535711407718,0.0011613785280996077,0.0003261517029969485,0.001645573165960789,0.0038526698126514283,-0.0014173620482450984,0.0010095466830445233,5.017918800773539e-5,0.0010316138661660389,0.0007019371959617233,0.0007307105682343895,0.0026411974718019444,0.004891939845794976,-0.00012060800817414695,0.0008990243624777462,0.00010200612003254964,-1.112326961642574e-5,0.0008388482946233035,0.00019976643767481098,0.0011496610540780287,0.00046949965583578353,0.00037289114355628766,0.000881307989378655,0.0002843359558194502,-0.00013823350532261587,0.0023966714355586997,0.0003195351563950628,0.0005297075571776321,0.00034806631070436557,0.00033779980157853245,0.0004826479449418661,0.0013618743623279995,-0.00012060800817414695,0.002618639395918816,5.963543694298481e-5,-0.0005771582238121747,5.1354290200527484e-5,0.00013514976290303018,-9.807386823029846e-5,0.0008189165971485045,-8.27739947011182e-5,0.00019701576060639802,0.0003358394135320128,0.0006380672569744555,-0.0005554457374627826,-0.000495890231395702,0.0011922781878660894,0.0002703881032273661,0.0004464139177493623,-0.00012290756320251317,0.0007849943074480035,0.0027198379197615405,0.0008990243624777462,5.963543694298481e-5,0.0062950377011548216,-0.0006630564020780221,0.00029735961210473416,0.0007092033154132926,3.2186040436313836e-5,0.000715913764098851,0.0005207132139826421,-1.038743043600686e-6,0.001070479876556357,-0.0003280534205983227,0.0010868564255591354,0.000424598782587532,0.0027597353589365993,0.00034814602279159383,-0.00022796299187363803,0.0009455509252989446,-0.00018273476236533727,0.00035894067455360685,0.00010200612003254964,-0.0005771582238121747,-0.0006630564020780221,0.016710755725555495,-0.00032613933609906777,0.00045658423306967056,0.000755260198103992,-0.0008468063022508631,-0.00043205315662604097,-0.00011402916798274017,-0.0003313725015049911,0.00037835533033297455,-0.0001308007766996557,0.0010045555934022005,0.0003269638438469552,9.432020693783452e-5,0.0005478038441426051,9.942042352531465e-5,0.0003990472702668452,0.0008100892917745951,-1.112326961642574e-5,5.1354290200527484e-5,0.00029735961210473416,-0.00032613933609906777,0.001316685203419018,0.0003109331759711588,3.5288957156491684e-5,0.0006425878688474458,0.0002009915321868741,4.4213829942764136e-5,-0.00015044801329458518,8.785979835865566e-5,0.0007485128300077801,0.0002389779069415227,0.0004980348310178228,-0.0005020821189268849,0.0019147999594553112,0.0002855139529103943,0.0009862562402431733,0.0025292823700170265,0.0008388482946233035,0.00013514976290303018,0.0007092033154132926,0.00045658423306967056,0.0003109331759711588,0.013088792745709576,7.023534526054694e-5,0.003543358048379412,0.00012328522250466614,0.00023665667817587144,0.0006191110912446942,0.0009826661765041547,0.0028062544330738418,0.0032067484228439098,0.00022143505533568744,0.0002223311838594647,0.000576394079557246,0.0005644022013952645,0.0003246772947262105,0.0006774508595992468,0.00019976643767481098,-9.807386823029846e-5,3.2186040436313836e-5,0.000755260198103992,3.5288957156491684e-5,7.023534526054694e-5,0.0011830673808702066,0.0006064672026333385,4.559413982702352e-6,0.0001458974507325423,0.0003319473092521178,0.00032839031106645235,0.0003795785706619514,0.001075692952161012,0.0009475906457700271,0.0002620330191731564,0.002126186812965454,0.0008333486271675762,0.001968514967749556,0.004254850878790316,0.0011496610540780287,0.0008189165971485045,0.000715913764098851,-0.0008468063022508631,0.0006425878688474458,0.003543358048379412,0.0006064672026333385,0.018497034902141624,0.00042562234797675967,0.0005236910607366028,8.139794917972048e-5,0.0008400102397200313,-0.000255349966792452,0.0032675573566696104,0.0007182594148234674,0.0002109468503127048,-9.782313787592398e-5,-0.00019967035838782028,0.0007800108755171796,0.0019274535711407718,0.00046949965583578353,-8.27739947011182e-5,0.0005207132139826421,-0.00043205315662604097,0.0002009915321868741,0.00012328522250466614,4.559413982702352e-6,0.00042562234797675967,0.0030602019861756245,0.00024198623017485568,0.0005142550983221646,0.0004441023242200543,0.0002880877796221394,0.0007667013882813097,-0.000109821168384846,0.00037959413754714644,0.0002883418421581218,8.565087887396305e-5,0.0006689948215701323,0.0011613785280996077,0.00037289114355628766,0.00019701576060639802,-1.038743043600686e-6,-0.00011402916798274017,4.4213829942764136e-5,0.00023665667817587144,0.0001458974507325423,0.0005236910607366028,0.00024198623017485568,0.0013776725884324902,-5.948040218596553e-5,0.0003881558118962341,0.0002991028667861707,0.0007325241766900189,8.896599909013155e-5,0.0007706319715074231,-0.0002779325303217336,0.0010563687990117585,0.001373692040292683,0.0003261517029969485,0.000881307989378655,0.0003358394135320128,0.001070479876556357,-0.0003313725015049911,-0.00015044801329458518,0.0006191110912446942,0.0003319473092521178,8.139794917972048e-5,0.0005142550983221646,-5.948040218596553e-5,0.010814225476723005,0.00035260004067646307,-0.00047464639595654436,0.0015649743157556532,0.0005172946295681472,0.0004230429843352897,0.0012066747980952967,0.0006233848900549926,0.0003532737807054883,0.001645573165960789,0.0002843359558194502,0.0006380672569744555,-0.0003280534205983227,0.00037835533033297455,8.785979835865566e-5,0.0009826661765041547,0.00032839031106645235,0.0008400102397200313,0.0004441023242200543,0.0003881558118962341,0.00035260004067646307,0.005868852687603171,0.0008353576607339202,0.001900449237930838,0.0015906153671406405,-7.657950556877112e-5,0.004098196777763142,0.0010936950625860058,0.0016178006826918412,0.0038526698126514283,-0.00013823350532261587,-0.0005554457374627826,0.0010868564255591354,-0.0001308007766996557,0.0007485128300077801,0.0028062544330738418,0.0003795785706619514,-0.000255349966792452,0.0002880877796221394,0.0002991028667861707,-0.00047464639595654436,0.0008353576607339202,0.027094679650937287,0.00046009328910367607,-0.00023302405516285773,0.0007354642471827066,0.002449206645305931,0.0018285701840779866,0.0012250342237580065,-0.0014173620482450984,0.0023966714355586997,-0.000495890231395702,0.000424598782587532,0.0010045555934022005,0.0002389779069415227,0.0032067484228439098,0.001075692952161012,0.0032675573566696104,0.0007667013882813097,0.0007325241766900189,0.0015649743157556532,0.001900449237930838,0.00046009328910367607,0.022155563700258753
