0.013517284793016811,0.000572556340654626,0.00012070410908084002,-0.0006067094567695446,0.00043899874296556517,-0.00014250578474443785,-0.0007893532198275768,0.0021353383813352525,0.0017884827622171328,-0.00038557096734999883,-7.89288798658766e-5,0.0005458994864823319,0.00033833651185725695,0.0012383432863844945,-2.0254013240592084e-5,0.0005031090263224272,0.002522306535752406,0.00011816543964064888,0.0006915736504412642,0.00028136496462235377,0.000572556340654626,0.00709470180738509,0.000419714247302083,1.035388213006233e-5,-0.0002058834492241084,0.0005634266386895904,-0.00048086809302708285,0.0003490735197260225,0.000713769724883552,-3.5621291737389946e-5,7.613067318330133e-5,-5.418509789060133e-5,0.0003601756720338571,0.0003989447447360164,-9.800413877795171e-5,0.00020411438776958888,0.0007228831042658503,-0.0003822737090131621,0.0001269625003681073,-3.738630921925032e-5,0.00012070410908084002,0.000419714247302083,0.002284286119466488,0.0001719940497248696,3.536027859342e-5,0.00010320118712430409,0.00035626352508451526,0.0011818518927750495,0.000603851665445764,0.0007993116359835911,7.892498532244689e-5,0.0007973438773027572,0.000515257868708168,7.298021933375065e-5,-0.00010676012403881477,0.0003883299181896209,-2.7240023625357777e-5,0.00040195242238342204,0.00037530421877231236,8.498241298162028e-5,-0.0006067094567695446,1.035388213006233e-5,0.0001719940497248696,0.005347167890684029,0.0005936219084657422,-0.00012640829612875712,0.000998566596652973,-0.00017340232469168464,0.0002661696518605851,0.0006153935422469961,0.00012962207125767183,0.0002396987143282349,0.00030263475590059914,0.0004739923466541206,0.0002989599674281235,9.066885413181276e-5,-4.9030039937920724e-5,-0.00012430323206427468,0.0005515739278567165,8.08717341514527e-5,0.00043899874296556517,-0.0002058834492241084,3.536027859342e-5,0.0005936219084657422,0.0026824196321976867,-0.00011859390911343019,0.0008242811494177428,0.0008610078583946359,0.0007518246681235343,0.00018256446241962852,0.00033044214475158677,0.0006679324113791456,6.47211675904732e-5,2.1587091306993015e-5,0.0003118508869836763,-0.0001139094837629389,4.500865596013868e-5,0.0005232988989529827,0.00012331960882249615,0.00021993462130648795,-0.00014250578474443785,0.0005634266386895904,0.00010320118712430409,-0.00012640829612875712,-0.00011859390911343019,0.0037220274851810487,0.0004484104414812459,0.0003302072223987276,0.0008232550281531508,0.00037882308180594204,1.9630046546625183e-5,4.950347191808934e-5,-6.066849958690789e-5,0.0004059252434305431,6.8235462589262685e-6,3.6931863231327574e-5,3.610414541674236e-5,-3.5528280486767373e-5,-0.00028626778439065984,-0.00018354249936395375,-0.0007893532198275768,-0.00048086809302708285,0.00035626352508451526,0.000998566596652973,0.0008242811494177428,0.0004484104414812459,0.007661630776999651,0.000363923588488767,0.0008462433322438422,0.0005480391194441058,0.00010567800799176968,0.0003853498226486081,0.0007273331745568284,0.0005279355252027138,0.00021056758567062608,-0.00013002704880776128,0.0002780103701689672,0.0005907240408249007,0.0006430346997680612,0.00040468676241455675,0.0021353383813352525,0.0003490735197260225,0.0011818518927750495,-0.00017340232469168464,0.0008610078583946359,0.0003302072223987276,0.000363923588488767,0.01473652760873287,0.0027500601051454357,0.0003729058917537471,0.00011013233841366228,0.0014455774828693673,0.0006714057643549912,7.813852428356246e-5,0.0003277550840426574,0.0004712193239792197,0.0016675170922640533,0.0010421994685382218,0.0009148995288900774,0.00036876831839358255,0.0017884827622171328,0.000713769724883552,0.000603851665445764,0.0002661696518605851,0.0007518246681235343,0.0008232550281531508,0.0008462433322438422,0.0027500601051454357,0.016708097234592125,0.002714928854650755,-0.00012510441303537027,-0.00018581891543350233,-0.0002819549417866238,0.0014517435023036957,-0.0001377848816670225,0.0005763288340415595,0.00011118817666694916,0.00013317071463299883,0.0014329862281159283,0.0007203981782421561,-0.00038557096734999883,-3.5621291737389946e-5,0.0007993116359835911,0.0006153935422469961,0.00018256446241962852,0.00037882308180594204,0.0005480391194441058,0.0003729058917537471,0.002714928854650755,0.013693251274010219,-0.00019217952024006116,0.0007353211754425422,-0.0002720520164017745,-0.00048069046770940287,-0.0003649152941257519,0.00030416734833858957,0.0005171089876700832,-0.0008804435110266478,0.0009011770041264789,0.0001342867984085273,-7.89288798658766e-5,7.613067318330133e-5,7.892498532244689e-5,0.00012962207125767183,0.00033044214475158677,1.9630046546625183e-5,0.00010567800799176968,0.00011013233841366228,-0.00012510441303537027,-0.00019217952024006116,0.0012006415877069052,5.524157679816936e-5,0.0001643826804711153,0.0001672525380271179,-0.00012494118738893566,6.063299380135909e-6,5.595141696945297e-5,0.0002389460150272164,0.0001665139093060702,-0.00015063493845362288,0.0005458994864823319,-5.418509789060133e-5,0.0007973438773027572,0.0002396987143282349,0.0006679324113791456,4.950347191808934e-5,0.0003853498226486081,0.0014455774828693673,-0.00018581891543350233,0.0007353211754425422,5.524157679816936e-5,0.007069433132553934,0.0011117384656596611,0.0001754436829791626,0.0004116209156608997,0.0002875430382640725,0.0008835912653677276,-6.849697515229447e-5,0.0006401440429129859,1.4171256412373763e-5,0.00033833651185725695,0.0003601756720338571,0.000515257868708168,0.00030263475590059914,6.47211675904732e-5,-6.066849958690789e-5,0.0007273331745568284,0.0006714057643549912,-0.0002819549417866238,-0.0002720520164017745,0.0001643826804711153,0.0011117384656596611,0.0029913599672810273,-8.301997635997107e-5,-9.655327311704716e-5,0.000278858366860409,0.0008447463409503736,-7.951490512579988e-7,0.0001418027111917966,0.00011257562809082002,0.0012383432863844945,0.0003989447447360164,7.298021933375065e-5,0.0004739923466541206,2.1587091306993015e-5,0.0004059252434305431,0.0005279355252027138,7.813852428356246e-5,0.0014517435023036957,-0.00048069046770940287,0.0001672525380271179,0.0001754436829791626,-8.301997635997107e-5,0.006299930713434497,-3.220635688112602e-5,0.00038355811194598047,-4.0387470674218775e-5,7.962101482772234e-5,0.0010850913983435604,0.00015201495110660814,-2.0254013240592084e-5,-9.800413877795171e-5,-0.00010676012403881477,0.0002989599674281235,0.0003118508869836763,6.8235462589262685e-6,0.00021056758567062608,0.0003277550840426574,-0.0001377848816670225,-0.0003649152941257519,-0.00012494118738893566,0.0004116209156608997,-9.655327311704716e-5,-3.220635688112602e-5,0.0035170339771325534,-0.00014513559774831332,0.0003323060249296425,-0.000145661999541429,-0.00015500199058891817,0.00012651145365938902,0.0005031090263224272,0.00020411438776958888,0.0003883299181896209,9.066885413181276e-5,-0.0001139094837629389,3.6931863231327574e-5,-0.00013002704880776128,0.0004712193239792197,0.0005763288340415595,0.00030416734833858957,6.063299380135909e-6,0.0002875430382640725,0.000278858366860409,0.00038355811194598047,-0.00014513559774831332,0.0026255467214336106,0.0003878956222694672,2.8939885006075547e-5,0.0002011856532806668,0.00011907533209805921,0.002522306535752406,0.0007228831042658503,-2.7240023625357777e-5,-4.9030039937920724e-5,4.500865596013868e-5,3.610414541674236e-5,0.0002780103701689672,0.0016675170922640533,0.00011118817666694916,0.0005171089876700832,5.595141696945297e-5,0.0008835912653677276,0.0008447463409503736,-4.0387470674218775e-5,0.0003323060249296425,0.0003878956222694672,0.012290542401552544,-8.24260153297126e-5,-0.0002674368484037645,0.00024198247205519508,0.00011816543964064888,-0.0003822737090131621,0.00040195242238342204,-0.00012430323206427468,0.0005232988989529827,-3.5528280486767373e-5,0.0005907240408249007,0.0010421994685382218,0.00013317071463299883,-0.0008804435110266478,0.0002389460150272164,-6.849697515229447e-5,-7.951490512579988e-7,7.962101482772234e-5,-0.000145661999541429,2.8939885006075547e-5,-8.24260153297126e-5,0.003971502102375381,0.0002368978031991241,0.00010855715609541804,0.0006915736504412642,0.0001269625003681073,0.00037530421877231236,0.0005515739278567165,0.00012331960882249615,-0.00028626778439065984,0.0006430346997680612,0.0009148995288900774,0.0014329862281159283,0.0009011770041264789,0.0001665139093060702,0.0006401440429129859,0.0001418027111917966,0.0010850913983435604,-0.00015500199058891817,0.0002011856532806668,-0.0002674368484037645,0.0002368978031991241,0.006553906380020274,0.0003501714183199275,0.00028136496462235377,-3.738630921925032e-5,8.498241298162028e-5,8.08717341514527e-5,0.00021993462130648795,-0.00018354249936395375,0.00040468676241455675,0.00036876831839358255,0.0007203981782421561,0.0001342867984085273,-0.00015063493845362288,1.4171256412373763e-5,0.00011257562809082002,0.00015201495110660814,0.00012651145365938902,0.00011907533209805921,0.00024198247205519508,0.00010855715609541804,0.0003501714183199275,0.001633051429886861
