0.008167947844426149,0.002534512172025623,0.0033021212589547906,0.005996477563364555,0.008475636847471775,0.0023845931220668444,0.0064050238485039036,0.0019884550570914497,0.007350406930833367,0.0021651711477233314,0.00169175865727,0.0026151207293112753,0.007734645767803607,0.006768364396207533,0.0030505355565220342,0.0003562285017999958,0.0012003390644949345,0.0034521711555969585,0.006540091322309477,0.003059638686645174,0.002534512172025623,0.008036125739949707,0.003970143859093691,0.005303382605568591,0.005115579033243144,0.0011147201520243838,0.0037081047902761573,0.0013156047133980062,0.006860610201316256,0.0018798125973908853,0.0007809351839937787,0.003090752889234857,0.005875552584624806,0.0034410151706177564,0.001604629341883742,0.0010855929119088755,0.0006108751265915891,0.0034767265791499054,0.0033795228877051054,0.00314609266524596,0.0033021212589547906,0.003970143859093691,0.027989426376518477,0.011703569229530725,0.008747408742532325,0.0030873939296659466,0.00582152864802676,0.0014288337307638167,0.00825473753477304,0.0043624503843736895,0.0025390513610157777,0.003873056636007631,0.012344012398683967,0.007524238759694259,0.0008873530477597872,0.0009476854562024954,0.0002463717058247875,0.00622426176655177,0.005847487394592166,0.003216142786483951,0.005996477563364555,0.005303382605568591,0.011703569229530725,0.04109931898133523,0.01574242825989444,0.004608758732168347,0.010291393929802854,0.0022488706145943446,0.008564519249564664,0.004778636948169308,0.0015176542920641257,0.00827076216405992,0.014960383627353326,0.010608762670716518,0.004463566513992331,0.0025463185889261003,0.001911935484051525,0.007479325754475875,0.006985287881027974,0.0023590746877886815,0.008475636847471775,0.005115579033243144,0.008747408742532325,0.01574242825989444,0.042839122025173704,0.007830144646849828,0.007673354428346851,0.0036399191825607145,0.017730105591795182,0.0041978919488636956,0.006404534838510074,0.0072442125381819355,0.019063603188459177,0.01428836791658664,0.0063053530588792085,-0.0008785378892786034,0.0018082096600457239,0.006157441048577366,0.012583029877230426,0.005376505323966961,0.0023845931220668444,0.0011147201520243838,0.0030873939296659466,0.004608758732168347,0.007830144646849828,0.004339750522578992,0.0020930838046212567,0.0007716562582964299,0.005482279616974565,0.0011256926877126626,0.0014868760209814755,0.00206776332914535,0.0063088681496064666,0.004785241640079034,0.0020081015587084224,1.5536634662241098e-5,0.0007649072030163834,0.0015984593685736963,0.004264312597886098,0.0016630696052283172,0.0064050238485039036,0.0037081047902761573,0.00582152864802676,0.010291393929802854,0.007673354428346851,0.0020930838046212567,0.028153683441911225,0.0019167688300791566,0.008307104084533081,0.003755970754325635,0.0009817349574376528,0.002900024493295206,0.00784304001064633,0.011802767994967687,0.005126102550739852,0.001536796775324709,0.002671467885986392,0.007485701328327132,0.006599958076760164,0.0021086816583501186,0.0019884550570914497,0.0013156047133980062,0.0014288337307638167,0.0022488706145943446,0.0036399191825607145,0.0007716562582964299,0.0019167688300791566,0.0025182908905473063,0.0029691438296638516,0.000860839064125034,0.0006352155811386282,0.0018981311979380665,0.002999771040447625,0.002232199461531267,0.0015221128575048032,0.0004764438731582958,0.0007680282816167677,0.0010038944978297273,0.0016751372200913299,0.0011472976741754453,0.007350406930833367,0.006860610201316256,0.00825473753477304,0.008564519249564664,0.017730105591795182,0.005482279616974565,0.008307104084533081,0.0029691438296638516,0.03413698262849093,0.004095334627476851,0.0024371107826689073,0.007965227960861857,0.013187740616607433,0.015145402176416887,0.003949450068981814,0.0013243551586176183,0.00212196937052076,0.006697507266321511,0.013528675776220807,0.006717052434541404,0.0021651711477233314,0.0018798125973908853,0.0043624503843736895,0.004778636948169308,0.0041978919488636956,0.0011256926877126626,0.003755970754325635,0.000860839064125034,0.004095334627476851,0.003137297758342264,0.000777822398668132,0.0024624631420173335,0.00503968336838499,0.003992166427905983,0.0007911489751572184,0.0005568722862222244,0.0005828872308434022,0.003124527420877945,0.00353030957012056,0.0018204251551715719,0.00169175865727,0.0007809351839937787,0.0025390513610157777,0.0015176542920641257,0.006404534838510074,0.0014868760209814755,0.0009817349574376528,0.0006352155811386282,0.0024371107826689073,0.000777822398668132,0.0040586187296571576,-0.0005604823470602917,0.004405405505849592,0.0015053506613573213,0.002135725664047734,-0.0003987335009554197,0.00032744135766597066,0.0014162157736601184,0.002456024978546718,0.0019273225981365763,0.0026151207293112753,0.003090752889234857,0.003873056636007631,0.00827076216405992,0.0072442125381819355,0.00206776332914535,0.002900024493295206,0.0018981311979380665,0.007965227960861857,0.0024624631420173335,-0.0005604823470602917,0.011408189926899764,0.008586933114585719,0.005545772459785294,0.001574576927658499,0.0011591745567557283,0.0008834746067825302,0.003085449980986328,0.003783497186516253,0.002105585594154244,0.007734645767803607,0.005875552584624806,0.012344012398683967,0.014960383627353326,0.019063603188459177,0.0063088681496064666,0.00784304001064633,0.002999771040447625,0.013187740616607433,0.00503968336838499,0.004405405505849592,0.008586933114585719,0.046658293462236086,0.01239848059784041,0.006661666322357981,0.001504426690349152,0.0004448318206016288,0.010131534008471282,0.01670207948716739,0.007686623839363376,0.006768364396207533,0.0034410151706177564,0.007524238759694259,0.010608762670716518,0.01428836791658664,0.004785241640079034,0.011802767994967687,0.002232199461531267,0.015145402176416887,0.003992166427905983,0.0015053506613573213,0.005545772459785294,0.01239848059784041,0.021598402018464857,0.0030876461027275637,0.0005187075728182611,0.002067561735278325,0.007617129118600902,0.01211341578675632,0.003623706226062662,0.0030505355565220342,0.001604629341883742,0.0008873530477597872,0.004463566513992331,0.0063053530588792085,0.0020081015587084224,0.005126102550739852,0.0015221128575048032,0.003949450068981814,0.0007911489751572184,0.002135725664047734,0.001574576927658499,0.006661666322357981,0.0030876461027275637,0.00744154087733398,7.817597504281744e-5,0.0009234561255166147,0.0019897447366322664,0.003938907408472145,0.0019405865621127693,0.0003562285017999958,0.0010855929119088755,0.0009476854562024954,0.0025463185889261003,-0.0008785378892786034,1.5536634662241098e-5,0.001536796775324709,0.0004764438731582958,0.0013243551586176183,0.0005568722862222244,-0.0003987335009554197,0.0011591745567557283,0.001504426690349152,0.0005187075728182611,7.817597504281744e-5,0.00196450926030425,0.00035364164752484974,0.0003875246834382297,7.469043578613694e-5,0.0004360748532661558,0.0012003390644949345,0.0006108751265915891,0.0002463717058247875,0.001911935484051525,0.0018082096600457239,0.0007649072030163834,0.002671467885986392,0.0007680282816167677,0.00212196937052076,0.0005828872308434022,0.00032744135766597066,0.0008834746067825302,0.0004448318206016288,0.002067561735278325,0.0009234561255166147,0.00035364164752484974,0.0016134496796614201,0.0006303631001844613,0.0007159468059731073,0.0001200085125001066,0.0034521711555969585,0.0034767265791499054,0.00622426176655177,0.007479325754475875,0.006157441048577366,0.0015984593685736963,0.007485701328327132,0.0010038944978297273,0.006697507266321511,0.003124527420877945,0.0014162157736601184,0.003085449980986328,0.010131534008471282,0.007617129118600902,0.0019897447366322664,0.0003875246834382297,0.0006303631001844613,0.009352314358705581,0.006054003020654229,0.0030079721139311,0.006540091322309477,0.0033795228877051054,0.005847487394592166,0.006985287881027974,0.012583029877230426,0.004264312597886098,0.006599958076760164,0.0016751372200913299,0.013528675776220807,0.00353030957012056,0.002456024978546718,0.003783497186516253,0.01670207948716739,0.01211341578675632,0.003938907408472145,7.469043578613694e-5,0.0007159468059731073,0.006054003020654229,0.022046661454081212,0.005631567878608357,0.003059638686645174,0.00314609266524596,0.003216142786483951,0.0023590746877886815,0.005376505323966961,0.0016630696052283172,0.0021086816583501186,0.0011472976741754453,0.006717052434541404,0.0018204251551715719,0.0019273225981365763,0.002105585594154244,0.007686623839363376,0.003623706226062662,0.0019405865621127693,0.0004360748532661558,0.0001200085125001066,0.0030079721139311,0.005631567878608357,0.005918311865211115
0.008140346636758082,0.0017200253965439253,0.006223288520715306,-0.005306843203088602,-0.0012249809426895858,0.0010704791615967154,-0.0031255704372783874,-0.00011757934747053814,0.0007780720239248143,0.0006128999359439949,0.0004558457391962028,-0.00048768788211538713,0.002768050192477776,0.002306966595226602,-5.811921597890771e-5,-0.0007013999021157383,0.0006422886635109346,0.0021861972003946765,-0.0037316731036776208,-0.001045904807080149,0.0017200253965439253,0.008134056017504897,0.00039771406946831605,-0.00037414627848988697,-0.0034331065260057693,-0.0011665206150930753,-0.0002145259114629704,-3.3497145453106585e-5,0.0031883866356690943,0.0009328142055935584,0.001979686202685201,0.0015722066824668006,0.006926442380578919,0.003764498053708546,5.937727071465942e-5,0.0008060573818143555,-0.0005961934344702537,-0.0008340434740347554,-0.001220778780562638,-0.0008459087213217712,0.006223288520715306,0.00039771406946831605,0.049811524915549674,-0.01026914236326509,-0.0020064900789892137,0.003499568349622352,-0.010367177806849464,0.0013314956707105201,0.005907275608946013,0.002743589084165729,6.947543431692877e-5,0.002902380954152478,0.01707851686054787,-0.002865423741813069,5.142684023453501e-5,-0.0008788943714667064,0.005574212993036776,0.007198491137487682,0.0024470227508574796,0.0008305910915486797,-0.005306843203088602,-0.00037414627848988697,-0.01026914236326509,0.038075095589818926,0.002472879283712609,2.5705011890025618e-5,0.004953105268466159,-7.243902739781789e-5,0.003853078934042903,0.0026248042044721147,-0.00021222354882345347,0.0014286813292401124,0.003005207666314706,-0.0011786593746237488,0.005460224677599613,-3.582416922948431e-5,0.00048209166225510685,-0.0038392853067146923,0.0018958763197618796,0.0009455574046668756,-0.0012249809426895858,-0.0034331065260057693,-0.0020064900789892137,0.002472879283712609,0.026659598717217715,-1.6379205192213783e-5,0.002460605715168943,0.000653064991014471,-0.0006569104295620366,0.0007323116269170001,-0.0026319971513885623,-0.0009067079889323519,-0.0019470460588090074,-0.0034070248656841535,0.00027740816930636763,-0.000688992708789302,0.0014517125505637417,-0.0010469543743585415,0.001890216185079674,0.0006558293665974992,0.0010704791615967154,-0.0011665206150930753,0.003499568349622352,2.5705011890025618e-5,-1.6379205192213783e-5,0.002755295488353293,7.904906699864565e-5,0.0001558311505627068,0.0008265096754223675,0.00032797696982091455,-0.0003349446260360341,-0.00036115435318595827,0.0008423642040128359,-0.0020753636777945533,0.0008401895841619442,-0.0003165295730704521,0.0007122917341244265,0.0020195416590336624,-0.0007640278848405466,4.375201218555921e-5,-0.0031255704372783874,-0.0002145259114629704,-0.010367177806849464,0.004953105268466159,0.002460605715168943,7.904906699864565e-5,0.023473338267587015,-0.001248600249734035,0.005901395960509066,-0.0017087762674255916,0.0014154998291345132,-0.001768381505768145,-0.006603082175297954,0.0012495396913351905,-3.367987957186209e-6,0.001513110266768057,-0.001030995273022357,0.0017503494845900166,-0.0003280905026354011,-0.0008205134372533929,-0.00011757934747053814,-3.3497145453106585e-5,0.0013314956707105201,-7.243902739781789e-5,0.000653064991014471,0.0001558311505627068,-0.001248600249734035,0.0016622427366218126,-0.00016674413576196593,9.385029360608387e-5,-0.0002108977232803251,0.00023162534995507068,0.00024093260895980632,-0.0007665090240490277,0.00022350433605718872,-0.00030789811816747475,0.0003033237599821574,-0.00028452674432214543,0.0007073584805437433,0.00042392328750323084,0.0007780720239248143,0.0031883866356690943,0.005907275608946013,0.003853078934042903,-0.0006569104295620366,0.0008265096754223675,0.005901395960509066,-0.00016674413576196593,0.023107214967486876,4.8169456350989636e-5,0.0016824163938458161,0.0011079351293066246,0.006753395593800883,0.001783764762688243,-0.0006592495494543129,0.0012382172166035882,0.0013848195037292031,0.0017579210842562911,-0.0020485585162972626,5.267139227793452e-5,0.0006128999359439949,0.0009328142055935584,0.002743589084165729,0.0026248042044721147,0.0007323116269170001,0.00032797696982091455,-0.0017087762674255916,9.385029360608387e-5,4.8169456350989636e-5,0.003022936055027678,-0.0004222649465005434,0.0004447778552962826,0.004356882844525956,-0.00030249859795134166,0.001318771897957903,-0.0003250776219259461,0.000515134077823804,-0.0009279402754124462,0.00037290460621144613,-0.0003762238247909158,0.0004558457391962028,0.001979686202685201,6.947543431692877e-5,-0.00021222354882345347,-0.0026319971513885623,-0.0003349446260360341,0.0014154998291345132,-0.0002108977232803251,0.0016824163938458161,-0.0004222649465005434,0.003810522073702289,0.0008998126828297273,-0.0007425227824726707,0.0035209809149685622,-0.000994986089589089,0.0012717050683857677,-0.0005211437639742277,-0.000778508158791934,-0.001228448431563839,0.0003700538683276388,-0.00048768788211538713,0.0015722066824668006,0.002902380954152478,0.0014286813292401124,-0.0009067079889323519,-0.00036115435318595827,-0.001768381505768145,0.00023162534995507068,0.0011079351293066246,0.0004447778552962826,0.0008998126828297273,0.00868444929452112,0.0018007494145511746,0.0011666210343538731,-5.9325704660976466e-5,0.0007035743161987245,0.0009903596764087065,-0.00044322625069441424,0.002184407904476022,-7.263285774500413e-5,0.002768050192477776,0.006926442380578919,0.01707851686054787,0.003005207666314706,-0.0019470460588090074,0.0008423642040128359,-0.006603082175297954,0.00024093260895980632,0.006753395593800883,0.004356882844525956,-0.0007425227824726707,0.0018007494145511746,0.04561803541103159,-0.002612643308737149,0.0032985641597437047,0.00047646382239443553,0.0019646854836824585,0.0024299368611868637,0.0055070674665870355,-0.0005167289915406852,0.002306966595226602,0.003764498053708546,-0.002865423741813069,-0.0011786593746237488,-0.0034070248656841535,-0.0020753636777945533,0.0012495396913351905,-0.0007665090240490277,0.001783764762688243,-0.00030249859795134166,0.0035209809149685622,0.0011666210343538731,-0.002612643308737149,0.016891992057433334,-0.0019777003633485975,0.0023317512554041314,-0.0015233405646186786,-0.0014856998537146322,-0.0015623457716398088,-0.000308735878121741,-5.811921597890771e-5,5.937727071465942e-5,5.142684023453501e-5,0.005460224677599613,0.00027740816930636763,0.0008401895841619442,-3.367987957186209e-6,0.00022350433605718872,-0.0006592495494543129,0.001318771897957903,-0.000994986089589089,-5.9325704660976466e-5,0.0032985641597437047,-0.0019777003633485975,0.007080457941153215,-0.0006316358027441916,0.00048808651822214775,0.0007987955214986873,0.0019482277948248679,-0.00014942040776417203,-0.0007013999021157383,0.0008060573818143555,-0.0008788943714667064,-3.582416922948431e-5,-0.000688992708789302,-0.0003165295730704521,0.001513110266768057,-0.00030789811816747475,0.0012382172166035882,-0.0003250776219259461,0.0012717050683857677,0.0007035743161987245,0.00047646382239443553,0.0023317512554041314,-0.0006316358027441916,0.002018184029629359,-0.0005216554511160425,0.0002236616938082243,0.00042310921660881993,0.0002604235739810122,0.0006422886635109346,-0.0005961934344702537,0.005574212993036776,0.00048209166225510685,0.0014517125505637417,0.0007122917341244265,-0.001030995273022357,0.0003033237599821574,0.0013848195037292031,0.000515134077823804,-0.0005211437639742277,0.0009903596764087065,0.0019646854836824585,-0.0015233405646186786,0.00048808651822214775,-0.0005216554511160425,0.0021129384580606853,0.0006391125684399186,0.000500235651895034,0.00018645317603593187,0.0021861972003946765,-0.0008340434740347554,0.007198491137487682,-0.0038392853067146923,-0.0010469543743585415,0.0020195416590336624,0.0017503494845900166,-0.00028452674432214543,0.0017579210842562911,-0.0009279402754124462,-0.000778508158791934,-0.00044322625069441424,0.0024299368611868637,-0.0014856998537146322,0.0007987955214986873,0.0002236616938082243,0.0006391125684399186,0.009505906485162053,0.0004830495970399232,-0.0005266486224764339,-0.0037316731036776208,-0.001220778780562638,0.0024470227508574796,0.0018958763197618796,0.001890216185079674,-0.0007640278848405466,-0.0003280905026354011,0.0007073584805437433,-0.0020485585162972626,0.00037290460621144613,-0.001228448431563839,0.002184407904476022,0.0055070674665870355,-0.0015623457716398088,0.0019482277948248679,0.00042310921660881993,0.000500235651895034,0.0004830495970399232,0.01495116525823273,0.0006449341486801691,-0.001045904807080149,-0.0008459087213217712,0.0008305910915486797,0.0009455574046668756,0.0006558293665974992,4.375201218555921e-5,-0.0008205134372533929,0.00042392328750323084,5.267139227793452e-5,-0.0003762238247909158,0.0003700538683276388,-7.263285774500413e-5,-0.0005167289915406852,-0.000308735878121741,-0.00014942040776417203,0.0002604235739810122,0.00018645317603593187,-0.0005266486224764339,0.0006449341486801691,0.003145375676954146
0.010540105711186987,-0.0007236504935710972,-0.008562587955793313,-0.006186972045234325,-0.0012326497032849,0.0013203009855951467,-0.00399702488575069,-0.0017157781589771954,0.00029593560789420003,-0.0010139171099498767,-0.0019724344952565106,-0.0004378070384151487,-0.002332059268499536,0.004241059631216529,-0.004279710436890308,0.0017879392214567302,-0.001129811887847145,0.00450484009194105,-0.0015653512353049931,0.00019296601712256696,-0.0007236504935710972,0.009975560991425665,0.0072247650211436434,0.0020853609068947603,0.0033164770816480104,0.003094195225218816,0.006724060985107309,0.0005724896167853522,-0.003148743387173036,0.0012108977816276262,0.0007655160430230077,0.0019520018983302549,-0.0024333350272482787,0.003094142580366948,-0.0002208910047342723,-0.0004316193083023877,-0.0008277355878743913,-0.00022221198888755246,0.005545187054605513,0.001054798311314322,-0.008562587955793313,0.0072247650211436434,0.042921062775091834,0.015288053920319254,0.013172474946734191,0.0023640290369526884,0.014232119983966025,0.002872769945386837,-0.005721717012807717,0.0027190218377684287,0.00440580873438743,0.0007969590857919407,-0.006581552892291544,0.004608692014840523,0.007922259315273251,0.0005817206117982665,-0.0005085192439254899,-0.004615685044396051,0.012710464547115998,0.004204750642865011,-0.006186972045234325,0.0020853609068947603,0.015288053920319254,0.051833030311762424,0.008636007457234522,-0.002009313595014871,-0.005207291155493793,0.003270378192792957,0.0033123464101705137,0.0027234652996949585,0.007020152405279737,-0.004550430619265398,-0.0018168751715012773,-0.002885762219974353,0.0027111009700369207,-0.0002202913531335023,0.000682094851593905,-0.006849024133415713,0.012758420898434361,-0.0013109373143763005,-0.0012326497032849,0.0033164770816480104,0.013172474946734191,0.008636007457234522,0.04341719347306335,0.0010439607940938248,-0.0014201199241347926,-0.0018189928211732546,0.0006270200440516701,0.0035456262234987946,0.004015642425130176,-0.002062243698709983,-0.007116795250188918,0.011800431405331793,0.004722711334522138,0.004701616879221438,-0.0031077167762312806,3.351949113041924e-5,0.0011024096204100423,0.0006670348312986711,0.0013203009855951467,0.003094195225218816,0.0023640290369526884,-0.002009313595014871,0.0010439607940938248,0.004367301080906326,0.00335755753223144,0.00018639479515868097,-0.0004959605465376308,0.0009602020877889122,0.0008378126662677314,0.0008884386503602995,0.0008826815081732595,0.0024295967149095313,-0.0007454375499276315,0.00021847876826883335,-0.0002488704359724184,0.00028462526726787764,0.0036559745304844695,0.0011775838375009551,-0.00399702488575069,0.006724060985107309,0.014232119983966025,-0.005207291155493793,-0.0014201199241347926,0.00335755753223144,0.027413209059324022,0.002372260872842878,-0.008059724822945633,-0.0004772739269724088,0.000582172503239305,0.004717833649303136,-0.0013343754074445389,0.0020559743987009996,0.0012138296737828156,-0.002211425344107473,-0.0004936887420736777,-0.00032889813894229104,0.004276888296774334,0.003812762694539982,-0.0017157781589771954,0.0005724896167853522,0.002872769945386837,0.003270378192792957,-0.0018189928211732546,0.00018639479515868097,0.002372260872842878,0.0026593087226045725,5.381566900770351e-5,0.00028507886395700324,0.0008405588117591069,0.00016554043347011475,0.0008716207233588158,-0.0017461442197013975,0.0007266715968757963,-0.0007564808444657212,0.0009471239611851354,-0.0006178294873657151,0.0011212292040360026,4.609296565596794e-5,0.00029593560789420003,-0.003148743387173036,-0.005721717012807717,0.0033123464101705137,0.0006270200440516701,-0.0004959605465376308,-0.008059724822945633,5.381566900770351e-5,0.01725770955479968,0.0013017927076601806,0.001484221879254464,-0.00258227956326102,0.0027301546325854773,0.00011648976074066967,0.0007347745487515185,0.0006706865289681747,0.0006327094415309025,-0.0015971702894997122,-0.002570572189138521,-0.0005917158742799396,-0.0010139171099498767,0.0012108977816276262,0.0027190218377684287,0.0027234652996949585,0.0035456262234987946,0.0009602020877889122,-0.0004772739269724088,0.00028507886395700324,0.0013017927076601806,0.0031619368271777696,0.001842995299337734,7.066433718505436e-5,-0.0032396107556789313,0.0013849546350967862,0.0006912281096903863,0.0002512797482601975,0.00018534367009722194,-0.0015636594023334923,0.002639471542489117,0.0008445439449859269,-0.0019724344952565106,0.0007655160430230077,0.00440580873438743,0.007020152405279737,0.004015642425130176,0.0008378126662677314,0.000582172503239305,0.0008405588117591069,0.001484221879254464,0.001842995299337734,0.005803935361426114,0.00011600450812930385,-0.0007557886535803364,-0.0009996815336819052,0.0015570144501427245,-0.0001445091678229931,0.0004478799507732816,-0.0018438826132975794,0.006247404385800119,0.0003128262924765897,-0.0004378070384151487,0.0019520018983302549,0.0007969590857919407,-0.004550430619265398,-0.002062243698709983,0.0008884386503602995,0.004717833649303136,0.00016554043347011475,-0.00258227956326102,7.066433718505436e-5,0.00011600450812930385,0.008642237112271734,0.0033135437289024787,0.00012158364792834012,0.0004997794626385795,-0.000729258324868895,0.0004925532582168391,0.0006239815823535116,0.002646630182202991,0.0008296010373965056,-0.002332059268499536,-0.0024333350272482787,-0.006581552892291544,-0.0018168751715012773,-0.007116795250188918,0.0008826815081732595,-0.0013343754074445389,0.0008716207233588158,0.0027301546325854773,-0.0032396107556789313,-0.0007557886535803364,0.0033135437289024787,0.04525418114697582,-0.005492044938117632,-0.0014708141699348275,-0.0010459927109422295,0.0014428220823062572,-0.0005679556117607013,-0.0011129837530589313,-0.006767601919973323,0.004241059631216529,0.003094142580366948,0.004608692014840523,-0.002885762219974353,0.011800431405331793,0.0024295967149095313,0.0020559743987009996,-0.0017461442197013975,0.00011648976074066967,0.0013849546350967862,-0.0009996815336819052,0.00012158364792834012,-0.005492044938117632,0.01946273156780935,-0.0009776410901202704,0.002179023237106139,-0.0035644997444861607,0.0017872552478808803,-0.0028133738317079153,0.0028316527806732405,-0.004279710436890308,-0.0002208910047342723,0.007922259315273251,0.0027111009700369207,0.004722711334522138,-0.0007454375499276315,0.0012138296737828156,0.0007266715968757963,0.0007347745487515185,0.0006912281096903863,0.0015570144501427245,0.0004997794626385795,-0.0014708141699348275,-0.0009776410901202704,0.006899036127096222,-2.615282973713832e-5,0.0006854046936920545,-0.0017759043115770053,0.0009393099743537418,0.0007946832799777843,0.0017879392214567302,-0.0004316193083023877,0.0005817206117982665,-0.0002202913531335023,0.004701616879221438,0.00021847876826883335,-0.002211425344107473,-0.0007564808444657212,0.0006706865289681747,0.0002512797482601975,-0.0001445091678229931,-0.000729258324868895,-0.0010459927109422295,0.002179023237106139,-2.615282973713832e-5,0.002597366314769795,-0.0006311356864171745,0.0011973505321509269,0.0004113589525622887,-9.979771440101185e-5,-0.001129811887847145,-0.0008277355878743913,-0.0005085192439254899,0.000682094851593905,-0.0031077167762312806,-0.0002488704359724184,-0.0004936887420736777,0.0009471239611851354,0.0006327094415309025,0.00018534367009722194,0.0004478799507732816,0.0004925532582168391,0.0014428220823062572,-0.0035644997444861607,0.0006854046936920545,-0.0006311356864171745,0.002468802719045921,-0.0002863353818872091,0.0012085224881163194,-0.000138878815522319,0.00450484009194105,-0.00022221198888755246,-0.004615685044396051,-0.006849024133415713,3.351949113041924e-5,0.00028462526726787764,-0.00032889813894229104,-0.0006178294873657151,-0.0015971702894997122,-0.0015636594023334923,-0.0018438826132975794,0.0006239815823535116,-0.0005679556117607013,0.0017872552478808803,-0.0017759043115770053,0.0011973505321509269,-0.0002863353818872091,0.006564934282700836,-0.002377060155947276,-1.2235904622253686e-5,-0.0015653512353049931,0.005545187054605513,0.012710464547115998,0.012758420898434361,0.0011024096204100423,0.0036559745304844695,0.004276888296774334,0.0011212292040360026,-0.002570572189138521,0.002639471542489117,0.006247404385800119,0.002646630182202991,-0.0011129837530589313,-0.0028133738317079153,0.0009393099743537418,0.0004113589525622887,0.0012085224881163194,-0.002377060155947276,0.02575339690921801,0.001791868497732896,0.00019296601712256696,0.001054798311314322,0.004204750642865011,-0.0013109373143763005,0.0006670348312986711,0.0011775838375009551,0.003812762694539982,4.609296565596794e-5,-0.0005917158742799396,0.0008445439449859269,0.0003128262924765897,0.0008296010373965056,-0.006767601919973323,0.0028316527806732405,0.0007946832799777843,-9.979771440101185e-5,-0.000138878815522319,-1.2235904622253686e-5,0.001791868497732896,0.004554668095567504
