0.0218792779670902,0.005648490405471256,-0.0006719618747364001,7.55646809633661e-5,-0.001342218652040792,-0.0025587208983596007,-0.0007849886537933505,3.701211977777606e-5,0.013659832098183857,0.002591860617235783,0.0022171176758137333,-7.190534514524977e-5,-0.0029077735226816785,0.0017907509076119776,-0.00037481271602318934,0.003667070452962354,-0.0001822984101936064,0.005354097608654422,0.003447556162174456,-0.0017281560597584475,0.005648490405471256,0.022989222761285524,-0.0006862891111277434,-0.0017022836092816457,0.006436104163229027,0.0008535038306536573,-0.005849973894210095,0.0037006848643429758,0.011675516698133931,0.0017876752474375673,0.008028143281290711,-0.00045840618615982417,-0.004707085082779311,-0.0005807053593775771,0.0010316264731211507,-0.0015054357657051055,0.00436608306510039,0.009761940449024297,0.007158862848591262,0.00255603959596596,-0.0006719618747364001,-0.0006862891111277434,0.003416414454966129,0.001421834546024544,-0.0014612563605451946,0.0008802507278548345,0.0014999395651093923,0.0008395077744982605,-0.004003229032965753,0.0013255841832737275,0.0009000237834660799,0.0007912161228087922,0.0019823894956211533,-0.0032510994481878635,-0.00015421378618931975,0.0018075291470470056,0.0013795682232251559,-0.0010090315234731178,0.0009640870382533501,0.0002668903565956435,7.55646809633661e-5,-0.0017022836092816457,0.001421834546024544,0.022841570141569484,-0.0015959538931119496,-0.0021283849505360736,0.0014060093052022994,0.0013958649866932394,-0.00010345708565078507,-0.000347425065579377,9.725202624031475e-5,0.004246413134106768,-0.001587077705878446,0.001628571524591017,-0.00025925613247083793,0.005369744329811989,0.00038435854259536264,0.00451461390007833,0.0033095037372208613,0.0007674142112764878,-0.001342218652040792,0.006436104163229027,-0.0014612563605451946,-0.0015959538931119496,0.038595417126161075,0.002399765984057181,-0.004464217778058402,0.0047483151970257355,0.019421060677889367,-0.005119516296775368,0.00023850674614985852,0.0006430434804350462,0.0012224177852371144,0.0015961181910044814,-0.0010966760819273549,-0.003424801849500663,-0.0025714279749109612,0.008963415363034875,-0.008859746585377686,0.008731751295568559,-0.0025587208983596007,0.0008535038306536573,0.0008802507278548345,-0.0021283849505360736,0.002399765984057181,0.005389024363911037,0.00019652535881888332,-0.00020927302422916818,-0.0012586822080309548,-0.00042447990692325434,0.0018037099377701158,-0.0014036500303860003,0.002356199278441091,-0.0036391748487813744,0.0004611107002656799,-0.0007635562001780469,0.0024946752768781203,-0.0002371311333115878,0.0018650489078604825,0.00038703055355574325,-0.0007849886537933505,-0.005849973894210095,0.0014999395651093923,0.0014060093052022994,-0.004464217778058402,0.00019652535881888332,0.008803574068870272,-0.0018776174037991008,-0.003964590717123675,0.003921382400491287,-0.0022062622883815613,-0.00025562352193048447,0.003070040917922987,0.0006658053886231861,0.0006445897206520355,0.0011315593250998774,0.0003056005130693591,-0.003919164456268004,-0.0004920933024933291,-0.001248408667103534,3.701211977777606e-5,0.0037006848643429758,0.0008395077744982605,0.0013958649866932394,0.0047483151970257355,-0.00020927302422916818,-0.0018776174037991008,0.004506070762712691,0.004822208137581621,0.0001068298340231883,0.0008374625894412566,0.0013184788177019085,1.4523367064707346e-5,0.00010795921022906457,-0.00013982457756311374,-0.0008300571850659706,0.0009706601603652087,0.0026287278433351716,0.00011866958384285098,0.0025707807312094154,0.013659832098183857,0.011675516698133931,-0.004003229032965753,-0.00010345708565078507,0.019421060677889367,-0.0012586822080309548,-0.003964590717123675,0.004822208137581621,0.06835762751974579,-0.0008793648922821674,0.002487683041535546,-0.001583805984852099,-0.002476392667789062,0.010436166293286388,0.0005802471930814296,-0.0006136283049082854,0.001613299267763356,0.022070764735947903,-0.0006310362952637587,0.004081829591568139,0.002591860617235783,0.0017876752474375673,0.0013255841832737275,-0.000347425065579377,-0.005119516296775368,-0.00042447990692325434,0.003921382400491287,0.0001068298340231883,-0.0008793648922821674,0.030083016538778783,0.001724931072110248,-0.0018763891150319753,-0.00429824128760402,0.007103405974822275,0.0019071462881041657,-0.0018701562414083922,0.004451267840966982,-0.002711673909104372,0.009779116599702561,-0.0024017176010909993,0.0022171176758137333,0.008028143281290711,0.0009000237834660799,9.725202624031475e-5,0.00023850674614985852,0.0018037099377701158,-0.0022062622883815613,0.0008374625894412566,0.002487683041535546,0.001724931072110248,0.011129760347574505,-0.00016253182315815844,-0.0025521651821632,-0.0026911565203871306,0.0018215875754551028,0.0013604152606112843,0.004667650939995339,0.0045894957143965244,0.007396922379604439,0.0004650441265905523,-7.190534514524977e-5,-0.00045840618615982417,0.0007912161228087922,0.004246413134106768,0.0006430434804350462,-0.0014036500303860003,-0.00025562352193048447,0.0013184788177019085,-0.001583805984852099,-0.0018763891150319753,-0.00016253182315815844,0.005573117970609042,-0.00018011739827852746,0.0006600431484638271,0.00015706113353337054,0.0011148063332939106,-0.0010807693004653137,0.001281757396363192,-0.0017948060393787317,0.0009354026920390716,-0.0029077735226816785,-0.004707085082779311,0.0019823894956211533,-0.001587077705878446,0.0012224177852371144,0.002356199278441091,0.003070040917922987,1.4523367064707346e-5,-0.002476392667789062,-0.00429824128760402,-0.0025521651821632,-0.00018011739827852746,0.01580515349840134,-0.0024399818795971667,-0.0011439846064517957,-0.00015529404652706206,-0.00014449770565237437,-0.005199596206942825,-0.001439287812690166,0.0013458600495038593,0.0017907509076119776,-0.0005807053593775771,-0.0032510994481878635,0.001628571524591017,0.0015961181910044814,-0.0036391748487813744,0.0006658053886231861,0.00010795921022906457,0.010436166293286388,0.007103405974822275,-0.0026911565203871306,0.0006600431484638271,-0.0024399818795971667,0.024682536093054323,-0.00015376807371592733,-0.004506522766205055,-0.0028040010688247328,0.0019834739918056284,-0.0013120430760821958,-0.0014538647884597606,-0.00037481271602318934,0.0010316264731211507,-0.00015421378618931975,-0.00025925613247083793,-0.0010966760819273549,0.0004611107002656799,0.0006445897206520355,-0.00013982457756311374,0.0005802471930814296,0.0019071462881041657,0.0018215875754551028,0.00015706113353337054,-0.0011439846064517957,-0.00015376807371592733,0.004760696819494163,-0.00022692850881239984,0.0014903786751767558,0.0026416743268717576,0.002932707549947805,-0.0001825951606979561,0.003667070452962354,-0.0015054357657051055,0.0018075291470470056,0.005369744329811989,-0.003424801849500663,-0.0007635562001780469,0.0011315593250998774,-0.0008300571850659706,-0.0006136283049082854,-0.0018701562414083922,0.0013604152606112843,0.0011148063332939106,-0.00015529404652706206,-0.004506522766205055,-0.00022692850881239984,0.01742229292916206,0.00043350836800716184,0.005369934437413085,0.005582384979138765,-0.0006119513408828955,-0.0001822984101936064,0.00436608306510039,0.0013795682232251559,0.00038435854259536264,-0.0025714279749109612,0.0024946752768781203,0.0003056005130693591,0.0009706601603652087,0.001613299267763356,0.004451267840966982,0.004667650939995339,-0.0010807693004653137,-0.00014449770565237437,-0.0028040010688247328,0.0014903786751767558,0.00043350836800716184,0.008147840800246916,0.0009462866211529389,0.008283097786766032,-0.00044555042468845553,0.005354097608654422,0.009761940449024297,-0.0010090315234731178,0.00451461390007833,0.008963415363034875,-0.0002371311333115878,-0.003919164456268004,0.0026287278433351716,0.022070764735947903,-0.002711673909104372,0.0045894957143965244,0.001281757396363192,-0.005199596206942825,0.0019834739918056284,0.0026416743268717576,0.005369934437413085,0.0009462866211529389,0.02564660939504078,0.005850633030442656,0.00273291354074615,0.003447556162174456,0.007158862848591262,0.0009640870382533501,0.0033095037372208613,-0.008859746585377686,0.0018650489078604825,-0.0004920933024933291,0.00011866958384285098,-0.0006310362952637587,0.009779116599702561,0.007396922379604439,-0.0017948060393787317,-0.001439287812690166,-0.0013120430760821958,0.002932707549947805,0.005582384979138765,0.008283097786766032,0.005850633030442656,0.038627428349391014,-0.0033886945541398094,-0.0017281560597584475,0.00255603959596596,0.0002668903565956435,0.0007674142112764878,0.008731751295568559,0.00038703055355574325,-0.001248408667103534,0.0025707807312094154,0.004081829591568139,-0.0024017176010909993,0.0004650441265905523,0.0009354026920390716,0.0013458600495038593,-0.0014538647884597606,-0.0001825951606979561,-0.0006119513408828955,-0.00044555042468845553,0.00273291354074615,-0.0033886945541398094,0.0058584252164798085
0.04113670627057622,-0.01777192601498616,-0.0010036198797660912,-0.007678027582511238,-0.024473586678604137,-0.007128877970633945,-0.003326568429244111,0.0017517642938532758,-0.015894551199925333,-0.0038337759221885826,0.004168716193215811,0.0009104618259092166,0.004327561211059808,-0.010705457527065029,-0.0038839187967028028,-0.0059867725495625,4.957481727713716e-6,-0.012950197351876778,0.0018715306446553397,0.0016898625668398772,-0.01777192601498616,0.026143533532829347,0.0017830478178744785,0.014592932458200982,0.016410547266909402,0.007825766176438853,0.005676960740762831,0.0015090193351594114,0.01704653019919662,0.012272420526318587,-0.004957057411872975,-0.0003962073417261046,0.0016846128799625389,0.008099787622242987,0.0061687077578005955,0.005034542948736395,0.001034918368496836,0.010600835292430114,0.008080954087980673,0.001442000465148783,-0.0010036198797660912,0.0017830478178744785,0.0028502921414926235,0.00211964834197943,0.005222980001774585,0.0018347067026848684,0.0020954952178681907,0.0006698128348536006,0.004257206517054361,0.0016478258213978299,0.0009892747011044471,0.0003507193199622572,-0.00032771412785762824,0.002352263663544231,0.0012683049273407017,-0.00045937939158493765,-0.0004207945691186497,0.002053617394785677,0.005767066264534396,0.00019564399984833294,-0.007678027582511238,0.014592932458200982,0.00211964834197943,0.04114247365973632,0.017073284341936844,0.007843525230267406,0.006820952896620479,0.0006545068610710516,0.022928393816490228,0.01622786179424462,-0.011001636969075187,0.0017527628477192404,-0.0010951893529458484,0.012413479671966666,0.0055813558140658855,-0.0011091542225201319,0.0026407270362360756,0.0025258062884277593,0.01915976342529753,0.005909516061180576,-0.024473586678604137,0.016410547266909402,0.005222980001774585,0.017073284341936844,0.052342863443065164,0.011804402870183257,0.013300487371717473,0.002405208873553164,0.03786200911568173,0.006787120262437928,-0.0028716391755524593,0.005412818163527297,-0.007709073895515176,0.018415176527088024,0.010200194498447657,0.0005351984905195669,0.0034929557946034185,0.0170382349517834,0.02206645009442236,0.003792202745974544,-0.007128877970633945,0.007825766176438853,0.0018347067026848684,0.007843525230267406,0.011804402870183257,0.008595231662902563,0.005307982737286217,0.0015243673744469212,0.01571752839679884,0.005629072719837197,-0.0016469463107192223,0.002148904326888833,-0.002079047452260654,0.007906606500806445,0.0038633789677801245,0.0027680365249088054,0.0007040519500269613,0.005284005483527738,0.010616441520833065,0.0016371580187899896,-0.003326568429244111,0.005676960740762831,0.0020954952178681907,0.006820952896620479,0.013300487371717473,0.005307982737286217,0.013814025511211345,0.0021711175134953298,0.023040680847690273,0.005149082166049012,0.0003551222451415074,0.003336365831995665,-0.004717611107603091,0.00477541641135573,0.006123749834203348,-0.0011242000442334963,0.00364740450094477,0.006031124171012565,0.005678105123971643,0.0019771621122129193,0.0017517642938532758,0.0015090193351594114,0.0006698128348536006,0.0006545068610710516,0.002405208873553164,0.0015243673744469212,0.0021711175134953298,0.0037709314471266065,0.0012476792925332017,0.002251183110622508,0.00044699902176212304,1.160994337896567e-5,0.0004453918029741189,-0.0007770657518094799,0.0013417007506796648,0.0014317371858663412,0.000617488706921605,0.0011813154897652956,0.0016977945159386788,0.0008974018332735235,-0.015894551199925333,0.01704653019919662,0.004257206517054361,0.022928393816490228,0.03786200911568173,0.01571752839679884,0.023040680847690273,0.0012476792925332017,0.09025469309613662,0.02110285548364387,-0.0012447461999004585,0.01099804222349714,-0.004073564693070319,0.02371548209445364,0.01472349774004219,-0.0013263241218222708,0.0081888405447244,0.022252833570900896,0.02778677075115929,0.005531852345118923,-0.0038337759221885826,0.012272420526318587,0.0016478258213978299,0.01622786179424462,0.006787120262437928,0.005629072719837197,0.005149082166049012,0.002251183110622508,0.02110285548364387,0.036213149458451506,-0.0012575959617613774,-0.0009180566142179551,0.010946510323035723,0.010346620967011706,0.005423353930489305,0.00304447760924117,-0.0010209051217193459,0.007118548231272474,0.012431241115087997,0.0034442170296567665,0.004168716193215811,-0.004957057411872975,0.0009892747011044471,-0.011001636969075187,-0.0028716391755524593,-0.0016469463107192223,0.0003551222451415074,0.00044699902176212304,-0.0012447461999004585,-0.0012575959617613774,0.012457857696446837,-0.00017050394187117122,0.00122415262713219,-0.002589783785310968,-0.000714770129826445,0.0020692086700120297,-0.00048744068673676154,0.0010357877528305763,-0.007423754570071476,-0.003906886129711951,0.0009104618259092166,-0.0003962073417261046,0.0003507193199622572,0.0017527628477192404,0.005412818163527297,0.002148904326888833,0.003336365831995665,1.160994337896567e-5,0.01099804222349714,-0.0009180566142179551,-0.00017050394187117122,0.006322245861510963,-0.00507120919870489,0.003444402006777256,0.0022985676632425052,0.000277760934810114,0.0031031723591209114,-0.0014672553516927437,0.00476006154743827,0.0009175028837436311,0.004327561211059808,0.0016846128799625389,-0.00032771412785762824,-0.0010951893529458484,-0.007709073895515176,-0.002079047452260654,-0.004717611107603091,0.0004453918029741189,-0.004073564693070319,0.010946510323035723,0.00122415262713219,-0.00507120919870489,0.02099632971334572,0.0009718008542785289,-0.0007639422081951262,0.0006149872617201793,-0.005332492149785949,0.00704752750067118,0.00467462399360908,0.0004968491567254563,-0.010705457527065029,0.008099787622242987,0.002352263663544231,0.012413479671966666,0.018415176527088024,0.007906606500806445,0.00477541641135573,-0.0007770657518094799,0.02371548209445364,0.010346620967011706,-0.002589783785310968,0.003444402006777256,0.0009718008542785289,0.02966810651918442,0.005295522546036097,0.00026632503450104556,0.000621659827646616,0.010226550465754937,0.021548416032329522,0.002742946090853618,-0.0038839187967028028,0.0061687077578005955,0.0012683049273407017,0.0055813558140658855,0.010200194498447657,0.0038633789677801245,0.006123749834203348,0.0013417007506796648,0.01472349774004219,0.005423353930489305,-0.000714770129826445,0.0022985676632425052,-0.0007639422081951262,0.005295522546036097,0.007261670163963196,0.0010381323277497358,0.0019490924443832961,0.006336176295584485,0.0075198187177415825,0.0018570323049493772,-0.0059867725495625,0.005034542948736395,-0.00045937939158493765,-0.0011091542225201319,0.0005351984905195669,0.0027680365249088054,-0.0011242000442334963,0.0014317371858663412,-0.0013263241218222708,0.00304447760924117,0.0020692086700120297,0.000277760934810114,0.0006149872617201793,0.00026632503450104556,0.0010381323277497358,0.017917327476045738,0.0018308146512371567,0.0015425731115080769,-0.007467548327482861,-0.0031777768683805985,4.957481727713716e-6,0.001034918368496836,-0.0004207945691186497,0.0026407270362360756,0.0034929557946034185,0.0007040519500269613,0.00364740450094477,0.000617488706921605,0.0081888405447244,-0.0010209051217193459,-0.00048744068673676154,0.0031031723591209114,-0.005332492149785949,0.000621659827646616,0.0019490924443832961,0.0018308146512371567,0.008283130385511768,-0.0004768649246511475,-0.004665823807531756,0.00027808982680537105,-0.012950197351876778,0.010600835292430114,0.002053617394785677,0.0025258062884277593,0.0170382349517834,0.005284005483527738,0.006031124171012565,0.0011813154897652956,0.022252833570900896,0.007118548231272474,0.0010357877528305763,-0.0014672553516927437,0.00704752750067118,0.010226550465754937,0.006336176295584485,0.0015425731115080769,-0.0004768649246511475,0.02617094120686488,0.006656011452094613,5.139917827725481e-6,0.0018715306446553397,0.008080954087980673,0.005767066264534396,0.01915976342529753,0.02206645009442236,0.010616441520833065,0.005678105123971643,0.0016977945159386788,0.02778677075115929,0.012431241115087997,-0.007423754570071476,0.00476006154743827,0.00467462399360908,0.021548416032329522,0.0075198187177415825,-0.007467548327482861,-0.004665823807531756,0.006656011452094613,0.06827762457066297,0.009791040487281775,0.0016898625668398772,0.001442000465148783,0.00019564399984833294,0.005909516061180576,0.003792202745974544,0.0016371580187899896,0.0019771621122129193,0.0008974018332735235,0.005531852345118923,0.0034442170296567665,-0.003906886129711951,0.0009175028837436311,0.0004968491567254563,0.002742946090853618,0.0018570323049493772,-0.0031777768683805985,0.00027808982680537105,5.139917827725481e-6,0.009791040487281775,0.005601733644529574
0.027129044482127728,0.00730306996228234,-0.0011565767843851678,0.003200670218498961,0.0063700521509744,0.002455210341797101,0.0005146851163936529,0.001679749050780427,-0.00772697828979961,-0.003719234629114946,0.00499189259942198,0.0008537519155908734,0.004917578858909974,0.0028900241294073786,0.0031124246046167862,-0.001674269106872059,0.0018881045656822042,0.00047062577781006225,0.00532600019951507,0.000568336488047253,0.00730306996228234,0.02049499949223693,0.001709728286203674,0.003666651518865441,0.0032681299328675643,0.0012405677985628917,0.002961923525264209,-0.0008390088950259739,0.003492756582193903,3.0119837204495936e-5,-0.000608166800338969,0.0006566599561542987,0.0019955624738708854,0.0006210697952960853,-0.001011088642241568,0.0004483068399646616,-0.0008138505795373119,-0.002583881052035944,-0.001430206151981383,-4.582725470432721e-5,-0.0011565767843851678,0.001709728286203674,0.0036145637265778074,0.0016242737286576892,-0.0010179711508033831,-0.0002512522319853669,0.0002455880058362782,-0.0013156874737224008,0.006125538216944932,0.0010436226892049957,-0.0011302069370575242,-0.0013893253861460694,-0.0014847199228558792,0.0024180950902886493,-0.00041053557520624647,0.0013351252659834808,0.0002464096199909192,-0.0019753992858331593,-0.004061995860630098,0.0010430126016067207,0.003200670218498961,0.003666651518865441,0.0016242737286576892,0.02321395075019167,0.0003294553646211783,0.003909766075599164,-0.002216690296452288,0.005103372586900825,0.0047725854003236,-0.0013707130151111115,0.0014479116345698685,-0.00045204946413630886,0.0010342080165170076,0.007988656835815636,0.001448817350085336,0.0006127937912189234,-0.0011952701785980006,-0.0022706373933944358,-0.0017819116370995274,-0.00031242476712467254,0.0063700521509744,0.0032681299328675643,-0.0010179711508033831,0.0003294553646211783,0.02406566309392484,0.004404328436333205,0.0011163574032775972,0.003376375437778977,-0.004971090925186999,0.00023788264079680285,-7.484252864715882e-6,0.0013095500921652076,0.005251009417927244,-0.0018689022530642592,0.0014734243534439708,-0.004286924955292924,0.0013311421776279675,-0.0017004700801990257,0.00848568156466463,-0.0018424517650238326,0.002455210341797101,0.0012405677985628917,-0.0002512522319853669,0.003909766075599164,0.004404328436333205,0.0071100329510541856,9.578786467854041e-5,0.0043561083739324415,-0.0012643924792883217,5.422425669454214e-5,0.0029511966420947885,0.0008986289157326157,0.0038993357970412102,0.001651037997004994,0.001039822984838184,-0.002972071003745171,0.00016281444906483816,0.0006952210846737896,0.0056442863727230366,-0.0007921576326181483,0.0005146851163936529,0.002961923525264209,0.0002455880058362782,-0.002216690296452288,0.0011163574032775972,9.578786467854041e-5,0.008437517311691903,-0.000697384897842318,0.0016440682102966874,-0.00031922615565425666,-0.00014657254914760551,0.001225716066383966,0.0019229766672998023,-0.0006367476067975071,-0.0013589273948763103,-0.00046079272651856223,0.0012360740160327057,0.0005174948853101488,0.004349465645033513,0.0018286807089200224,0.001679749050780427,-0.0008390088950259739,-0.0013156874737224008,0.005103372586900825,0.003376375437778977,0.0043561083739324415,-0.000697384897842318,0.0074249542898433335,-0.0027533234190387883,-0.002574551145624963,0.00313496198614773,0.001825194468223595,0.0034082465302404203,0.00213046087796289,0.0006163553093123351,-0.0031725245139091005,-0.0013493824668003589,0.0012519394586547627,0.0053261515109802125,-0.0018592571587693649,-0.00772697828979961,0.003492756582193903,0.006125538216944932,0.0047725854003236,-0.004971090925186999,-0.0012643924792883217,0.0016440682102966874,-0.0027533234190387883,0.04717178860009793,0.0027889240336053628,-0.006285525134810807,-0.0016411409520676824,-0.004302026290360184,0.0012835554424110178,-0.003970324279327468,0.0034511614660201013,-0.00021078548603560112,-0.0034699312888188923,-0.00830012536119571,0.0010958318750279407,-0.003719234629114946,3.0119837204495936e-5,0.0010436226892049957,-0.0013707130151111115,0.00023788264079680285,5.422425669454214e-5,-0.00031922615565425666,-0.002574551145624963,0.0027889240336053628,0.021981621467136708,-0.001511328995603102,-0.0005742495836970041,-0.0008393620650290357,-0.004143315743121007,0.0003783791925150771,0.0048973984701531385,0.0024485652681382275,0.0029932213203280374,-0.00411780839898681,0.0026639808437457693,0.00499189259942198,-0.000608166800338969,-0.0011302069370575242,0.0014479116345698685,-7.484252864715882e-6,0.0029511966420947885,-0.00014657254914760551,0.00313496198614773,-0.006285525134810807,-0.001511328995603102,0.012760645033023658,9.540909755715636e-5,0.0029526829479950183,0.0013925268702746976,0.0016430011597266159,-6.368497463734777e-5,-0.001547647946765855,0.0006206654151310243,0.005089633102780412,0.0007245586388940288,0.0008537519155908734,0.0006566599561542987,-0.0013893253861460694,-0.00045204946413630886,0.0013095500921652076,0.0008986289157326157,0.001225716066383966,0.001825194468223595,-0.0016411409520676824,-0.0005742495836970041,9.540909755715636e-5,0.004633215449155627,0.0024831665609618926,-0.0006028878978509971,-0.0006144764910778931,-0.0018823998835848165,0.0002908191731893694,0.0011914935714725798,0.00446378147866364,-0.0009059166056931607,0.004917578858909974,0.0019955624738708854,-0.0014847199228558792,0.0010342080165170076,0.005251009417927244,0.0038993357970412102,0.0019229766672998023,0.0034082465302404203,-0.004302026290360184,-0.0008393620650290357,0.0029526829479950183,0.0024831665609618926,0.012672290192622011,8.562107357563263e-5,0.0002421146784157873,-0.0020468655898827053,0.0008776675453113663,0.0008973165679259911,0.009545876466720024,-0.0001422100460116733,0.0028900241294073786,0.0006210697952960853,0.0024180950902886493,0.007988656835815636,-0.0018689022530642592,0.001651037997004994,-0.0006367476067975071,0.00213046087796289,0.0012835554424110178,-0.004143315743121007,0.0013925268702746976,-0.0006028878978509971,8.562107357563263e-5,0.02339699084546558,0.0018569932789721574,0.0014076633954474018,0.0006110938598728563,-0.004464853762532211,0.001558418702834981,0.00030953821748287225,0.0031124246046167862,-0.001011088642241568,-0.00041053557520624647,0.001448817350085336,0.0014734243534439708,0.001039822984838184,-0.0013589273948763103,0.0006163553093123351,-0.003970324279327468,0.0003783791925150771,0.0016430011597266159,-0.0006144764910778931,0.0002421146784157873,0.0018569932789721574,0.005167253199260842,8.288722362077085e-6,0.0014814752171206352,0.0003325880642219827,0.004023402049433531,-0.00019853640022617834,-0.001674269106872059,0.0004483068399646616,0.0013351252659834808,0.0006127937912189234,-0.004286924955292924,-0.002972071003745171,-0.00046079272651856223,-0.0031725245139091005,0.0034511614660201013,0.0048973984701531385,-6.368497463734777e-5,-0.0018823998835848165,-0.0020468655898827053,0.0014076633954474018,8.288722362077085e-6,0.018104518182041826,0.0011380346412944143,-0.00030356661381207166,-0.007731201519207515,0.0015516861528204744,0.0018881045656822042,-0.0008138505795373119,0.0002464096199909192,-0.0011952701785980006,0.0013311421776279675,0.00016281444906483816,0.0012360740160327057,-0.0013493824668003589,-0.00021078548603560112,0.0024485652681382275,-0.001547647946765855,0.0002908191731893694,0.0008776675453113663,0.0006110938598728563,0.0014814752171206352,0.0011380346412944143,0.006175771230850452,0.0011996316317907322,0.004756657294015903,0.0004699525444548207,0.00047062577781006225,-0.002583881052035944,-0.0019753992858331593,-0.0022706373933944358,-0.0017004700801990257,0.0006952210846737896,0.0005174948853101488,0.0012519394586547627,-0.0034699312888188923,0.0029932213203280374,0.0006206654151310243,0.0011914935714725798,0.0008973165679259911,-0.004464853762532211,0.0003325880642219827,-0.00030356661381207166,0.0011996316317907322,0.010425261294346842,0.0030555531556785307,4.373559214124438e-6,0.00532600019951507,-0.001430206151981383,-0.004061995860630098,-0.0017819116370995274,0.00848568156466463,0.0056442863727230366,0.004349465645033513,0.0053261515109802125,-0.00830012536119571,-0.00411780839898681,0.005089633102780412,0.00446378147866364,0.009545876466720024,0.001558418702834981,0.004023402049433531,-0.007731201519207515,0.004756657294015903,0.0030555531556785307,0.04627405939838528,-0.00042123827596530074,0.000568336488047253,-4.582725470432721e-5,0.0010430126016067207,-0.00031242476712467254,-0.0018424517650238326,-0.0007921576326181483,0.0018286807089200224,-0.0018592571587693649,0.0010958318750279407,0.0026639808437457693,0.0007245586388940288,-0.0009059166056931607,-0.0001422100460116733,0.00030953821748287225,-0.00019853640022617834,0.0015516861528204744,0.0004699525444548207,4.373559214124438e-6,-0.00042123827596530074,0.0044178993802440215
