0.030206104131133307,0.005237390051972346,-0.0001900452028581958,-0.008448505798044629,0.000151582514315276,0.00039814375708878115,0.0073357043355247575,3.978873202634783e-5,0.005061693003508719,-0.008020257504955743,0.010053236974456245,0.0024218045550002277,0.0035290112559581647,-0.0005830661172665159,0.0004887395390360968,-0.0017116149608105628,0.0014657074326189883,0.010795421305884855,0.013150231645685302,-0.003623687202750349,0.005237390051972346,0.015727638468239928,0.0001304186745169385,-0.0001992896054685285,0.0007225300116726525,-0.00013922221387810082,0.00048202391946205157,0.0009208185288441012,0.004885386188436406,-0.0015298551243878352,0.00518611687370382,0.001897229780991615,0.00040998978496877675,0.0025642194796606736,0.0002756871221239332,0.0012144536006081096,0.002877192471809554,0.002311135503674227,0.011940069500199518,-0.0004524968971237275,-0.0001900452028581958,0.0001304186745169385,0.002047500704516788,0.0010895437512805466,-0.0010787705455407306,0.000316517210627354,0.00017132036059645177,-0.0001619541204579873,0.002404268409966301,0.0005523815668238243,-0.00011327347022374454,-0.00013074708267178387,0.00015786955952060676,-0.0006499368846510306,2.5892125325153367e-5,0.00018111956995403952,0.00041121277697702785,-0.0005636681591919381,-0.0009720328971420238,-0.00018281795100058652,-0.008448505798044629,-0.0001992896054685285,0.0010895437512805466,0.025127397255415195,0.001924201087818199,-0.00026517021369349883,-0.0031796412224935466,-0.0015563523319680394,0.004247407189366026,0.004814269645826127,-0.006285585333153043,-0.0010892454064196219,0.00015418572980585408,0.001969829794821413,0.0020535864981388865,-0.00019817436924949417,0.0017693476425334215,-0.005778783406323465,-6.703156355125539e-5,0.0036689195567783397,0.000151582514315276,0.0007225300116726525,-0.0010787705455407306,0.001924201087818199,0.021961616744886593,0.0009184000744251548,-0.0015305689281240509,-0.0005092611288659405,-0.0013230613486202294,0.0028982402176906943,0.000610399675104478,0.0003911027129394958,0.0008087213419301658,0.002906672961123501,-0.0014641423442025392,0.002093690400586318,-2.7086087846422713e-5,-0.0015026839936391236,0.002415990255758246,0.0004522800771975281,0.00039814375708878115,-0.00013922221387810082,0.000316517210627354,-0.00026517021369349883,0.0009184000744251548,0.004484308120918665,0.00025189363288599973,0.0013702130762721547,0.002172084273447927,0.00032033779991448976,-0.00011357061255702611,0.00033741057490960496,0.000934684300481142,-0.00020065786979508397,-0.0008005632304247438,0.0007000797315437046,0.0006318302653248265,0.001198051689151362,-0.0012216204302430951,2.8881268583269083e-6,0.0073357043355247575,0.00048202391946205157,0.00017132036059645177,-0.0031796412224935466,-0.0015305689281240509,0.00025189363288599973,0.0088591836145683,-0.0003266204581997068,-0.00096721153294079,-0.0034137941976723207,0.0028294969482835024,0.0019483043932375392,0.0018060735172385157,0.00021443303680110295,0.001598293875867632,-0.002344273685161312,0.0008420171892609656,0.0035699810941269006,0.005868402382693771,-0.0005968454531646828,3.978873202634783e-5,0.0009208185288441012,-0.0001619541204579873,-0.0015563523319680394,-0.0005092611288659405,0.0013702130762721547,-0.0003266204581997068,0.0034164002875993102,0.0006343749194720725,0.0007889737178605666,0.0008281894890120974,0.0007549110911105038,0.0009573929763605161,-0.00011088420424400618,-0.00026285849074336975,0.0001734085315350091,0.0007278736339252523,0.0017933919285954751,0.002454990201076366,0.0006571504737614106,0.005061693003508719,0.004885386188436406,0.002404268409966301,0.004247407189366026,-0.0013230613486202294,0.002172084273447927,-0.00096721153294079,0.0006343749194720725,0.04084396137994774,0.0030476528078944923,0.0006563412793894281,-0.0024849032978727552,0.0018627678859668793,-0.0015445021262826153,-0.0006072558796192458,0.0005796471227116385,0.004744474653158491,0.004147641063201396,0.0013126709756590663,-0.0013989994313462466,-0.008020257504955743,-0.0015298551243878352,0.0005523815668238243,0.004814269645826127,0.0028982402176906943,0.00032033779991448976,-0.0034137941976723207,0.0007889737178605666,0.0030476528078944923,0.02992757044867419,-0.00673874737366381,-0.005403183770935961,-0.0009726954817229011,0.0006703161033242678,0.0019355724699105631,-0.005307238574549052,0.0011103612300126977,-0.009330201673963381,-0.008952387658626217,0.004805896049457452,0.010053236974456245,0.00518611687370382,-0.00011327347022374454,-0.006285585333153043,0.000610399675104478,-0.00011357061255702611,0.0028294969482835024,0.0008281894890120974,0.0006563412793894281,-0.00673874737366381,0.015612272925505348,0.0034859128674970914,0.00117931255145904,0.0025471315719465667,0.0005775663528576197,0.0012311406166785636,0.0007383014465530036,0.004406806654966991,0.016195523048847228,-0.0013150436162286587,0.0024218045550002277,0.001897229780991615,-0.00013074708267178387,-0.0010892454064196219,0.0003911027129394958,0.00033741057490960496,0.0019483043932375392,0.0007549110911105038,-0.0024849032978727552,-0.005403183770935961,0.0034859128674970914,0.0055531016803654866,0.001229319136433603,0.0019316239160415125,-0.0005485466018548867,0.00024048230479524875,0.0004400741291587354,0.0019120585898060151,0.008023137412444366,-0.0009545878628458488,0.0035290112559581647,0.00040998978496877675,0.00015786955952060676,0.00015418572980585408,0.0008087213419301658,0.000934684300481142,0.0018060735172385157,0.0009573929763605161,0.0018627678859668793,-0.0009726954817229011,0.00117931255145904,0.001229319136433603,0.010232545135104291,-0.0006482896261860722,0.0013714705286115014,6.00535065376424e-5,0.0013537203633504236,0.0013384228945249594,0.006455062310037205,0.0003280565812917493,-0.0005830661172665159,0.0025642194796606736,-0.0006499368846510306,0.001969829794821413,0.002906672961123501,-0.00020065786979508397,0.00021443303680110295,-0.00011088420424400618,-0.0015445021262826153,0.0006703161033242678,0.0025471315719465667,0.0019316239160415125,-0.0006482896261860722,0.018208871895637916,8.400124199176457e-5,0.0005939067800245932,-0.0008027154291435345,-0.0009051642241688041,0.008581378109498876,0.0008093268992067254,0.0004887395390360968,0.0002756871221239332,2.5892125325153367e-5,0.0020535864981388865,-0.0014641423442025392,-0.0008005632304247438,0.001598293875867632,-0.00026285849074336975,-0.0006072558796192458,0.0019355724699105631,0.0005775663528576197,-0.0005485466018548867,0.0013714705286115014,8.400124199176457e-5,0.005518754481140848,-0.0020566077341333472,0.0013089685170331298,-0.001339542009420505,0.006156671346559568,0.0016468811364430318,-0.0017116149608105628,0.0012144536006081096,0.00018111956995403952,-0.00019817436924949417,0.002093690400586318,0.0007000797315437046,-0.002344273685161312,0.0001734085315350091,0.0005796471227116385,-0.005307238574549052,0.0012311406166785636,0.00024048230479524875,6.00535065376424e-5,0.0005939067800245932,-0.0020566077341333472,0.019670734505817317,-0.00128360916648572,0.005086128121028938,-0.004441578569456895,-0.0010982435244183257,0.0014657074326189883,0.002877192471809554,0.00041121277697702785,0.0017693476425334215,-2.7086087846422713e-5,0.0006318302653248265,0.0008420171892609656,0.0007278736339252523,0.004744474653158491,0.0011103612300126977,0.0007383014465530036,0.0004400741291587354,0.0013537203633504236,-0.0008027154291435345,0.0013089685170331298,-0.00128360916648572,0.0053511938122173305,0.0005649160595215484,0.005723967835158729,0.00014678066408980203,0.010795421305884855,0.002311135503674227,-0.0005636681591919381,-0.005778783406323465,-0.0015026839936391236,0.001198051689151362,0.0035699810941269006,0.0017933919285954751,0.004147641063201396,-0.009330201673963381,0.004406806654966991,0.0019120585898060151,0.0013384228945249594,-0.0009051642241688041,-0.001339542009420505,0.005086128121028938,0.0005649160595215484,0.018376766761439917,0.006022079803403711,-0.003047102134246465,0.013150231645685302,0.011940069500199518,-0.0009720328971420238,-6.703156355125539e-5,0.002415990255758246,-0.0012216204302430951,0.005868402382693771,0.002454990201076366,0.0013126709756590663,-0.008952387658626217,0.016195523048847228,0.008023137412444366,0.006455062310037205,0.008581378109498876,0.006156671346559568,-0.004441578569456895,0.005723967835158729,0.006022079803403711,0.05949473321483484,0.0001868918048840774,-0.003623687202750349,-0.0004524968971237275,-0.00018281795100058652,0.0036689195567783397,0.0004522800771975281,2.8881268583269083e-6,-0.0005968454531646828,0.0006571504737614106,-0.0013989994313462466,0.004805896049457452,-0.0013150436162286587,-0.0009545878628458488,0.0003280565812917493,0.0008093268992067254,0.0016468811364430318,-0.0010982435244183257,0.00014678066408980203,-0.003047102134246465,0.0001868918048840774,0.00476964667149722
0.039746020976908804,-0.01034703197625565,0.0017615369800222818,0.0021457539704438458,-0.01602724631987175,-0.0035755114617593096,-0.00044100143508916695,0.005361554263757621,-0.025125835933608214,-0.010851874919877377,-0.0001103094187571263,0.00014384729772710724,-0.004324278931982284,-0.01658013302952513,-0.004551673069457356,-0.00030446770894208765,0.003411771190156637,-0.019219677316063805,0.006606400865773925,0.0034396901391693744,-0.01034703197625565,0.02092710478366187,-0.0006229573390273939,0.00977272786592739,0.010615402862616963,0.005662754611077527,0.003774662969370065,-0.0010129125768589993,0.023888037610204867,0.009841056973499945,-0.001680462421919814,0.0010668670794084564,0.0026160270192153966,0.008456673760615362,0.004564491190950415,0.0026202668694400525,-0.0020604654234709983,0.008155667049531662,0.005358557176513059,-0.0007334384778298077,0.0017615369800222818,-0.0006229573390273939,0.0022848630297586667,0.00048100971324337253,0.00026899824757044396,-7.69618641880858e-5,0.0004458503994451739,0.00040108356196674353,-0.0010704279499721822,0.000734089622351188,0.0012093544680823842,0.0005162377065508869,-0.0006033532818456668,0.0008809196620875023,0.00015018627362756133,0.0006971266758844931,0.0008136046732339307,-0.00048462979302292444,-0.001334454219186426,0.0006846915410874208,0.0021457539704438458,0.00977272786592739,0.00048100971324337253,0.03009791329536883,0.004192929229658931,0.005047380516495616,0.010650679749680005,0.003240390350237994,0.024851681120926616,0.010514791355666152,-0.002575196756287263,0.000938473429350176,0.0006638211826303146,-0.0004238930664448866,0.0034155224278146685,-0.0007162641422796983,-0.0012131045257501544,0.0026542035889203248,0.014197249054738152,0.0008130910415247554,-0.01602724631987175,0.010615402862616963,0.00026899824757044396,0.004192929229658931,0.028503521755415612,0.003683690112490594,0.0023057080953315305,-0.0009096796423955073,0.026725529564224176,0.009040024580183121,0.0005316933162128911,0.0024904589405931156,0.0028488689630732744,0.012863083341185319,0.004373445786141569,0.0015659919491899748,-0.0009442618290009433,0.011033767993832433,-0.0025393497379947974,0.0012080644508720697,-0.0035755114617593096,0.005662754611077527,-7.69618641880858e-5,0.005047380516495616,0.003683690112490594,0.005606411349858749,0.0028607060251516396,0.00014079490050263282,0.012246868741299669,0.005452552697960121,-0.000826105652843969,0.0012124658788524195,0.00027029272549742005,0.0035746861047429492,0.0022040645328586595,0.00200078787212228,-0.00026427019293260407,0.0031903230110267465,0.004197314637812261,0.0001508090246709629,-0.00044100143508916695,0.003774662969370065,0.0004458503994451739,0.010650679749680005,0.0023057080953315305,0.0028607060251516396,0.015002354265854105,0.001413299141464926,0.01940666218281241,0.009167635893283288,2.819489676560359e-6,7.213123535388486e-5,-0.001121532737025159,-0.0031494667526471443,0.003183974959174064,0.0003051015832592249,0.0009474816167028354,0.003548259044993501,0.012418369379776823,0.002080225115944133,0.005361554263757621,-0.0010129125768589993,0.00040108356196674353,0.003240390350237994,-0.0009096796423955073,0.00014079490050263282,0.001413299141464926,0.0037868137224981373,-0.0014891027959241753,-0.00014943284120129082,1.9563124602573663e-5,0.0007252682631282611,-0.0014941612136008552,-0.0030690225380356076,-5.316331823202888e-6,-7.856066043909594e-5,0.0004866831368987626,-0.002681328280439265,0.0016802333752506914,0.0003847551537840778,-0.025125835933608214,0.023888037610204867,-0.0010704279499721822,0.024851681120926616,0.026725529564224176,0.012246868741299669,0.01940666218281241,-0.0014891027959241753,0.10270870479320524,0.021064428664747822,-0.005162206704045662,0.003990553694283871,0.006014029191084089,0.01674151686205619,0.009107472482628397,0.0042789069332349015,-0.0017390386321101976,0.026256360496778056,0.024898593160492505,0.003779510653437468,-0.010851874919877377,0.009841056973499945,0.000734089622351188,0.010514791355666152,0.009040024580183121,0.005452552697960121,0.009167635893283288,-0.00014943284120129082,0.021064428664747822,0.03233938231836144,0.005067148670724874,0.003910976167218163,0.004985677184575725,0.0047116880871171316,0.0076850447219827265,0.002963677464147597,0.0007915290910307244,0.011571756682353824,0.00406168336595553,-0.00022146881015570083,-0.0001103094187571263,-0.001680462421919814,0.0012093544680823842,-0.002575196756287263,0.0005316933162128911,-0.000826105652843969,2.819489676560359e-6,1.9563124602573663e-5,-0.005162206704045662,0.005067148670724874,0.01004810276233124,0.0012961090217105753,0.0008184099914423221,8.495709933671093e-5,0.0022471039438688905,0.0016938450784920625,0.0021119936572959646,0.001127171682488591,-0.007087623818326198,-0.0010767214327650856,0.00014384729772710724,0.0010668670794084564,0.0005162377065508869,0.000938473429350176,0.0024904589405931156,0.0012124658788524195,7.213123535388486e-5,0.0007252682631282611,0.003990553694283871,0.003910976167218163,0.0012961090217105753,0.005570130446632512,-0.0003731868131359489,0.0023899208971428767,0.0022060577293511246,0.001534231358258842,0.0006608526331138998,0.00023508347667252952,-0.0016836351328356196,-5.141408018951896e-6,-0.004324278931982284,0.0026160270192153966,-0.0006033532818456668,0.0006638211826303146,0.0028488689630732744,0.00027029272549742005,-0.001121532737025159,-0.0014941612136008552,0.006014029191084089,0.004985677184575725,0.0008184099914423221,-0.0003731868131359489,0.013124849529374556,0.003562053887026193,0.001134258555649723,0.0011803366222842408,-0.0006625129318751505,0.005382026212082492,0.002198679406651435,-0.0008157417480743657,-0.01658013302952513,0.008456673760615362,0.0008809196620875023,-0.0004238930664448866,0.012863083341185319,0.0035746861047429492,-0.0031494667526471443,-0.0030690225380356076,0.01674151686205619,0.0047116880871171316,8.495709933671093e-5,0.0023899208971428767,0.003562053887026193,0.026316856478717503,0.002084776483013113,0.004721138635366662,-0.0004417934853157021,0.010860306253542801,-0.008815420142925192,-0.0007439714363800748,-0.004551673069457356,0.004564491190950415,0.00015018627362756133,0.0034155224278146685,0.004373445786141569,0.0022040645328586595,0.003183974959174064,-5.316331823202888e-6,0.009107472482628397,0.0076850447219827265,0.0022471039438688905,0.0022060577293511246,0.001134258555649723,0.002084776483013113,0.006493419022097966,0.0008695647737769743,0.0002740050057902678,0.005300331472777347,-0.0009143795792111852,-0.0008245769339041348,-0.00030446770894208765,0.0026202668694400525,0.0006971266758844931,-0.0007162641422796983,0.0015659919491899748,0.00200078787212228,0.0003051015832592249,-7.856066043909594e-5,0.0042789069332349015,0.002963677464147597,0.0016938450784920625,0.001534231358258842,0.0011803366222842408,0.004721138635366662,0.0008695647737769743,0.015726474680648223,0.0024067067430742616,1.3832631749860252e-5,-0.004325491487571757,-0.0005754071798445515,0.003411771190156637,-0.0020604654234709983,0.0008136046732339307,-0.0012131045257501544,-0.0009442618290009433,-0.00026427019293260407,0.0009474816167028354,0.0004866831368987626,-0.0017390386321101976,0.0007915290910307244,0.0021119936572959646,0.0006608526331138998,-0.0006625129318751505,-0.0004417934853157021,0.0002740050057902678,0.0024067067430742616,0.004793552963727969,-0.0009559631576442838,-0.0005194757868653931,0.000757479389410215,-0.019219677316063805,0.008155667049531662,-0.00048462979302292444,0.0026542035889203248,0.011033767993832433,0.0031903230110267465,0.003548259044993501,-0.002681328280439265,0.026256360496778056,0.011571756682353824,0.001127171682488591,0.00023508347667252952,0.005382026212082492,0.010860306253542801,0.005300331472777347,1.3832631749860252e-5,-0.0009559631576442838,0.02386206774147903,-0.0030204948365862043,-0.0005956649435864277,0.006606400865773925,0.005358557176513059,-0.001334454219186426,0.014197249054738152,-0.0025393497379947974,0.004197314637812261,0.012418369379776823,0.0016802333752506914,0.024898593160492505,0.00406168336595553,-0.007087623818326198,-0.0016836351328356196,0.002198679406651435,-0.008815420142925192,-0.0009143795792111852,-0.004325491487571757,-0.0005194757868653931,-0.0030204948365862043,0.05805122229290235,0.0033392178477297087,0.0034396901391693744,-0.0007334384778298077,0.0006846915410874208,0.0008130910415247554,0.0012080644508720697,0.0001508090246709629,0.002080225115944133,0.0003847551537840778,0.003779510653437468,-0.00022146881015570083,-0.0010767214327650856,-5.141408018951896e-6,-0.0008157417480743657,-0.0007439714363800748,-0.0008245769339041348,-0.0005754071798445515,0.000757479389410215,-0.0005956649435864277,0.0033392178477297087,0.003976164927950055
0.029256921669778814,0.012124288775648192,0.0010793142086880647,0.0027492205014533937,0.002451350909058246,0.0033539550702964996,-0.0027437064221870542,0.0018330841642626482,-0.002280564352762039,-0.002806574207135254,0.003155368735889238,0.0017144011738651397,0.0007480875752049033,0.001191639698945317,0.004502320558416702,-0.0010999612444550964,0.0015539231843758891,-0.00021767503846093525,0.00190962161252487,-0.0019328466782071588,0.012124288775648192,0.02465182228035474,0.0024806111796190937,-0.0007128352463482704,0.009158892927209294,0.007122267042058218,-0.000611075265372232,0.001056325282863898,-0.005693996710772165,0.009158242587204414,0.004916370759931812,-0.0002681652888528338,0.0026186603335369664,-0.008563923975877482,0.004443750729451374,-0.0035328178761892008,0.0008762730525026983,0.0006747391255470952,-0.003350855509470292,0.0009904808523995353,0.0010793142086880647,0.0024806111796190937,0.002487988753511431,0.002210227669525487,0.0017232094426994776,0.00210041067802779,-0.0006029116403948048,0.0011087494059561277,-0.0024322166694885827,-0.0005685345432922838,0.0020784825308078425,-0.0004273850826119035,0.0016644757971591064,-0.0017869449794922247,0.0006836946927558442,-0.0005455721386693407,0.00012590870590368185,5.3082044982592776e-5,-0.00044729706131499636,0.000752115010797968,0.0027492205014533937,-0.0007128352463482704,0.002210227669525487,0.02171220755518093,0.002112534930850114,0.005019051908694386,0.0004944967806052674,0.0030854754729029393,-0.0024752178377530393,-0.005794973476495907,0.006169015692924116,-0.0018801856028881755,0.0035522460796519623,-0.0003158704413892672,-0.0008145975754404423,0.000926862543697185,0.000913981371644334,-0.002511377741376111,-0.0006234215410477144,0.0005632536605598357,0.002451350909058246,0.009158892927209294,0.0017232094426994776,0.002112534930850114,0.037097763020122534,0.007451389554581176,0.00476295195385546,0.0020163416839415554,0.010898243417596803,0.015015259830602255,-0.0031806114067596666,0.002597930132449965,0.010289656205733147,-0.003952491856923022,-0.001550903649259671,0.00027569555699597897,0.002817388049603072,0.0005011722332132179,0.0027170898614774725,0.0012450873676858655,0.0033539550702964996,0.007122267042058218,0.00210041067802779,0.005019051908694386,0.007451389554581176,0.009328710786025863,-0.001032437081210758,0.002123319932686048,0.0005723219012125217,0.00039965234093651715,0.0037070556168955302,-0.0006243770649674002,0.004306737635650409,-0.002116084127795782,0.0005810206790685683,-0.005055581049753598,0.0009681242626889293,-0.0003986614299361505,-0.0032330628456642297,0.0008067156855130744,-0.0027437064221870542,-0.000611075265372232,-0.0006029116403948048,0.0004944967806052674,0.00476295195385546,-0.001032437081210758,0.009781885734497816,0.00045224170066406695,0.0032818151300151592,0.006240905822428058,-0.0004789956368331647,0.0006349662933710846,0.004153438559305802,0.004914890787522365,-0.0018334009172980188,0.004579496209348902,0.001462084485100127,-0.00017893563996053337,0.005917770538572146,0.0007772304066418396,0.0018330841642626482,0.001056325282863898,0.0011087494059561277,0.0030854754729029393,0.0020163416839415554,0.002123319932686048,0.00045224170066406695,0.0037801169918173167,0.0024953321616735143,-0.0017107056619316999,0.001754571812913607,0.0005724038949436337,0.002285151750302505,0.002909911378550115,0.0003527922649780187,-0.000793538591379885,0.0005630421535819214,0.0004242215158318068,0.0009072906288507617,-0.0002885854081394335,-0.002280564352762039,-0.005693996710772165,-0.0024322166694885827,-0.0024752178377530393,0.010898243417596803,0.0005723219012125217,0.0032818151300151592,0.0024953321616735143,0.05487322290235392,0.015972383435369372,-0.007492564893837195,0.007058758033741988,-0.00043319302556746146,0.016114864534658428,-0.002664108215754521,0.00046563947801363367,0.005798843761510893,0.007539017669185558,0.006182422167446108,-0.001864627783730738,-0.002806574207135254,0.009158242587204414,-0.0005685345432922838,-0.005794973476495907,0.015015259830602255,0.00039965234093651715,0.006240905822428058,-0.0017107056619316999,0.015972383435369372,0.04341564731157251,-0.003515584596748857,0.0028916791059883425,-0.0006661446818736097,-0.0011343965980760385,-0.00044245307834335403,0.007627880783797709,0.004658428102670517,0.009028983066614552,0.0024144188457207575,0.0026399125780087467,0.003155368735889238,0.004916370759931812,0.0020784825308078425,0.006169015692924116,-0.0031806114067596666,0.0037070556168955302,-0.0004789956368331647,0.001754571812913607,-0.007492564893837195,-0.003515584596748857,0.014244732513434897,-0.0023430799707740736,0.004548133458142166,-0.0005722540773008885,0.0015844024799077545,-0.0021347387556742707,-0.0012254723592144885,-0.0006912242676004436,-9.55194853561628e-5,0.0012174978618936661,0.0017144011738651397,-0.0002681652888528338,-0.0004273850826119035,-0.0018801856028881755,0.002597930132449965,-0.0006243770649674002,0.0006349662933710846,0.0005724038949436337,0.007058758033741988,0.0028916791059883425,-0.0023430799707740736,0.004872866079884337,-0.00015071301905906446,0.003911408187360674,0.0002749959601062662,-7.261967172533373e-5,0.0007020679236914744,0.0023556252276584516,0.0015310729569308103,-0.0003320737769655415,0.0007480875752049033,0.0026186603335369664,0.0016644757971591064,0.0035522460796519623,0.010289656205733147,0.004306737635650409,0.004153438559305802,0.002285151750302505,-0.00043319302556746146,-0.0006661446818736097,0.004548133458142166,-0.00015071301905906446,0.016238462865237474,0.00010438174823654416,-0.002122951462464439,0.000679844989601362,0.0015224605418184193,-0.001381749960824217,0.004250167017634076,0.001601549123413326,0.001191639698945317,-0.008563923975877482,-0.0017869449794922247,-0.0003158704413892672,-0.003952491856923022,-0.002116084127795782,0.004914890787522365,0.002909911378550115,0.016114864534658428,-0.0011343965980760385,-0.0005722540773008885,0.003911408187360674,0.00010438174823654416,0.03786518587923056,-0.0022377718242789306,-0.0045991783313012865,0.002528944242824114,0.0008501155404567516,0.010495153813593193,-0.001498162353434811,0.004502320558416702,0.004443750729451374,0.0006836946927558442,-0.0008145975754404423,-0.001550903649259671,0.0005810206790685683,-0.0018334009172980188,0.0003527922649780187,-0.002664108215754521,-0.00044245307834335403,0.0015844024799077545,0.0002749959601062662,-0.002122951462464439,-0.0022377718242789306,0.006527076366345648,0.0002789781700891492,-0.0008551284180729887,0.0009095336906099014,-0.0007853632930891392,0.0009524611727699981,-0.0010999612444550964,-0.0035328178761892008,-0.0005455721386693407,0.000926862543697185,0.00027569555699597897,-0.005055581049753598,0.004579496209348902,-0.000793538591379885,0.00046563947801363367,0.007627880783797709,-0.0021347387556742707,-7.261967172533373e-5,0.000679844989601362,-0.0045991783313012865,0.0002789781700891492,0.019735839725418487,0.002361377041868379,0.0009828485102730627,0.006973713980696701,0.0005391961833227024,0.0015539231843758891,0.0008762730525026983,0.00012590870590368185,0.000913981371644334,0.002817388049603072,0.0009681242626889293,0.001462084485100127,0.0005630421535819214,0.005798843761510893,0.004658428102670517,-0.0012254723592144885,0.0007020679236914744,0.0015224605418184193,0.002528944242824114,-0.0008551284180729887,0.002361377041868379,0.005526354447945718,0.0019805426727328695,0.0023739835732769932,0.00019752113310131028,-0.00021767503846093525,0.0006747391255470952,5.3082044982592776e-5,-0.002511377741376111,0.0005011722332132179,-0.0003986614299361505,-0.00017893563996053337,0.0004242215158318068,0.007539017669185558,0.009028983066614552,-0.0006912242676004436,0.0023556252276584516,-0.001381749960824217,0.0008501155404567516,0.0009095336906099014,0.0009828485102730627,0.0019805426727328695,0.01270906546853387,0.00016584096565646728,0.0011733650448605385,0.00190962161252487,-0.003350855509470292,-0.00044729706131499636,-0.0006234215410477144,0.0027170898614774725,-0.0032330628456642297,0.005917770538572146,0.0009072906288507617,0.006182422167446108,0.0024144188457207575,-9.55194853561628e-5,0.0015310729569308103,0.004250167017634076,0.010495153813593193,-0.0007853632930891392,0.006973713980696701,0.0023739835732769932,0.00016584096565646728,0.030828776563345338,-9.098504782745158e-5,-0.0019328466782071588,0.0009904808523995353,0.000752115010797968,0.0005632536605598357,0.0012450873676858655,0.0008067156855130744,0.0007772304066418396,-0.0002885854081394335,-0.001864627783730738,0.0026399125780087467,0.0012174978618936661,-0.0003320737769655415,0.001601549123413326,-0.001498162353434811,0.0009524611727699981,0.0005391961833227024,0.00019752113310131028,0.0011733650448605385,-9.098504782745158e-5,0.003538275811453366
