0.018040839034625278,0.004653526768223369,0.0016184360685888195,-0.000239293993964313,-0.0020835078866558885,-0.0003147242257012597,-0.006850729846800562,0.0015979503910534694,-0.000670661301155124,-0.0009838679014282756,0.01091762546995371,0.002603096497935227,0.0065445069643343045,0.006381195768163013,0.0013476709626480707,-0.0012038542086207243,0.0005672532374827362,0.0021190321371818235,1.1466884041041628e-5,0.0029880921671847924,0.004653526768223369,0.01399039320158029,0.0007944859181133529,-0.00046807595110457355,-0.000427687622629942,4.54875437950611e-6,-0.002929680948189819,0.0020656661620325834,0.0007360571797564615,0.0006839264737605844,0.003685376064326106,0.003507268024202365,0.002164293377123794,0.0013087327783375786,0.0016114450764398002,0.0008553337047173559,0.0011132989934293732,0.001486773820104088,0.0015724452016078736,-0.00022581381367576061,0.0016184360685888195,0.0007944859181133529,0.0027080715902445206,0.00033234087925467924,-0.00011708385029245605,-0.000391107356362066,-0.0018927318138868285,0.0002846478689160477,-0.00015803243839380475,-0.00013082486834934152,0.004003748258372381,-0.0002205034161711959,0.0011318619115754025,0.0017472404829799962,0.0006059261550777286,-0.0005582223430411843,-0.0005077520782806799,0.0005068432859705636,-0.0005370780313587494,0.004139159417164636,-0.000239293993964313,-0.00046807595110457355,0.00033234087925467924,0.00623303403201459,0.0006953947475906086,0.001789121460304275,0.004777521214598657,-0.0002815583979883319,0.004156022654768892,0.0011278949340217206,-0.0004956072482114047,-0.0006368638509986743,0.0004419258033031917,0.0005912106657551225,0.0008362431111651103,0.001219736175213675,0.001433358250104936,0.00026487289011764624,0.0021684505309213695,0.005463428942010143,-0.0020835078866558885,-0.000427687622629942,-0.00011708385029245605,0.0006953947475906086,0.0037938050143476927,0.00042050276514065825,0.007303300044670981,0.0005354357186690209,0.0017285910270229028,0.001635024726851838,-0.00014613785081082112,-9.077203522227471e-5,-0.0010727026328522277,-0.0014898655719233819,0.0012171143062083695,0.0008872239920289157,0.0013830162975181142,-0.0004652539952416956,0.002024537938134766,0.002249247270182859,-0.0003147242257012597,4.54875437950611e-6,-0.000391107356362066,0.001789121460304275,0.00042050276514065825,0.0033760625039114737,0.0034357360305120755,-0.0003648312194057014,0.001373403259935204,0.0013850196134937787,-1.604775916169826e-5,-0.0005172922618692916,-0.0007817712084184239,-0.0003799224356711906,-0.001574560084844547,-0.00023750252174075087,0.0014441879166236069,-0.0003578924693277939,0.0016950198927831442,0.0005970798944069464,-0.006850729846800562,-0.002929680948189819,-0.0018927318138868285,0.004777521214598657,0.007303300044670981,0.0034357360305120755,0.0592659771470451,-0.0016656477972251454,0.008671133409684006,0.006088033770732808,-0.006819103004013494,0.0029124978528811585,-0.003598001467755204,-0.003722244735087449,0.0010084370285194642,0.007713421560568092,0.007659640668784041,-0.0002792254730853265,0.008471326821824828,-3.583364814403941e-5,0.0015979503910534694,0.0020656661620325834,0.0002846478689160477,-0.0002815583979883319,0.0005354357186690209,-0.0003648312194057014,-0.0016656477972251454,0.0029560668244905117,-0.00033164177383027084,0.00023459725329669435,0.001723889799722906,0.00142035286602943,0.0014757966617499549,-0.0004180223010164276,0.0014449105908467285,0.00014361635638485777,0.0005375424544005063,0.00047639489362818316,0.0009319384127418888,0.001436623111912945,-0.000670661301155124,0.0007360571797564615,-0.00015803243839380475,0.004156022654768892,0.0017285910270229028,0.001373403259935204,0.008671133409684006,-0.00033164177383027084,0.01360812318668881,0.003513874391109488,-0.0006292775900322758,0.0013320678242736998,0.00044785333211815574,-0.0014576177382693142,0.002930074047477635,0.0051873212669594675,0.0004161644760786305,0.0013441904068901295,0.0034121510885686285,0.009446633305199065,-0.0009838679014282756,0.0006839264737605844,-0.00013082486834934152,0.0011278949340217206,0.001635024726851838,0.0013850196134937787,0.006088033770732808,0.00023459725329669435,0.003513874391109488,0.007329075199337733,0.0006973585485059896,-2.251312380544523e-5,-0.0013925307296529803,-0.0006824490318742358,-0.00046724930354623934,0.002287917030091397,0.0009675800241925668,-0.0005060242289549879,0.0032766673253980328,0.0021533200208462924,0.01091762546995371,0.003685376064326106,0.004003748258372381,-0.0004956072482114047,-0.00014613785081082112,-1.604775916169826e-5,-0.006819103004013494,0.001723889799722906,-0.0006292775900322758,0.0006973585485059896,0.03075449540362993,-4.243141567333134e-6,0.005497389924505701,0.007559004987109328,0.0038102180154523497,-0.00390272888851857,-0.0011171765964983235,0.0014727761725724336,-0.0011677870198598588,0.008370684083975042,0.002603096497935227,0.003507268024202365,-0.0002205034161711959,-0.0006368638509986743,-9.077203522227471e-5,-0.0005172922618692916,0.0029124978528811585,0.00142035286602943,0.0013320678242736998,-2.251312380544523e-5,-4.243141567333134e-6,0.012263769915849211,0.0028912475944459374,-0.00557995611915826,0.00321984246456713,0.000541205007332635,0.002081249576456342,0.002216454947089375,0.001872140558433998,0.000755415751425716,0.0065445069643343045,0.002164293377123794,0.0011318619115754025,0.0004419258033031917,-0.0010727026328522277,-0.0007817712084184239,-0.003598001467755204,0.0014757966617499549,0.00044785333211815574,-0.0013925307296529803,0.005497389924505701,0.0028912475944459374,0.012556611798247594,-0.000281451441491676,0.004661651922678501,0.0007763999155946248,0.0008539776646520061,0.001731650677184462,0.0014471879384114835,0.003361262103799724,0.006381195768163013,0.0013087327783375786,0.0017472404829799962,0.0005912106657551225,-0.0014898655719233819,-0.0003799224356711906,-0.003722244735087449,-0.0004180223010164276,-0.0014576177382693142,-0.0006824490318742358,0.007559004987109328,-0.00557995611915826,-0.000281451441491676,0.019802317934315646,-0.003360573996253265,0.00126339597908285,-5.115147938581738e-5,0.00023820806731176375,-0.0016241708458505943,-0.0014212142947122803,0.0013476709626480707,0.0016114450764398002,0.0006059261550777286,0.0008362431111651103,0.0012171143062083695,-0.001574560084844547,0.0010084370285194642,0.0014449105908467285,0.002930074047477635,-0.00046724930354623934,0.0038102180154523497,0.00321984246456713,0.004661651922678501,-0.003360573996253265,0.01093539026254062,0.0009718386417788126,8.770065138907242e-5,0.0009943906870797724,0.001482364589061394,0.008381218009091574,-0.0012038542086207243,0.0008553337047173559,-0.0005582223430411843,0.001219736175213675,0.0008872239920289157,-0.00023750252174075087,0.007713421560568092,0.00014361635638485777,0.0051873212669594675,0.002287917030091397,-0.00390272888851857,0.000541205007332635,0.0007763999155946248,0.00126339597908285,0.0009718386417788126,0.017830689422473647,-5.0272398780383914e-5,0.0007262853214040977,0.001573668369844939,0.004656185903434473,0.0005672532374827362,0.0011132989934293732,-0.0005077520782806799,0.001433358250104936,0.0013830162975181142,0.0014441879166236069,0.007659640668784041,0.0005375424544005063,0.0004161644760786305,0.0009675800241925668,-0.0011171765964983235,0.002081249576456342,0.0008539776646520061,-5.115147938581738e-5,8.770065138907242e-5,-5.0272398780383914e-5,0.00829642544055072,-0.00013896752008846393,0.002605017805160309,-0.0008254891961941217,0.0021190321371818235,0.001486773820104088,0.0005068432859705636,0.00026487289011764624,-0.0004652539952416956,-0.0003578924693277939,-0.0002792254730853265,0.00047639489362818316,0.0013441904068901295,-0.0005060242289549879,0.0014727761725724336,0.002216454947089375,0.001731650677184462,0.00023820806731176375,0.0009943906870797724,0.0007262853214040977,-0.00013896752008846393,0.002307269699860409,0.0009803812324401706,0.0016702043864660703,1.1466884041041628e-5,0.0015724452016078736,-0.0005370780313587494,0.0021684505309213695,0.002024537938134766,0.0016950198927831442,0.008471326821824828,0.0009319384127418888,0.0034121510885686285,0.0032766673253980328,-0.0011677870198598588,0.001872140558433998,0.0014471879384114835,-0.0016241708458505943,0.001482364589061394,0.001573668369844939,0.002605017805160309,0.0009803812324401706,0.015616932833330578,0.0006474160516333342,0.0029880921671847924,-0.00022581381367576061,0.004139159417164636,0.005463428942010143,0.002249247270182859,0.0005970798944069464,-3.583364814403941e-5,0.001436623111912945,0.009446633305199065,0.0021533200208462924,0.008370684083975042,0.000755415751425716,0.003361262103799724,-0.0014212142947122803,0.008381218009091574,0.004656185903434473,-0.0008254891961941217,0.0016702043864660703,0.0006474160516333342,0.042832018365140015
0.01455915336589412,0.001998854069972347,-0.00024093987697579674,0.0021091794365962636,-0.0001746138996879503,0.001341037486480342,0.006901822068967764,0.003804447141110874,0.0002837559301501651,0.001312998521509776,-0.0014305630852796992,-0.000564065962081613,-0.0025907932891790506,0.005448934191066998,-1.2861964778860066e-5,0.001299551435824107,0.0028581697793588277,5.1837728779822336e-5,-0.0022919344724127476,0.00558078528097614,0.001998854069972347,0.017781045218800858,-0.0002469330889157479,0.000851030443630853,-0.0006316983230468321,0.0011433468312961443,-0.0011680525868712026,0.002141454020829933,-0.0024595652141104715,-0.0011826419037113953,4.35532633729306e-6,0.00180618751500754,-0.00392599980926601,0.002022439991617363,-0.0013863667709556448,-0.003169111149924263,0.00331102048363868,-0.00250533026090642,-0.003354166158664253,-0.0031947368844531202,-0.00024093987697579674,-0.0002469330889157479,0.0025278867387405935,8.78406374670341e-5,0.0008824516764752764,0.0005853561327726071,-0.0018290907602598256,0.0010212899503718733,3.216449092995745e-5,0.0008116151865180394,0.00033759287298553667,0.000248906842958688,0.00052895472715438,0.0013916298807918124,0.0010372971319005347,0.0007429059426782525,0.00026799951767873207,0.0006334985928754093,0.0004787845028828483,-0.0008567936577356764,0.0021091794365962636,0.000851030443630853,8.78406374670341e-5,0.006910390626965232,-9.065206131164905e-5,0.0004900351644341835,-0.0028336232252121362,0.003627103273337778,-0.00026276875339134337,0.0005528059740239077,-0.0017198879458456798,0.001646249877047242,-0.0005738618071132724,0.0030968383091286053,0.0012826772683082435,-0.0007148902048915973,0.0017545170146470493,-0.0009668879745382739,-0.0022625761621470866,-0.0003950939376252303,-0.0001746138996879503,-0.0006316983230468321,0.0008824516764752764,-9.065206131164905e-5,0.003179572702035318,-0.00047781774784176536,-0.0023847075293317224,0.000758997172650186,4.208428204661756e-6,-0.00039819508809284634,0.0018502843941065536,0.00030491154698281396,0.00038906324225446403,0.002016682021391696,0.0016324178282128969,0.002253554486974172,0.00021325089567670872,0.0002526360314135899,7.463241292446959e-5,0.0002646176851082869,0.001341037486480342,0.0011433468312961443,0.0005853561327726071,0.0004900351644341835,-0.00047781774784176536,0.004164305961711198,0.0028325804306576913,0.0014643975682201093,0.0003817942998623539,0.0007312603215288897,-0.0011672913783851839,6.648310238773168e-5,8.884408463660228e-5,-0.0006161978046516782,0.0006352090739637442,-0.0013247241044180296,0.0014600533888372885,0.000542321435874519,-0.000877122475829404,-0.0019894841049046476,0.006901822068967764,-0.0011680525868712026,-0.0018290907602598256,-0.0028336232252121362,-0.0023847075293317224,0.0028325804306576913,0.04766196868466636,-0.004773265044773925,0.004306238631300167,-0.0013986403955850192,0.0061242663302032065,-0.0009420568448546484,0.005057991764395998,-0.0029343470642033,-0.0041010466060368575,-0.001078864033216964,0.001222065755349562,0.0017707797974778681,0.0017319451837045446,0.014102365223661643,0.003804447141110874,0.002141454020829933,0.0010212899503718733,0.003627103273337778,0.000758997172650186,0.0014643975682201093,-0.004773265044773925,0.009544678438595203,-0.0005124779182598186,-1.1151146143085891e-5,-0.0006722251965317756,-0.0006997968900959241,-0.001922726319650863,0.005848127803085531,0.0018046881135695399,-0.0004729690444768129,0.004861889187359438,-0.0014099458790529187,-0.003401440265495046,-0.0013723817325327341,0.0002837559301501651,-0.0024595652141104715,3.216449092995745e-5,-0.00026276875339134337,4.208428204661756e-6,0.0003817942998623539,0.004306238631300167,-0.0005124779182598186,0.008941109129462829,-0.00043987836079654183,-0.0012756072177788906,-0.00045283010569784705,0.0035292300351357072,-0.0010202429312335289,0.0008552399255093764,-3.929200732611758e-5,0.00027346908701172983,0.000962642960861868,-0.001249929206415529,0.0010884796519545943,0.001312998521509776,-0.0011826419037113953,0.0008116151865180394,0.0005528059740239077,-0.00039819508809284634,0.0007312603215288897,-0.0013986403955850192,-1.1151146143085891e-5,-0.00043987836079654183,0.006389747581405609,-0.0021635660321732393,-0.0006606020488775389,0.0011613134347572638,-0.0015579411119526951,-0.00019514408565419903,-0.000167301993734744,-0.000846894802383558,0.0009163586567746799,0.00032732096901577157,-0.0003850450701179872,-0.0014305630852796992,4.35532633729306e-6,0.00033759287298553667,-0.0017198879458456798,0.0018502843941065536,-0.0011672913783851839,0.0061242663302032065,-0.0006722251965317756,-0.0012756072177788906,-0.0021635660321732393,0.019555872258011347,0.002369992039677071,0.0016441866949653732,0.0026398875925404517,-0.0008975247095173305,0.0004060591512009768,-0.00014952522419547427,0.0003753033435657383,0.0034475274691598123,0.0057021807487576594,-0.000564065962081613,0.00180618751500754,0.000248906842958688,0.001646249877047242,0.00030491154698281396,6.648310238773168e-5,-0.0009420568448546484,-0.0006997968900959241,-0.00045283010569784705,-0.0006606020488775389,0.002369992039677071,0.009614381712671864,-0.0008071540352472206,0.002681807699655027,0.0012270592621835877,-0.0008205154719966838,-0.0010225665954349589,0.000302118077423093,0.0016798802533348719,0.0019015237353517734,-0.0025907932891790506,-0.00392599980926601,0.00052895472715438,-0.0005738618071132724,0.00038906324225446403,8.884408463660228e-5,0.005057991764395998,-0.001922726319650863,0.0035292300351357072,0.0011613134347572638,0.0016441866949653732,-0.0008071540352472206,0.01242214650033267,-0.002408788605617256,0.0002616585956499689,0.0027705159779264884,-0.002032277677222437,0.0021589545092454534,-0.0010176322850182248,0.00010496630613786062,0.005448934191066998,0.002022439991617363,0.0013916298807918124,0.0030968383091286053,0.002016682021391696,-0.0006161978046516782,-0.0029343470642033,0.005848127803085531,-0.0010202429312335289,-0.0015579411119526951,0.0026398875925404517,0.002681807699655027,-0.002408788605617256,0.01909800157272268,0.003422993280719466,0.0035962377464187592,0.0012123120807951617,-0.00032399253298074997,0.0015781038372501429,0.004435443514911089,-1.2861964778860066e-5,-0.0013863667709556448,0.0010372971319005347,0.0012826772683082435,0.0016324178282128969,0.0006352090739637442,-0.0041010466060368575,0.0018046881135695399,0.0008552399255093764,-0.00019514408565419903,-0.0008975247095173305,0.0012270592621835877,0.0002616585956499689,0.003422993280719466,0.007896578539091667,0.002935666338023014,0.00015331625135531267,0.0005459007413713059,0.000521763226531794,-0.0008925324039497867,0.001299551435824107,-0.003169111149924263,0.0007429059426782525,-0.0007148902048915973,0.002253554486974172,-0.0013247241044180296,-0.001078864033216964,-0.0004729690444768129,-3.929200732611758e-5,-0.000167301993734744,0.0004060591512009768,-0.0008205154719966838,0.0027705159779264884,0.0035962377464187592,0.002935666338023014,0.01650151027648635,-0.002078215287594258,0.0010498514741269834,0.000692332200767822,0.0025380701923198865,0.0028581697793588277,0.00331102048363868,0.00026799951767873207,0.0017545170146470493,0.00021325089567670872,0.0014600533888372885,0.001222065755349562,0.004861889187359438,0.00027346908701172983,-0.000846894802383558,-0.00014952522419547427,-0.0010225665954349589,-0.002032277677222437,0.0012123120807951617,0.00015331625135531267,-0.002078215287594258,0.009856772238424403,-0.0012979060827535522,-0.0023753673665786175,-0.0007048323673539531,5.1837728779822336e-5,-0.00250533026090642,0.0006334985928754093,-0.0009668879745382739,0.0002526360314135899,0.000542321435874519,0.0017707797974778681,-0.0014099458790529187,0.000962642960861868,0.0009163586567746799,0.0003753033435657383,0.000302118077423093,0.0021589545092454534,-0.00032399253298074997,0.0005459007413713059,0.0010498514741269834,-0.0012979060827535522,0.0024039852862932113,0.0011480402805362493,0.0014889567972390671,-0.0022919344724127476,-0.003354166158664253,0.0004787845028828483,-0.0022625761621470866,7.463241292446959e-5,-0.000877122475829404,0.0017319451837045446,-0.003401440265495046,-0.001249929206415529,0.00032732096901577157,0.0034475274691598123,0.0016798802533348719,-0.0010176322850182248,0.0015781038372501429,0.000521763226531794,0.000692332200767822,-0.0023753673665786175,0.0011480402805362493,0.016597103093341534,0.007009595925476637,0.00558078528097614,-0.0031947368844531202,-0.0008567936577356764,-0.0003950939376252303,0.0002646176851082869,-0.0019894841049046476,0.014102365223661643,-0.0013723817325327341,0.0010884796519545943,-0.0003850450701179872,0.0057021807487576594,0.0019015237353517734,0.00010496630613786062,0.004435443514911089,-0.0008925324039497867,0.0025380701923198865,-0.0007048323673539531,0.0014889567972390671,0.007009595925476637,0.033507375967480026
0.014389658369749024,0.0023835730544305095,0.001535510687020499,0.0019308302754958984,0.0006808876116657754,0.0019537210534326457,0.010089591321048058,0.0034434755679014547,0.006186171624066383,0.0013503134690410249,0.0012376273367542662,0.0012507007578534861,0.0005315865748785045,0.004383006714151002,0.0036884223620132664,0.00215067194653497,-0.0020983246224727963,0.0017903764635909976,0.012488549460044483,-0.007130130460345277,0.0023835730544305095,0.025965649244430764,0.00024369165236223133,-0.0008976734733775933,-0.0010047751185007013,-0.0010892143908155308,0.009663879890579574,0.004702927216280714,-0.00112073932923223,-0.000492938364368778,-0.006747522785814072,-0.0029924521674792974,0.002187395041894388,0.0003032346852157995,0.0024433434627046365,0.0002476477193566021,-0.0058922245601345565,0.0026858776086924573,0.005620079913578665,0.01126139020537971,0.001535510687020499,0.00024369165236223133,0.0025515386466576596,0.0006916468781969724,-0.00025982470963479415,-0.00018261926988733516,0.007103090315164599,0.0008393468175524664,-7.911661902420534e-6,-0.0003056650882478984,-0.0011847661872370165,-9.560723904110226e-5,0.0009280639729161409,0.001960016570052684,2.717020040838423e-5,0.0013165565862218412,0.00011050258401917912,0.0006265766638136887,0.003510028477163838,-0.0005881452513344361,0.0019308302754958984,-0.0008976734733775933,0.0006916468781969724,0.00608612462037626,0.0010098714897714407,-0.0007119871472688129,0.007259042031261013,-0.0001283611633635323,-0.001492638347041589,0.0021870141748764694,-0.0020468616927799173,-0.000958525870440066,0.0010914227386733717,0.0008623753082115594,0.0004719034657840913,0.0013878502700616488,0.001396013542964888,0.0005417473355764028,0.00021231667331024048,-0.0055729529385692405,0.0006808876116657754,-0.0010047751185007013,-0.00025982470963479415,0.0010098714897714407,0.003250864378351369,0.0011174321446017076,0.0003162938273720016,0.0005592520525412798,0.003464435575658018,0.001489734049982678,0.0016392529185619304,2.4961695880832044e-5,-0.0006384565086616817,0.0009864111057281276,0.0019900293187601475,0.0034264022860934296,-0.0012040878436906538,0.0004480173066006794,0.002186026913921198,-0.007125002014520019,0.0019537210534326457,-0.0010892143908155308,-0.00018261926988733516,-0.0007119871472688129,0.0011174321446017076,0.0034624663600616263,-0.0027525478859594978,0.0012475103349939,0.004410071750320075,0.00040857695888002374,0.004121977650341574,0.0015361827379408383,-0.0006093994155726939,0.0027094760788726863,0.0028591935105717215,0.0025663336568875956,-0.0008066283000296847,0.00031414208119385194,0.005454253107346517,-0.00331091421792736,0.010089591321048058,0.009663879890579574,0.007103090315164599,0.007259042031261013,0.0003162938273720016,-0.0027525478859594978,0.08628641824478926,0.0028361941086716205,0.0003206980620464403,0.007683466850471509,-0.015670887326313145,-0.004346211373726054,0.005958955368651938,0.012119693169185323,0.002371780881123467,0.014972448367489836,0.0005509014141421239,0.006724844702759579,0.022359170648750613,-0.020249276576977275,0.0034434755679014547,0.004702927216280714,0.0008393468175524664,-0.0001283611633635323,0.0005592520525412798,0.0012475103349939,0.0028361941086716205,0.007812983211408886,0.008112885035048163,-0.0005617633477365369,0.0018583394380403317,-0.0015854233951728765,-0.000535755385975992,0.002282641017255092,0.0029664469284073477,0.006047622947654202,-0.006211211832479637,0.0012365864441620392,0.010831935543572757,-0.003939270831820664,0.006186171624066383,-0.00112073932923223,-7.911661902420534e-6,-0.001492638347041589,0.003464435575658018,0.004410071750320075,0.0003206980620464403,0.008112885035048163,0.021855429562076135,0.0002374737739187285,0.009118447987060886,-0.0010734576602143002,-0.0039791573717643,0.0029871626840406043,0.005200331624286467,0.011392826619857082,-0.008591824953733687,0.0014223511564219649,0.01676066239907715,-0.01736460172247627,0.0013503134690410249,-0.000492938364368778,-0.0003056650882478984,0.0021870141748764694,0.001489734049982678,0.00040857695888002374,0.007683466850471509,-0.0005617633477365369,0.0002374737739187285,0.00815529980456191,0.002410308510723852,-0.0008918468173620582,-0.00012499118391220558,0.0010755883838408048,0.003873626303731985,0.005279972050544125,0.0005516796276190709,0.0005304474549984481,0.0010396147145934074,-0.008322277776858126,0.0012376273367542662,-0.006747522785814072,-0.0011847661872370165,-0.0020468616927799173,0.0016392529185619304,0.004121977650341574,-0.015670887326313145,0.0018583394380403317,0.009118447987060886,0.002410308510723852,0.027199215217559795,0.00343917230290377,-0.0024827214016795206,0.00035538913434042296,0.0038986614983390535,0.006737208128064068,-0.0020447046204290667,-0.002845375338426586,0.003086563573731351,-0.008358009862386046,0.0012507007578534861,-0.0029924521674792974,-9.560723904110226e-5,-0.000958525870440066,2.4961695880832044e-5,0.0015361827379408383,-0.004346211373726054,-0.0015854233951728765,-0.0010734576602143002,-0.0008918468173620582,0.00343917230290377,0.012028297649981786,0.0038319475437133196,0.005066470814374531,0.0009772116117233273,-0.0024999377584515744,0.004842752489948671,-0.0013375190801955678,0.001618244497001378,0.0027116523699928217,0.0005315865748785045,0.002187395041894388,0.0009280639729161409,0.0010914227386733717,-0.0006384565086616817,-0.0006093994155726939,0.005958955368651938,-0.000535755385975992,-0.0039791573717643,-0.00012499118391220558,-0.0024827214016795206,0.0038319475437133196,0.012818411296293937,0.008261803015803898,-0.0010127248054470862,-0.0005005039280928268,0.004489203996558401,0.00030596604564821434,-0.000649860683277346,0.005505863398085677,0.004383006714151002,0.0003032346852157995,0.001960016570052684,0.0008623753082115594,0.0009864111057281276,0.0027094760788726863,0.012119693169185323,0.002282641017255092,0.0029871626840406043,0.0010755883838408048,0.00035538913434042296,0.005066470814374531,0.008261803015803898,0.01979946501857355,0.004247284143959985,0.005794197960824605,0.003633512011748102,0.0021013573440171293,0.01228719475491271,-0.0022849082066363677,0.0036884223620132664,0.0024433434627046365,2.717020040838423e-5,0.0004719034657840913,0.0019900293187601475,0.0028591935105717215,0.002371780881123467,0.0029664469284073477,0.005200331624286467,0.003873626303731985,0.0038986614983390535,0.0009772116117233273,-0.0010127248054470862,0.004247284143959985,0.0107772556883818,0.006826818188254424,-0.0021283243575367537,0.0016626053019343154,0.010109735405972865,-0.008439324907291606,0.00215067194653497,0.0002476477193566021,0.0013165565862218412,0.0013878502700616488,0.0034264022860934296,0.0025663336568875956,0.014972448367489836,0.006047622947654202,0.011392826619857082,0.005279972050544125,0.006737208128064068,-0.0024999377584515744,-0.0005005039280928268,0.005794197960824605,0.006826818188254424,0.027146413071533735,-0.005043953770137796,0.0023122199235194006,0.012139037221239189,-0.017468427189861652,-0.0020983246224727963,-0.0058922245601345565,0.00011050258401917912,0.001396013542964888,-0.0012040878436906538,-0.0008066283000296847,0.0005509014141421239,-0.006211211832479637,-0.008591824953733687,0.0005516796276190709,-0.0020447046204290667,0.004842752489948671,0.004489203996558401,0.003633512011748102,-0.0021283243575367537,-0.005043953770137796,0.013817559202236335,-0.0009325806120273441,-0.00710978591994849,0.006956138571407243,0.0017903764635909976,0.0026858776086924573,0.0006265766638136887,0.0005417473355764028,0.0004480173066006794,0.00031414208119385194,0.006724844702759579,0.0012365864441620392,0.0014223511564219649,0.0005304474549984481,-0.002845375338426586,-0.0013375190801955678,0.00030596604564821434,0.0021013573440171293,0.0016626053019343154,0.0023122199235194006,-0.0009325806120273441,0.0027490248234942004,0.005901907700817808,-0.0011736773746590917,0.012488549460044483,0.005620079913578665,0.003510028477163838,0.00021231667331024048,0.002186026913921198,0.005454253107346517,0.022359170648750613,0.010831935543572757,0.01676066239907715,0.0010396147145934074,0.003086563573731351,0.001618244497001378,-0.000649860683277346,0.01228719475491271,0.010109735405972865,0.012139037221239189,-0.00710978591994849,0.005901907700817808,0.04353541300794245,-0.013982445607235033,-0.007130130460345277,0.01126139020537971,-0.0005881452513344361,-0.0055729529385692405,-0.007125002014520019,-0.00331091421792736,-0.020249276576977275,-0.003939270831820664,-0.01736460172247627,-0.008322277776858126,-0.008358009862386046,0.0027116523699928217,0.005505863398085677,-0.0022849082066363677,-0.008439324907291606,-0.017468427189861652,0.006956138571407243,-0.0011736773746590917,-0.013982445607235033,0.05836472294083117
