0.008716936390256818,-0.0010532622003725173,0.0012985842942596776,-0.001695954977576744,0.0032084450584496755,0.00016898173795629822,0.0008023582203807132,-0.00020057579741293298,-0.001421067224985703,-1.9801976359700183e-5,-0.0016021987177322564,-0.0022576150505977397,0.0008116242454688662,-0.003048897422771994,0.0024285975485296056,0.0008354181757307729,-0.0014581823833239931,-0.0037337630051943347,0.003785807108752485,0.0042478727921193,-0.0010532622003725173,0.001513851386946629,0.0004695920583793126,0.00011209186584477718,-0.0006526348258517004,-9.380654921263483e-5,0.0002535830625477085,-0.0005687013663885421,0.0001936720613199256,-0.0006734009145923235,-2.180197844904171e-5,0.0003777863720988932,1.0566620054011872e-5,0.0005311316603899205,-0.00012107521696094128,-3.117932956772597e-5,-0.00016525106712923424,0.0012921338217502989,-7.308205341069093e-5,5.9690076464614384e-5,0.0012985842942596776,0.0004695920583793126,0.005000760995526149,0.0015322864533227351,0.001563473864893629,-0.001705561598362661,-0.00041383487606933824,2.2514466159214997e-5,0.0027023498794226204,-0.0002818489388220032,-0.0005548315117507858,0.0005660517357414201,0.00016200492747581635,0.0005647696280643296,0.0024293529421740845,0.0012796809530245242,-0.0016154487116951002,0.004530697563936394,0.0028235775146788957,0.0002192316380477911,-0.001695954977576744,0.00011209186584477718,0.0015322864533227351,0.0036404894153111034,-0.0006593145951710486,-0.0017893713989791788,-0.0006359315522039361,-4.2963854724514366e-5,0.0012471965012211027,0.001358904476864235,0.0034274162527191203,-0.0007275045889561563,-4.29995978603811e-5,-0.0009997274074184772,-0.0003840132482189191,-0.0003515533596048643,0.0005757513030297812,0.002815330047667146,0.0011836922797817011,-0.0024851520943103113,0.0032084450584496755,-0.0006526348258517004,0.001563473864893629,-0.0006593145951710486,0.005314117539575636,0.0022971490624009764,0.0005889537230611923,0.0003978888119685545,-0.0009086151482944378,0.001214289322247964,-0.006607620766949717,-0.00031717362072855376,-4.527985510537915e-6,0.0037410903363584843,0.0032205121035645797,0.0004671753645515971,0.0005363341916708206,-0.0008909220550639609,0.0038477310079745434,0.004940909885109249,0.00016898173795629822,-9.380654921263483e-5,-0.001705561598362661,-0.0017893713989791788,0.0022971490624009764,0.0058740343114109025,0.0021824038508986648,0.0006387039214753748,-0.0003175524356512205,-8.732801910744122e-5,-0.009502138445473023,0.0010219149697488837,0.0005858396615796037,0.0035906502219362254,0.00014006499912689715,-0.0006677110730043915,0.0007330341919849894,-0.0016809875022896505,0.0006834340706365254,0.0011348255651676747,0.0008023582203807132,0.0002535830625477085,-0.00041383487606933824,-0.0006359315522039361,0.0005889537230611923,0.0021824038508986648,0.0021366602100659654,-0.00025633214231798873,-0.00031001832700837265,8.882024895215108e-6,-0.0037126645350882594,0.0012548937038380412,-0.00010598616852794752,-0.0004376072732728653,0.0008755077986466669,-0.0003568022630436376,9.017594440574922e-5,0.00011622086178697549,0.0002923320205037138,-0.0001642799422562498,-0.00020057579741293298,-0.0005687013663885421,2.2514466159214997e-5,-4.2963854724514366e-5,0.0003978888119685545,0.0006387039214753748,-0.00025633214231798873,0.0009680556827955728,0.0007090091537809304,0.00023976190339501863,-0.0014782544785710058,3.357443391425822e-5,-1.7802499743962016e-5,0.0010066118655024524,-0.0003538965204844157,9.552152942932736e-5,-0.00017693309632869824,-0.00016077504878432618,0.00012633970090695227,-0.0005066758831120837,-0.001421067224985703,0.0001936720613199256,0.0027023498794226204,0.0012471965012211027,-0.0009086151482944378,-0.0003175524356512205,-0.00031001832700837265,0.0007090091537809304,0.004906277946236957,-0.001120666871946942,-0.0005065179265514838,0.001399024200396285,0.00041904733038667177,-0.0008331860538749585,-0.0010773632261036478,0.0005516129563142567,-0.003156552965023738,0.004095210556113775,-5.407772079874033e-5,-0.004454327955986558,-1.9801976359700183e-5,-0.0006734009145923235,-0.0002818489388220032,0.001358904476864235,0.001214289322247964,-8.732801910744122e-5,8.882024895215108e-6,0.00023976190339501863,-0.001120666871946942,0.003027586787980441,-0.00042754911209230673,-0.0006497202368592283,0.0005145355031039107,0.0003919395751888115,0.00041994456351160034,0.0001221019759300733,0.001441650573948549,7.085411289250066e-5,0.0007274598053171136,0.0003858964509461467,-0.0016021987177322564,-2.180197844904171e-5,-0.0005548315117507858,0.0034274162527191203,-0.006607620766949717,-0.009502138445473023,-0.0037126645350882594,-0.0014782544785710058,-0.0005065179265514838,-0.00042754911209230673,0.02136825407818361,-0.004112770162806844,-0.0001756868074450733,-0.009252983929216778,-0.0035571684693804172,-0.0007332397746972104,0.0004363462286628832,-6.046420272053533e-5,-0.003254530776928493,-0.003983783738779927,-0.0022576150505977397,0.0003777863720988932,0.0005660517357414201,-0.0007275045889561563,-0.00031717362072855376,0.0010219149697488837,0.0012548937038380412,3.357443391425822e-5,0.001399024200396285,-0.0006497202368592283,-0.004112770162806844,0.004476205557822423,-0.001733933704278266,0.0011310652784154423,0.0009721971905606372,0.00027850969008748,-0.0016936727661105726,0.002813254366490813,-0.001367601769708391,-0.001910888570635681,0.0008116242454688662,1.0566620054011872e-5,0.00016200492747581635,-4.29995978603811e-5,-4.527985510537915e-6,0.0005858396615796037,-0.00010598616852794752,-1.7802499743962016e-5,0.00041904733038667177,0.0005145355031039107,-0.0001756868074450733,-0.001733933704278266,0.002726144465942081,-0.0002395845558887911,-0.0005843306275940727,0.0005952949154861704,0.0005409933734175209,0.00024451405230030627,-0.00010130652881575085,-7.343122099180658e-5,-0.003048897422771994,0.0005311316603899205,0.0005647696280643296,-0.0009997274074184772,0.0037410903363584843,0.0035906502219362254,-0.0004376072732728653,0.0010066118655024524,-0.0008331860538749585,0.0003919395751888115,-0.009252983929216778,0.0011310652784154423,-0.0002395845558887911,0.010553218944607522,0.0017497642266853103,0.0004499090719355431,0.0024693643395069815,0.0005676304297002111,0.0016161935169430883,0.004689675476385779,0.0024285975485296056,-0.00012107521696094128,0.0024293529421740845,-0.0003840132482189191,0.0032205121035645797,0.00014006499912689715,0.0008755077986466669,-0.0003538965204844157,-0.0010773632261036478,0.00041994456351160034,-0.0035571684693804172,0.0009721971905606372,-0.0005843306275940727,0.0017497642266853103,0.005186618062168653,0.0007971969829319099,0.0011404641112228923,0.0018293765211029613,0.002353054173222688,0.0038177220076797344,0.0008354181757307729,-3.117932956772597e-5,0.0012796809530245242,-0.0003515533596048643,0.0004671753645515971,-0.0006677110730043915,-0.0003568022630436376,9.552152942932736e-5,0.0005516129563142567,0.0001221019759300733,-0.0007332397746972104,0.00027850969008748,0.0005952949154861704,0.0004499090719355431,0.0007971969829319099,0.001285417736507296,-0.0008455299645387641,0.0012040689287299588,0.00013918213180561423,0.0005198056691985126,-0.0014581823833239931,-0.00016525106712923424,-0.0016154487116951002,0.0005757513030297812,0.0005363341916708206,0.0007330341919849894,9.017594440574922e-5,-0.00017693309632869824,-0.003156552965023738,0.001441650573948549,0.0004363462286628832,-0.0016936727661105726,0.0005409933734175209,0.0024693643395069815,0.0011404641112228923,-0.0008455299645387641,0.00507144827996422,-0.000918298164091368,-0.00017308088218358615,0.0024104890309124822,-0.0037337630051943347,0.0012921338217502989,0.004530697563936394,0.002815330047667146,-0.0008909220550639609,-0.0016809875022896505,0.00011622086178697549,-0.00016077504878432618,0.004095210556113775,7.085411289250066e-5,-6.046420272053533e-5,0.002813254366490813,0.00024451405230030627,0.0005676304297002111,0.0018293765211029613,0.0012040689287299588,-0.000918298164091368,0.009009858047446497,-0.00028545541339316117,-0.003933655602378546,0.003785807108752485,-7.308205341069093e-5,0.0028235775146788957,0.0011836922797817011,0.0038477310079745434,0.0006834340706365254,0.0002923320205037138,0.00012633970090695227,-5.407772079874033e-5,0.0007274598053171136,-0.003254530776928493,-0.001367601769708391,-0.00010130652881575085,0.0016161935169430883,0.002353054173222688,0.00013918213180561423,-0.00017308088218358615,-0.00028545541339316117,0.00549969715708665,0.0034482932001113032,0.0042478727921193,5.9690076464614384e-5,0.0002192316380477911,-0.0024851520943103113,0.004940909885109249,0.0011348255651676747,-0.0001642799422562498,-0.0005066758831120837,-0.004454327955986558,0.0003858964509461467,-0.003983783738779927,-0.001910888570635681,-7.343122099180658e-5,0.004689675476385779,0.0038177220076797344,0.0005198056691985126,0.0024104890309124822,-0.003933655602378546,0.0034482932001113032,0.00948258511825709
0.0016531196801313653,-0.0007345178249593062,0.0014725740312748188,0.0006866722203835568,0.0025043606633811566,0.0016001175070254946,-0.00021554549641428724,-0.00022985583065726948,0.0007161140300537779,1.7720095047501458e-5,-5.23100652586727e-5,-0.000836961127814899,-0.0012677684846826975,-0.00019502867052586826,-0.0012222799615730603,-0.00013788590308709545,-0.0011551102964808735,-0.001742149114441726,-0.0007321247610851085,3.952273882267549e-5,-0.0007345178249593062,0.001306297999942228,0.000317886954070549,0.00016677745288833274,3.0318531310869206e-5,-0.0008119855996715196,3.1403098395501135e-5,8.737147480868807e-6,-0.00019616820082752977,-8.480621364699834e-5,0.0012755848441886512,-0.0004615145355486433,0.0003847234185368391,0.000616520012555296,0.001071322093667801,0.0004575667052931187,0.0007300842981448261,0.0006732381905061143,0.00012264746550898502,-0.00024637634256541167,0.0014725740312748188,0.000317886954070549,0.0060750089296819874,0.001752365789244038,0.00407178870495849,0.0012893973538669952,-0.0005050712311040317,0.00011460485342960947,-0.0009154274440699613,0.0004764812260105606,0.004252322686649528,-0.001347659739230523,-0.0030645926010997235,0.0018516231027988724,0.0031983502757649425,0.0013163158429067665,-0.002820395849174277,-0.0014063633750238573,-0.001048683523749423,-0.00012615973201172514,0.0006866722203835568,0.00016677745288833274,0.001752365789244038,0.002891764462602114,0.0008077759204732423,-0.0010957005093555376,-0.0011211982318829247,6.967857398147107e-5,-0.000571226934043247,0.0015746861138421046,0.0006485366483288508,-0.0006433977597388623,-0.0004328877370459938,0.00021979134334425174,0.0016341206883624408,0.0008597381983613815,-0.00018783831254775456,-0.0028667809995206487,-0.0015452777103754658,-0.0006886101892371282,0.0025043606633811566,3.0318531310869206e-5,0.00407178870495849,0.0008077759204732423,0.011949084660996107,0.003347538986636712,-0.0007906910991437358,-0.0006878247072160767,0.002037535595925924,-0.0013556907132021652,0.001805535957722542,-0.007556304464948547,-0.0025567847348876875,0.004146257704181951,-0.005704985322079342,2.6799319815739306e-5,-0.0014612461315038656,-0.0036597727245534675,-0.00024438377318244193,-0.0008245980908595244,0.0016001175070254946,-0.0008119855996715196,0.0012893973538669952,-0.0010957005093555376,0.003347538986636712,0.007937125068884337,0.0013104969299754287,-0.00026250703456593544,0.006658232642552453,-0.0030548730748025383,0.002183587741577369,0.0002889501131147137,-0.002245749553110422,-0.0057458543897195066,-0.003023322899114638,-0.00041730918421883565,-0.0013473363711266277,-0.0023371275130575474,0.00023430620627518496,0.0030737373291632344,-0.00021554549641428724,3.1403098395501135e-5,-0.0005050712311040317,-0.0011211982318829247,-0.0007906910991437358,0.0013104969299754287,0.002748861314404177,-0.0004469568185759958,0.000927391656156388,-4.151665307000084e-5,-0.001789698382987126,0.0006255326554500429,0.00018424110039629168,-0.0004590184271126234,-0.001178517053067501,0.0007696204682225113,-0.0005554297279415929,0.001851789694610567,0.0004964671094857291,0.00149937230082486,-0.00022985583065726948,8.737147480868807e-6,0.00011460485342960947,6.967857398147107e-5,-0.0006878247072160767,-0.00026250703456593544,-0.0004469568185759958,0.0006885449878857405,0.00016605595931418389,-0.00014022356117537042,-2.2749901255115888e-5,0.0006633798927407738,-2.7476783999119035e-5,-0.00015753251470291229,0.0008605262646617284,-0.0002659561362407021,-0.0005308017382729027,0.00023803298256207874,0.0009591049117700338,0.0004270626626336629,0.0007161140300537779,-0.00019616820082752977,-0.0009154274440699613,-0.000571226934043247,0.002037535595925924,0.006658232642552453,0.000927391656156388,0.00016605595931418389,0.010169920386212507,-0.003216273642858903,-0.0009639900339994559,0.00027365090871596913,8.591040826719883e-5,-0.0074665774518149295,-0.005223979349465991,-0.0004334232474895417,-0.0002013798201862046,-0.004250905102405302,0.0021446049165204798,0.005224840698134942,1.7720095047501458e-5,-8.480621364699834e-5,0.0004764812260105606,0.0015746861138421046,-0.0013556907132021652,-0.0030548730748025383,-4.151665307000084e-5,-0.00014022356117537042,-0.003216273642858903,0.003152758530751654,-0.001024428668401823,-0.00010194444546227426,0.00020274817248413723,0.001771533785547699,0.001101485483668839,0.0008290312358537593,-3.379763084467236e-5,-0.0006420790850707617,-0.0012213785523765232,-0.0007146656331795003,-5.23100652586727e-5,0.0012755848441886512,0.004252322686649528,0.0006485366483288508,0.001805535957722542,0.002183587741577369,-0.001789698382987126,-2.2749901255115888e-5,-0.0009639900339994559,-0.001024428668401823,0.010370441162223446,0.00027038815524838634,-0.0027936091276135385,-0.0016195059346964307,0.00594240650409399,0.00029616778891956483,0.00039275126791363534,-0.0007497053775057838,-0.0024404555395063925,-0.001494720348239612,-0.000836961127814899,-0.0004615145355486433,-0.001347659739230523,-0.0006433977597388623,-0.007556304464948547,0.0002889501131147137,0.0006255326554500429,0.0006633798927407738,0.00027365090871596913,-0.00010194444546227426,0.00027038815524838634,0.006593268790519691,0.0005532518186781323,-0.004755109864764117,0.004674883934179112,-0.00044039957808009015,-0.0005504477971069445,0.0020573884254081066,0.00038140490441404367,0.0017820403262633995,-0.0012677684846826975,0.0003847234185368391,-0.0030645926010997235,-0.0004328877370459938,-0.0025567847348876875,-0.002245749553110422,0.00018424110039629168,-2.7476783999119035e-5,8.591040826719883e-5,0.00020274817248413723,-0.0027936091276135385,0.0005532518186781323,0.0027021669638575244,0.00017749397596958944,-0.0011623676972843063,-0.00017130871906371155,0.0015703104280155194,0.000749995711103459,0.0008176471416003416,0.00043723513111591653,-0.00019502867052586826,0.000616520012555296,0.0018516231027988724,0.00021979134334425174,0.004146257704181951,-0.0057458543897195066,-0.0004590184271126234,-0.00015753251470291229,-0.0074665774518149295,0.001771533785547699,-0.0016195059346964307,-0.004755109864764117,0.00017749397596958944,0.01117764670441178,0.00025739823076286156,0.0004885306212288499,-0.0012115424814790295,0.0036453577266861124,0.00046328736477984104,-0.003850802590686911,-0.0012222799615730603,0.001071322093667801,0.0031983502757649425,0.0016341206883624408,-0.005704985322079342,-0.003023322899114638,-0.001178517053067501,0.0008605262646617284,-0.005223979349465991,0.001101485483668839,0.00594240650409399,0.004674883934179112,-0.0011623676972843063,0.00025739823076286156,0.011819990297234805,0.0011990064678869443,-0.0005561141682572002,0.0032881333552655804,-0.001992197821107945,-0.002518438226848188,-0.00013788590308709545,0.0004575667052931187,0.0013163158429067665,0.0008597381983613815,2.6799319815739306e-5,-0.00041730918421883565,0.0007696204682225113,-0.0002659561362407021,-0.0004334232474895417,0.0008290312358537593,0.00029616778891956483,-0.00044039957808009015,-0.00017130871906371155,0.0004885306212288499,0.0011990064678869443,0.0018497882406596812,2.933221478558262e-7,-0.0004111369707632677,-0.0009565717030861243,0.0003613716612338204,-0.0011551102964808735,0.0007300842981448261,-0.002820395849174277,-0.00018783831254775456,-0.0014612461315038656,-0.0013473363711266277,-0.0005554297279415929,-0.0005308017382729027,-0.0002013798201862046,-3.379763084467236e-5,0.00039275126791363534,-0.0005504477971069445,0.0015703104280155194,-0.0012115424814790295,-0.0005561141682572002,2.933221478558262e-7,0.003952054149299149,-0.0003109391695079213,-0.0016630969633401587,-0.0021138893275245304,-0.001742149114441726,0.0006732381905061143,-0.0014063633750238573,-0.0028667809995206487,-0.0036597727245534675,-0.0023371275130575474,0.001851789694610567,0.00023803298256207874,-0.004250905102405302,-0.0006420790850707617,-0.0007497053775057838,0.0020573884254081066,0.000749995711103459,0.0036453577266861124,0.0032881333552655804,-0.0004111369707632677,-0.0003109391695079213,0.008142643071226046,0.0016140808231658204,-0.0017014566843734586,-0.0007321247610851085,0.00012264746550898502,-0.001048683523749423,-0.0015452777103754658,-0.00024438377318244193,0.00023430620627518496,0.0004964671094857291,0.0009591049117700338,0.0021446049165204798,-0.0012213785523765232,-0.0024404555395063925,0.00038140490441404367,0.0008176471416003416,0.00046328736477984104,-0.001992197821107945,-0.0009565717030861243,-0.0016630969633401587,0.0016140808231658204,0.004547168461693788,0.0032883400450703557,3.952273882267549e-5,-0.00024637634256541167,-0.00012615973201172514,-0.0006886101892371282,-0.0008245980908595244,0.0030737373291632344,0.00149937230082486,0.0004270626626336629,0.005224840698134942,-0.0007146656331795003,-0.001494720348239612,0.0017820403262633995,0.00043723513111591653,-0.003850802590686911,-0.002518438226848188,0.0003613716612338204,-0.0021138893275245304,-0.0017014566843734586,0.0032883400450703557,0.00696558011366156
