0.016090724828026894,0.010236278791136779,-0.0006366355396104471,-0.00019601304337590257,0.001984569285328943,-0.004196919500992492,0.00209473561314881,-0.0006583390201107329,-0.004215330739732703,-0.0007809324289304775,-0.0010807318704188907,0.0036782950762381675,-0.0025316998226690415,0.001749035733582834,0.005592000313353324,-0.0003926245795767879,0.002855875541433697,-3.695249568410236e-5,0.0018985559386122614,0.003460194940227273,0.010236278791136779,0.026437449945992137,-0.0004432975158082425,-0.002232010607851587,0.0024109927586991485,-0.0011745945690376511,0.009392622056805617,-0.00013232190468319774,-0.007132147941835509,-0.003176984258956004,-0.005773637688953968,0.007150860859782193,-0.0022527538624327213,-0.0003398026435225965,0.0046645136483218904,-0.0017354196358464402,0.003776669517423549,8.36535169036941e-5,-0.0011757384897404025,-0.0008736174571269116,-0.0006366355396104471,-0.0004432975158082425,0.004461295085207631,-0.0013744006235004132,2.905313316931967e-5,0.001928257477319132,0.0032246305368397957,-0.001408383864262014,0.004182249362003149,-4.548016101221363e-5,0.006876147617173805,-0.0005319863342731801,0.0022671840203086742,0.0040546512620579485,0.001752499090506373,-0.0011335984298398685,-0.0009234751551414386,0.0013880479717048046,0.0020607735389082723,2.4355895262855596e-5,-0.00019601304337590257,-0.002232010607851587,-0.0013744006235004132,0.0075708155560803405,-0.001209907560287072,0.0020125644064046943,-0.0014121502002163674,0.002052864558776916,-0.0020690981423202963,0.0031771803493672555,-0.0070236726578278424,-0.000941649153281878,-0.00340193349962944,-0.002558064778329629,-0.00394836036516494,-0.002587427762218134,0.0018206823092999556,-0.0006098615267966423,-0.00295139556702445,-4.181485082837199e-5,0.001984569285328943,0.0024109927586991485,2.905313316931967e-5,-0.001209907560287072,0.0048175907333889,-0.003507034157440193,-0.004542534733665695,-0.0007364890611515769,-0.001884142735792497,-0.0024570546671666606,0.0013226353679570905,-0.00245877543233211,-0.000865762861151895,0.0049238933122464044,0.0020958466132876144,-0.00201355987759155,0.0010553148655289908,0.00025019903576048853,0.00542656006769017,0.006480220746728825,-0.004196919500992492,-0.0011745945690376511,0.001928257477319132,0.0020125644064046943,-0.003507034157440193,0.011789597760132964,0.009813958196870799,0.0022820429673229515,0.004152124129133833,0.0027989340674814947,-0.0034879107522587834,0.004623418372515821,-0.00020734123034578085,-0.0039036797549157768,-0.0034207480074222437,-0.001988166440487467,0.0004084640568674431,0.00043169734062979464,-0.005497989057713026,-0.010719308597139798,0.00209473561314881,0.009392622056805617,0.0032246305368397957,-0.0014121502002163674,-0.004542534733665695,0.009813958196870799,0.04704136161829449,-0.000839274728310371,0.007147437228775999,0.0011875620148580214,0.004848878321552352,0.008584920766938975,0.0025929403395977156,-0.0056695030205306095,-0.00047538313812381904,0.003026430934452994,0.0010830442491446034,0.0008397312485936556,-0.0083212765687496,-0.011884386708484192,-0.0006583390201107329,-0.00013232190468319774,-0.001408383864262014,0.002052864558776916,-0.0007364890611515769,0.0022820429673229515,-0.000839274728310371,0.00781714364284388,-0.0006442369978147711,0.0010590308586948339,-0.0039020218463040545,0.0018896743804316947,-0.0005940969089141893,0.000322399498956713,-0.0005024740940099146,-0.001466831979782973,0.0016058207984038552,-0.000753149492942855,-0.0036420602928811017,-0.006052735753649009,-0.004215330739732703,-0.007132147941835509,0.004182249362003149,-0.0020690981423202963,-0.001884142735792497,0.004152124129133833,0.007147437228775999,-0.0006442369978147711,0.01779399637428626,-0.00020518860482092254,0.013024012645573737,0.002062784403146733,0.0063136253197058345,0.0033200980525439332,0.0023967624386134825,0.0033779386024724656,-0.003134118010961993,0.0015212783225881186,-0.0017341398829447028,-0.004195089292470767,-0.0007809324289304775,-0.003176984258956004,-4.548016101221363e-5,0.0031771803493672555,-0.0024570546671666606,0.0027989340674814947,0.0011875620148580214,0.0010590308586948339,-0.00020518860482092254,0.010189483609404602,-0.005533144137252782,-0.0012888115297612444,-0.0003536807883975677,-0.005317815804385116,-0.0020769306658381544,-0.00028628936991432726,-0.0017036783052776995,0.0001001398094018661,-0.005374336225589074,-0.005010685117725879,-0.0010807318704188907,-0.005773637688953968,0.006876147617173805,-0.0070236726578278424,0.0013226353679570905,-0.0034879107522587834,0.004848878321552352,-0.0039020218463040545,0.013024012645573737,-0.005533144137252782,0.05692467806735808,-0.00436705783610714,0.013950458558870216,0.01345042719287689,0.006713785792749913,0.01103472350854335,-0.0017522164074148653,0.0009201767756980247,0.012486471097963352,0.010954170075278321,0.0036782950762381675,0.007150860859782193,-0.0005319863342731801,-0.000941649153281878,-0.00245877543233211,0.004623418372515821,0.008584920766938975,0.0018896743804316947,0.002062784403146733,-0.0012888115297612444,-0.00436705783610714,0.016443982836653343,0.00017453799343682477,-0.0055982622886328595,0.004379885053555445,0.0045907823909733065,0.0012605685325434806,-0.00039825683784243393,-0.008705358218726863,-0.009668698651171974,-0.0025316998226690415,-0.0022527538624327213,0.0022671840203086742,-0.00340193349962944,-0.000865762861151895,-0.00020734123034578085,0.0025929403395977156,-0.0005940969089141893,0.0063136253197058345,-0.0003536807883975677,0.013950458558870216,0.00017453799343682477,0.015595189667391398,0.003720558274670387,0.0036191069787173957,0.006854266316171226,-0.0033281887729264947,0.0012320267880678122,-0.0013530595211567328,-0.001863149860146983,0.001749035733582834,-0.0003398026435225965,0.0040546512620579485,-0.002558064778329629,0.0049238933122464044,-0.0039036797549157768,-0.0056695030205306095,0.000322399498956713,0.0033200980525439332,-0.005317815804385116,0.01345042719287689,-0.0055982622886328595,0.003720558274670387,0.02463965142112057,0.0047852727863959684,-0.004501380977452359,-0.0004864743013275199,0.0022085533616072964,0.01576511643159707,0.011416673287028587,0.005592000313353324,0.0046645136483218904,0.001752499090506373,-0.00394836036516494,0.0020958466132876144,-0.0034207480074222437,-0.00047538313812381904,-0.0005024740940099146,0.0023967624386134825,-0.0020769306658381544,0.006713785792749913,0.004379885053555445,0.0036191069787173957,0.0047852727863959684,0.01416997919519722,0.0047888112198863735,-0.0011811111291366336,0.00036072370887821873,0.0015350194749369755,-0.0008161224527861391,-0.0003926245795767879,-0.0017354196358464402,-0.0011335984298398685,-0.002587427762218134,-0.00201355987759155,-0.001988166440487467,0.003026430934452994,-0.001466831979782973,0.0033779386024724656,-0.00028628936991432726,0.01103472350854335,0.0045907823909733065,0.006854266316171226,-0.004501380977452359,0.0047888112198863735,0.028138225067656755,-0.002191045652789959,-0.0015203969914896903,-0.006792854022842601,-0.0034046103703610467,0.002855875541433697,0.003776669517423549,-0.0009234751551414386,0.0018206823092999556,0.0010553148655289908,0.0004084640568674431,0.0010830442491446034,0.0016058207984038552,-0.003134118010961993,-0.0017036783052776995,-0.0017522164074148653,0.0012605685325434806,-0.0033281887729264947,-0.0004864743013275199,-0.0011811111291366336,-0.002191045652789959,0.008714677748028171,-0.00012090312289972401,0.0004523040702383984,0.0017582445871317032,-3.695249568410236e-5,8.36535169036941e-5,0.0013880479717048046,-0.0006098615267966423,0.00025019903576048853,0.00043169734062979464,0.0008397312485936556,-0.000753149492942855,0.0015212783225881186,0.0001001398094018661,0.0009201767756980247,-0.00039825683784243393,0.0012320267880678122,0.0022085533616072964,0.00036072370887821873,-0.0015203969914896903,-0.00012090312289972401,0.002151545896068063,0.00227494341995918,0.0016192073831270332,0.0018985559386122614,-0.0011757384897404025,0.0020607735389082723,-0.00295139556702445,0.00542656006769017,-0.005497989057713026,-0.0083212765687496,-0.0036420602928811017,-0.0017341398829447028,-0.005374336225589074,0.012486471097963352,-0.008705358218726863,-0.0013530595211567328,0.01576511643159707,0.0015350194749369755,-0.006792854022842601,0.0004523040702383984,0.00227494341995918,0.030942231361584596,0.02300605968615911,0.003460194940227273,-0.0008736174571269116,2.4355895262855596e-5,-4.181485082837199e-5,0.006480220746728825,-0.010719308597139798,-0.011884386708484192,-0.006052735753649009,-0.004195089292470767,-0.005010685117725879,0.010954170075278321,-0.009668698651171974,-0.001863149860146983,0.011416673287028587,-0.0008161224527861391,-0.0034046103703610467,0.0017582445871317032,0.0016192073831270332,0.02300605968615911,0.04737868415933849
0.019159173354218965,-0.0025609371855364257,-0.0012349002607259076,1.5943311925923492e-5,0.0009823088082960975,0.0009873559043530955,0.010932801387564764,-0.002256538897640925,0.0012063826735583853,0.0036229701518480442,0.0024133112858062784,0.0018237409827458557,0.003895688020446564,0.004089219218358918,0.0036599651629989323,-0.003247828372154144,-0.0005872571006537257,0.0024981443484064854,-0.0035452082120496263,0.010375483024826996,-0.0025609371855364257,0.022496198133548896,-0.0015706668686015462,0.0034587166568590903,0.0012165913111356322,0.0011235122975859302,-0.020357641483185855,0.002506227969014708,0.0022136626464838126,-0.004991332155459319,0.001149936602711828,-0.0061612525540861406,-0.0055496054067283515,-0.0030064348479779436,-0.005185566442453219,-0.0016344168181538009,0.008327155884631215,-0.0013652849008668078,0.003965325604975309,0.00044829827570447246,-0.0012349002607259076,-0.0015706668686015462,0.007118212118730464,-0.0031757278050843314,3.055507226838619e-6,-0.0020847769315904064,0.0008541497037016614,0.002558952712513211,-0.004568913711009674,-0.004392562939273448,0.006115169657125493,0.0035756775862825435,0.003001936062445339,0.0002904553359476196,0.0008691079230237144,-0.0026607609360768773,-0.0073882705162826405,0.0008634483051712205,-0.0030643354277603077,0.009223157518716094,1.5943311925923492e-5,0.0034587166568590903,-0.0031757278050843314,0.012303702763160717,0.0028578178161785353,0.0022027515088430642,0.0041814827735657464,-0.0013645183729802403,0.004801339987536457,-0.000308631115334166,-0.008085776647484454,-0.0018621561599965638,0.000935936109325358,-0.0004298527448305335,0.0004257688732258358,0.011025089578510129,0.008847033412157401,-0.0009345523398168322,0.005748998673853266,-0.007532340334779942,0.0009823088082960975,0.0012165913111356322,3.055507226838619e-6,0.0028578178161785353,0.0054364993186771645,4.723359312369072e-5,0.0011675990117598057,0.0006201850702858872,0.003466940006302635,-0.0006749477181008392,0.0011835432514690132,-6.825572747914542e-6,-0.0009448366920684659,-0.00039326097008144365,0.0023811698445008913,0.002404833822700428,0.002594806307813157,0.0012344689756353475,0.003015550758891608,0.0033362664072174473,0.0009873559043530955,0.0011235122975859302,-0.0020847769315904064,0.0022027515088430642,4.723359312369072e-5,0.003537850790531924,-0.0006561916938130927,-0.000845599676248517,0.0022942238390669502,0.0022364530362802846,-0.0025500939630106563,-0.0019339771916678447,0.0012433127061978514,0.0009947289857608057,-0.0005113293113488219,0.003510919235378592,0.0040188381554280474,0.00018721106380757696,0.0018637020389076372,-0.0005262753132504635,0.010932801387564764,-0.020357641483185855,0.0008541497037016614,0.0041814827735657464,0.0011675990117598057,-0.0006561916938130927,0.09964999356581011,-0.008853917215469085,0.001839616261866653,0.015927687681026544,-0.014324701916104087,0.012628206781859524,0.021039096229917398,0.004708268469962954,0.014384282533992076,0.021013963578149466,-0.00927812390661946,-0.0004346397540671834,-0.008124996604875775,-0.01095277731996707,-0.002256538897640925,0.002506227969014708,0.002558952712513211,-0.0013645183729802403,0.0006201850702858872,-0.000845599676248517,-0.008853917215469085,0.007185328567679859,-0.001964147064572092,-0.0015310538589892349,0.013692543777642917,0.0014133434803280552,-0.005491718369343066,0.0019387864366026074,-0.0013080055533350328,-0.006754158931802133,-0.00035803023432751715,0.0009461152182422028,0.002889005844705199,0.005942858359796815,0.0012063826735583853,0.0022136626464838126,-0.004568913711009674,0.004801339987536457,0.003466940006302635,0.0022942238390669502,0.001839616261866653,-0.001964147064572092,0.01256601539416487,0.002281943341422704,-0.006873521872749198,-0.0011104535558332685,-0.0009239775154293102,-0.0004381592207924666,0.0025170883589604323,0.007570725739427757,0.00582639912824218,0.0009051706513635712,0.004810866935991585,-0.004158793154897523,0.0036229701518480442,-0.004991332155459319,-0.004392562939273448,-0.000308631115334166,-0.0006749477181008392,0.0022364530362802846,0.015927687681026544,-0.0015310538589892349,0.002281943341422704,0.016766540061699496,0.0006707488660439502,0.001970744864560312,-0.000670825328940604,0.006807692520329416,0.0010712122794213122,0.00242730386518707,0.004755021870667741,-0.00023981431539413396,0.001778927777085545,-0.009821424766670894,0.0024133112858062784,0.001149936602711828,0.006115169657125493,-0.008085776647484454,0.0011835432514690132,-0.0025500939630106563,-0.014324701916104087,0.013692543777642917,-0.006873521872749198,0.0006707488660439502,0.06159691155469242,0.007434314785543465,-0.015678136461591434,0.012852254157781785,-0.0008705584847658128,-0.030628118903763962,-0.0035513648973172942,0.004457422163369235,0.004100533755942771,0.013578251919326026,0.0018237409827458557,-0.0061612525540861406,0.0035756775862825435,-0.0018621561599965638,-6.825572747914542e-6,-0.0019339771916678447,0.012628206781859524,0.0014133434803280552,-0.0011104535558332685,0.001970744864560312,0.007434314785543465,0.01611709495359728,0.0003309007371264601,0.0035521859416074966,0.005572888411694065,-0.005536169637576091,-0.0061375604494532405,0.0011499754705073927,-0.0011222992782157874,0.004268846284628594,0.003895688020446564,-0.0055496054067283515,0.003001936062445339,0.000935936109325358,-0.0009448366920684659,0.0012433127061978514,0.021039096229917398,-0.005491718369343066,-0.0009239775154293102,-0.000670825328940604,-0.015678136461591434,0.0003309007371264601,0.022693324186870457,-0.0046736252192733346,0.00402971727383581,0.01274825950958101,-0.0050095007319458686,-0.000625215973910261,-0.006864257877473053,0.004585966239080058,0.004089219218358918,-0.0030064348479779436,0.0002904553359476196,-0.0004298527448305335,-0.00039326097008144365,0.0009947289857608057,0.004708268469962954,0.0019387864366026074,-0.0004381592207924666,0.006807692520329416,0.012852254157781785,0.0035521859416074966,-0.0046736252192733346,0.019538718567072177,0.0016079819588838082,-0.002944276777403276,0.0009471037248358914,0.0019884245406945797,0.0006910410118400575,-0.0006622009544275608,0.0036599651629989323,-0.005185566442453219,0.0008691079230237144,0.0004257688732258358,0.0023811698445008913,-0.0005113293113488219,0.014384282533992076,-0.0013080055533350328,0.0025170883589604323,0.0010712122794213122,-0.0008705584847658128,0.005572888411694065,0.00402971727383581,0.0016079819588838082,0.010456307476640924,0.0017343907108626853,-0.004832602224050038,0.001989951398464573,-0.0027364273534510597,0.007041808292002287,-0.003247828372154144,-0.0016344168181538009,-0.0026607609360768773,0.011025089578510129,0.002404833822700428,0.003510919235378592,0.021013963578149466,-0.006754158931802133,0.007570725739427757,0.00242730386518707,-0.030628118903763962,-0.005536169637576091,0.01274825950958101,-0.002944276777403276,0.0017343907108626853,0.04087910794632983,0.004088364408725773,-0.0013952216199552693,-0.0006793212240127182,-0.011853192679845574,-0.0005872571006537257,0.008327155884631215,-0.0073882705162826405,0.008847033412157401,0.002594806307813157,0.0040188381554280474,-0.00927812390661946,-0.00035803023432751715,0.00582639912824218,0.004755021870667741,-0.0035513648973172942,-0.0061375604494532405,-0.0050095007319458686,0.0009471037248358914,-0.004832602224050038,0.004088364408725773,0.022540588352610476,-0.0020033628528107915,0.012967734846940155,-0.011992568644032555,0.0024981443484064854,-0.0013652849008668078,0.0008634483051712205,-0.0009345523398168322,0.0012344689756353475,0.00018721106380757696,-0.0004346397540671834,0.0009461152182422028,0.0009051706513635712,-0.00023981431539413396,0.004457422163369235,0.0011499754705073927,-0.000625215973910261,0.0019884245406945797,0.001989951398464573,-0.0013952216199552693,-0.0020033628528107915,0.003109843511036184,-0.0009568808880829916,0.006261162627203139,-0.0035452082120496263,0.003965325604975309,-0.0030643354277603077,0.005748998673853266,0.003015550758891608,0.0018637020389076372,-0.008124996604875775,0.002889005844705199,0.004810866935991585,0.001778927777085545,0.004100533755942771,-0.0011222992782157874,-0.006864257877473053,0.0006910410118400575,-0.0027364273534510597,-0.0006793212240127182,0.012967734846940155,-0.0009568808880829916,0.021820604493917106,-0.007664643341338703,0.010375483024826996,0.00044829827570447246,0.009223157518716094,-0.007532340334779942,0.0033362664072174473,-0.0005262753132504635,-0.01095277731996707,0.005942858359796815,-0.004158793154897523,-0.009821424766670894,0.013578251919326026,0.004268846284628594,0.004585966239080058,-0.0006622009544275608,0.007041808292002287,-0.011853192679845574,-0.011992568644032555,0.006261162627203139,-0.007664643341338703,0.0646088306586337
0.06177422418240586,0.036098540341319596,-0.00225320713817419,-0.009376378386044064,0.002496480302409823,0.018714809737880443,0.022584344631414222,0.014060969940911158,0.02721938805274509,0.0003616786717393714,0.017750428566474262,-0.008578581731663551,0.00015497887956648568,0.0053890110279373425,-0.00785526953997935,0.03366348379914713,-0.0016943160415149384,0.0022361366961069183,0.006002466605370158,-0.012980328363416655,0.036098540341319596,0.051516468876659366,-0.00014225102299938314,-0.00497870569895203,0.008163939028380238,0.01765924094075765,0.009382983161446399,0.014736241346783342,0.02616795607115452,-0.00022099126162875102,0.02098360965376693,0.0042231735434922965,0.006131415229588001,-0.012962723425815127,-0.009271232847464544,0.020080874474668334,-0.009690320979021633,-0.001253417045593484,-0.003774498000097473,0.012103184728313544,-0.00225320713817419,-0.00014225102299938314,0.005250751665757754,0.002835813808348006,0.0015813409941599298,-0.0013973561345259158,0.0027916181010252893,-0.00022226649757804175,-0.000235843497041289,0.0026238507328460764,0.0017913856069603972,0.0006633346442194126,0.002574128710961775,-0.006014978129802525,0.0025006177851766968,0.002519865435994418,0.0007264690341595582,0.0010886512179266849,0.004179251358205738,0.0017773838502158712,-0.009376378386044064,-0.00497870569895203,0.002835813808348006,0.008990527994424595,0.0012334103214337556,-0.0031995967809018244,-8.264714295590139e-5,-0.00210375403972575,-0.004986184116723099,0.001351161533343331,0.0013171528242157042,0.0032874971883145527,0.004110494138424304,-0.0027549920755484255,0.005534636290643982,-0.004083868271351932,0.003115076689410708,0.001111356852490758,0.002795249897939122,0.004959402970865731,0.002496480302409823,0.008163939028380238,0.0015813409941599298,0.0012334103214337556,0.005718026742909146,0.0030430621851760507,0.0022121292293282965,0.0030876028907171472,0.0030874456951918406,0.0007555807516980395,0.004937828046088263,0.003541356206479931,0.004441491134694726,-0.008868742370502381,-0.0005723148137124289,0.0014725990870423174,-0.0027075556473645096,-0.0007018238970971161,-0.001190107930423425,0.007628811587575242,0.018714809737880443,0.01765924094075765,-0.0013973561345259158,-0.0031995967809018244,0.0030430621851760507,0.010351491164469147,0.006637823363152814,0.006608121111240244,0.010163093084415764,-0.0005663877124701459,0.007820591118051692,0.0004563833706856667,0.0016530827443119287,-0.0035624285174159966,-0.0038982561078861003,0.009043295764998368,-0.00312137300946144,-0.000936753286755084,-0.0022982253761294627,0.004532270578684352,0.022584344631414222,0.009382983161446399,0.0027916181010252893,-8.264714295590139e-5,0.0022121292293282965,0.006637823363152814,0.050200376905184724,0.0020005854327848523,0.004603108602257438,-0.0012875040525036458,0.004337198212685241,-0.0012292733457997837,0.0013098578206086253,-0.004655023924515302,0.00590908182111112,0.0067515858345083835,0.008143357672919868,0.004644392018319133,0.0054060755676244,-0.009524836768850731,0.014060969940911158,0.014736241346783342,-0.00022226649757804175,-0.00210375403972575,0.0030876028907171472,0.006608121111240244,0.0020005854327848523,0.009417940315065248,0.011244314129134344,0.0004277648197761122,0.005978268344652243,0.00017871936334032325,0.002589639937331329,-0.004808068779302413,-0.004651426498170451,0.008325587807703224,-0.0035023466230342816,-0.0016487995676422017,-0.002490492752953986,0.007896647831812164,0.02721938805274509,0.02616795607115452,-0.000235843497041289,-0.004986184116723099,0.0030874456951918406,0.010163093084415764,0.004603108602257438,0.011244314129134344,0.031021502200171358,0.007929431973188175,0.019366395440234496,-0.0021194466608977025,0.0038178862224364655,0.0007200927914608999,-0.013014432973257873,0.024051608395178337,-0.0060621214767289724,-0.0017405458815230503,-0.0011732936048522876,0.0005967262450892793,0.0003616786717393714,-0.00022099126162875102,0.0026238507328460764,0.001351161533343331,0.0007555807516980395,-0.0005663877124701459,-0.0012875040525036458,0.0004277648197761122,0.007929431973188175,0.014418841659377778,0.010374217970080804,3.6651431465633795e-5,0.006297184255096359,0.0038065533370225495,-0.0047028886003255485,0.009243809670698537,-0.0014739263024552167,-0.0016072820130506133,0.0024593871575461466,0.00017741923223281604,0.017750428566474262,0.02098360965376693,0.0017913856069603972,0.0013171528242157042,0.004937828046088263,0.007820591118051692,0.004337198212685241,0.005978268344652243,0.019366395440234496,0.010374217970080804,0.036400177640211306,0.003227629106434494,0.008107395345450373,-0.001042733206566534,-0.007568542507821234,0.019420225952371722,-0.0014586642966311868,-0.00123677711548909,0.00023325090654525288,0.0043596461302918,-0.008578581731663551,0.0042231735434922965,0.0006633346442194126,0.0032874971883145527,0.003541356206479931,0.0004563833706856667,-0.0012292733457997837,0.00017871936334032325,-0.0021194466608977025,3.6651431465633795e-5,0.003227629106434494,0.014573281589428957,0.0059379636987766,-0.005230716272274871,0.00022222259335138352,-0.008145558077800118,0.000746224534567497,-0.0010124458652609252,-0.00487254595171356,0.015491257566823763,0.00015497887956648568,0.006131415229588001,0.002574128710961775,0.004110494138424304,0.004441491134694726,0.0016530827443119287,0.0013098578206086253,0.002589639937331329,0.0038178862224364655,0.006297184255096359,0.008107395345450373,0.0059379636987766,0.016706872280915146,-0.0056792677388765355,-0.00012199735873820352,0.0028907916657301123,-0.0011506731511737771,-0.0011834781841107496,0.0002717533341613747,0.011418375799724132,0.0053890110279373425,-0.012962723425815127,-0.006014978129802525,-0.0027549920755484255,-0.008868742370502381,-0.0035624285174159966,-0.004655023924515302,-0.004808068779302413,0.0007200927914608999,0.0038065533370225495,-0.001042733206566534,-0.005230716272274871,-0.0056792677388765355,0.039476219148590196,-0.002871182395529314,0.007413415188406951,0.004608366895977467,0.0005233583103615391,0.006016946056381702,-0.01639436091424528,-0.00785526953997935,-0.009271232847464544,0.0025006177851766968,0.005534636290643982,-0.0005723148137124289,-0.0038982561078861003,0.00590908182111112,-0.004651426498170451,-0.013014432973257873,-0.0047028886003255485,-0.007568542507821234,0.00022222259335138352,-0.00012199735873820352,-0.002871182395529314,0.0174090366414865,-0.010127847880261267,0.006279143990359765,0.0037609176407900793,0.006360835774460515,-0.004432176759674292,0.03366348379914713,0.020080874474668334,0.002519865435994418,-0.004083868271351932,0.0014725990870423174,0.009043295764998368,0.0067515858345083835,0.008325587807703224,0.024051608395178337,0.009243809670698537,0.019420225952371722,-0.008145558077800118,0.0028907916657301123,0.007413415188406951,-0.010127847880261267,0.0447601157273991,-0.002046466181855893,0.0013536571828826351,0.01121147906175382,-0.011112973204119785,-0.0016943160415149384,-0.009690320979021633,0.0007264690341595582,0.003115076689410708,-0.0027075556473645096,-0.00312137300946144,0.008143357672919868,-0.0035023466230342816,-0.0060621214767289724,-0.0014739263024552167,-0.0014586642966311868,0.000746224534567497,-0.0011506731511737771,0.004608366895977467,0.006279143990359765,-0.002046466181855893,0.014193790189099376,0.0034903071349607624,0.005453294127387128,-0.006349357991653155,0.0022361366961069183,-0.001253417045593484,0.0010886512179266849,0.001111356852490758,-0.0007018238970971161,-0.000936753286755084,0.004644392018319133,-0.0016487995676422017,-0.0017405458815230503,-0.0016072820130506133,-0.00123677711548909,-0.0010124458652609252,-0.0011834781841107496,0.0005233583103615391,0.0037609176407900793,0.0013536571828826351,0.0034903071349607624,0.004000597474085925,0.006839634866867778,-0.005681546912977214,0.006002466605370158,-0.003774498000097473,0.004179251358205738,0.002795249897939122,-0.001190107930423425,-0.0022982253761294627,0.0054060755676244,-0.002490492752953986,-0.0011732936048522876,0.0024593871575461466,0.00023325090654525288,-0.00487254595171356,0.0002717533341613747,0.006016946056381702,0.006360835774460515,0.01121147906175382,0.005453294127387128,0.006839634866867778,0.027772575578450132,-0.010622773145408233,-0.012980328363416655,0.012103184728313544,0.0017773838502158712,0.004959402970865731,0.007628811587575242,0.004532270578684352,-0.009524836768850731,0.007896647831812164,0.0005967262450892793,0.00017741923223281604,0.0043596461302918,0.015491257566823763,0.011418375799724132,-0.01639436091424528,-0.004432176759674292,-0.011112973204119785,-0.006349357991653155,-0.005681546912977214,-0.010622773145408233,0.0590641018086738
