0.011839292958740201,0.000727977854249368,0.0006783609015425978,0.0009861254199435307,0.00051669504795702,0.0006673582455909253,0.0008149965061742001,0.0016143148159111062,0.0010234766622248667,0.0018202952565550359,0.003618450518587328,-0.00041365994083914447,0.0009751586277136212,-4.258192925767675e-5,-0.0015330414965395926,-0.0005948379153287798,-0.0007582825783143436,0.0009503676182445752,0.0016510118625415028,0.004352618012754441,0.000727977854249368,0.012957990706083304,0.0009762484264994554,-0.0002580657409970824,-0.0005942322402186976,0.0010341562472386183,0.001604260699017466,-0.0001613576696016862,-0.001280814769968352,-0.0008721984239375682,0.00281376266440242,0.0028344074516390267,-0.0007326963955607994,0.0005324761602821661,-0.000364010778920636,-0.00035485290749505193,0.0005398322593872699,-0.0005030830666580445,0.0011813091746728146,0.0023900735104720443,0.0006783609015425978,0.0009762484264994554,0.0015836967321355394,0.0001344362080435277,1.4860806436651185e-5,0.0002903133466243378,-0.000688491017336852,0.0003226675917937293,3.526973877266821e-5,-0.00015483730995963718,0.0008136823687399453,0.0003022686182436651,2.651928648757127e-5,0.00029199323650320444,-4.916997260156436e-7,-0.00017184708349156716,8.941248794660295e-5,-2.947852027967605e-5,-0.00027425898529334213,0.0012589424543065536,0.0009861254199435307,-0.0002580657409970824,0.0001344362080435277,0.004779112598854337,0.0006577303211864789,0.0007167569332947312,-0.0006814885634267916,0.0007291233279080161,0.0003729291737749866,0.0002446126951436272,-0.0003746873605172109,-0.0008670978327825899,0.00015169913204354682,0.0004428522052657705,0.00041295485372341823,-0.0005408030738421553,0.0010975161810102716,-0.0009014826001746728,-0.0011507024446891743,0.0021663778815184066,0.00051669504795702,-0.0005942322402186976,1.4860806436651185e-5,0.0006577303211864789,0.002279392546077674,0.00041047103344660945,0.0001506208969451679,0.0001574439697967606,0.0004684929306129009,0.0004418675013903569,-0.000438904120439043,7.693264889239795e-5,-0.000650645199922534,-9.865296907525295e-5,-3.544957068485105e-5,7.865466745832987e-5,0.0010842354492623984,0.00024747178609806325,0.0005048583504994504,0.00047048028574100573,0.0006673582455909253,0.0010341562472386183,0.0002903133466243378,0.0007167569332947312,0.00041047103344660945,0.002339179990811773,0.00069234759683668,7.963822019083984e-5,-0.00010711090396164203,7.598861113647594e-5,0.0012908103166924634,-0.000461451250329893,-0.0001500786717843477,0.0007589408084613565,-0.00020402900600128171,0.00032082093173311165,0.0009170185542040026,0.00012869628375254474,0.0008670412075015265,0.0018155804925338932,0.0008149965061742001,0.001604260699017466,-0.000688491017336852,-0.0006814885634267916,0.0001506208969451679,0.00069234759683668,0.03968121237241553,-0.0022698331904358817,0.002232175125318949,0.001126760887951898,-0.0057311588883074685,0.0014046432693352534,1.4310190285216603e-5,4.160491404186581e-5,-0.00017300323312522466,0.003979712433287919,0.002295000194824439,0.000797777107589135,0.004774901010328342,-0.0038330111469752908,0.0016143148159111062,-0.0001613576696016862,0.0003226675917937293,0.0007291233279080161,0.0001574439697967606,7.963822019083984e-5,-0.0022698331904358817,0.002700007669834653,0.001319711433515688,0.00029169075281972235,0.001137462108147073,-0.00015734723977807647,0.0007396336129988888,0.00017786050559489766,-3.4672449097547924e-5,0.0006549621036219823,-0.0003089965353895175,-6.94493304004614e-5,0.0003210967187276381,0.002425059320495669,0.0010234766622248667,-0.001280814769968352,3.526973877266821e-5,0.0003729291737749866,0.0004684929306129009,-0.00010711090396164203,0.002232175125318949,0.001319711433515688,0.007494397219274911,-0.00021908444664397526,-2.6211797917012543e-5,-0.00025610074467960833,0.0012805111178130274,-0.0002582840288094928,0.00037305157970499473,0.000144226887509314,0.0007100046321937889,0.00024705228351342107,0.0020994709739689363,0.00260059848400743,0.0018202952565550359,-0.0008721984239375682,-0.00015483730995963718,0.0002446126951436272,0.0004418675013903569,7.598861113647594e-5,0.001126760887951898,0.00029169075281972235,-0.00021908444664397526,0.006038785812683793,0.0006854052620455491,-0.0003045094748168767,0.0013082553325786982,-0.00010813266239232061,0.0004537261595050623,0.0013725300329979636,0.00022349908364143102,6.211882715442955e-5,0.00023531581069781635,-0.0026142281770041038,0.003618450518587328,0.00281376266440242,0.0008136823687399453,-0.0003746873605172109,-0.000438904120439043,0.0012908103166924634,-0.0057311588883074685,0.001137462108147073,-2.6211797917012543e-5,0.0006854052620455491,0.01862381729608428,4.1779343691432953e-5,0.001989398264225982,-0.00028214718746811667,-0.00037008215714101926,-0.0015299434083730135,-0.0016302268753014,0.0006456253061570315,0.0019836070606210386,0.00736357537057605,-0.00041365994083914447,0.0028344074516390267,0.0003022686182436651,-0.0008670978327825899,7.693264889239795e-5,-0.000461451250329893,0.0014046432693352534,-0.00015734723977807647,-0.00025610074467960833,-0.0003045094748168767,4.1779343691432953e-5,0.007114008232661615,-0.0004973901657441248,0.0005807803380946735,-0.0001595298940229838,-0.0017177913267539399,0.0007659322526092901,-0.0004573399095371958,-0.0004136703868756121,-0.0016371203605639929,0.0009751586277136212,-0.0007326963955607994,2.651928648757127e-5,0.00015169913204354682,-0.000650645199922534,-0.0001500786717843477,1.4310190285216603e-5,0.0007396336129988888,0.0012805111178130274,0.0013082553325786982,0.001989398264225982,-0.0004973901657441248,0.008937372736246403,0.001929895848070155,0.0012035117328738011,0.0023179686781090716,-0.00034149530563723897,0.0007616718609897864,0.0022288883858489154,-0.0014059707837848086,-4.258192925767675e-5,0.0005324761602821661,0.00029199323650320444,0.0004428522052657705,-9.865296907525295e-5,0.0007589408084613565,4.160491404186581e-5,0.00017786050559489766,-0.0002582840288094928,-0.00010813266239232061,-0.00028214718746811667,0.0005807803380946735,0.001929895848070155,0.009219754392185668,0.0008422300218173818,0.0018440821471467968,0.001714823949120522,0.00042216328033377673,0.002204652511291587,-0.0009949636353697392,-0.0015330414965395926,-0.000364010778920636,-4.916997260156436e-7,0.00041295485372341823,-3.544957068485105e-5,-0.00020402900600128171,-0.00017300323312522466,-3.4672449097547924e-5,0.00037305157970499473,0.0004537261595050623,-0.00037008215714101926,-0.0001595298940229838,0.0012035117328738011,0.0008422300218173818,0.005963890253744288,0.0011941246404610676,1.0015221530451279e-5,-0.000712770212149449,-0.0007747814326012378,0.001003472065278677,-0.0005948379153287798,-0.00035485290749505193,-0.00017184708349156716,-0.0005408030738421553,7.865466745832987e-5,0.00032082093173311165,0.003979712433287919,0.0006549621036219823,0.000144226887509314,0.0013725300329979636,-0.0015299434083730135,-0.0017177913267539399,0.0023179686781090716,0.0018440821471467968,0.0011941246404610676,0.014029895128340929,-0.0007218304987694026,0.0004534496606164104,0.0022228620180541206,-0.0012488878669170585,-0.0007582825783143436,0.0005398322593872699,8.941248794660295e-5,0.0010975161810102716,0.0010842354492623984,0.0009170185542040026,0.002295000194824439,-0.0003089965353895175,0.0007100046321937889,0.00022349908364143102,-0.0016302268753014,0.0007659322526092901,-0.00034149530563723897,0.001714823949120522,1.0015221530451279e-5,-0.0007218304987694026,0.0070273418077699875,-0.00015788810435306158,0.0008803953236620453,0.001634054192666145,0.0009503676182445752,-0.0005030830666580445,-2.947852027967605e-5,-0.0009014826001746728,0.00024747178609806325,0.00012869628375254474,0.000797777107589135,-6.94493304004614e-5,0.00024705228351342107,6.211882715442955e-5,0.0006456253061570315,-0.0004573399095371958,0.0007616718609897864,0.00042216328033377673,-0.000712770212149449,0.0004534496606164104,-0.00015788810435306158,0.0024806509327283495,0.0021138380304803923,-0.0008667600827371051,0.0016510118625415028,0.0011813091746728146,-0.00027425898529334213,-0.0011507024446891743,0.0005048583504994504,0.0008670412075015265,0.004774901010328342,0.0003210967187276381,0.0020994709739689363,0.00023531581069781635,0.0019836070606210386,-0.0004136703868756121,0.0022288883858489154,0.002204652511291587,-0.0007747814326012378,0.0022228620180541206,0.0008803953236620453,0.0021138380304803923,0.012681069260189344,0.0017216866995774956,0.004352618012754441,0.0023900735104720443,0.0012589424543065536,0.0021663778815184066,0.00047048028574100573,0.0018155804925338932,-0.0038330111469752908,0.002425059320495669,0.00260059848400743,-0.0026142281770041038,0.00736357537057605,-0.0016371203605639929,-0.0014059707837848086,-0.0009949636353697392,0.001003472065278677,-0.0012488878669170585,0.001634054192666145,-0.0008667600827371051,0.0017216866995774956,0.03260800760595899
0.010555833408566808,0.003413888079181534,0.0004820672398655489,2.9369992784385187e-5,0.0005172859124762859,0.0007510729072206647,0.0031051734137540563,0.0007878606941081407,0.0018560688211001013,-0.000300618464532058,0.0015503170657309524,0.0024201159327190153,0.0011075910389409518,0.0044362067795165674,0.0019357773829993302,0.0022743832988931117,0.0010615749476815882,0.0002790036429996748,0.0012260538412301784,0.00011442510640673353,0.003413888079181534,0.014940067799368248,-0.0003382470034314436,-0.000136375180298781,0.0015689569018982582,2.5178570740523773e-5,0.006407146691914748,0.0007755072494464777,0.001848694691563929,0.001680959809307499,0.000613337152117682,-1.7358584770465343e-5,0.0013471632706138488,0.0033229478004406687,0.00028478935784470734,-0.0009035904542619589,0.0007181837673264819,0.0005102957449194289,0.0006613190823503061,-0.0003666298432844962,0.0004820672398655489,-0.0003382470034314436,0.0022965943683652358,0.000726518065494982,0.00033940247533551914,3.5191887632403515e-5,0.0013284655137815273,0.00022969552786079926,-0.00026961753297466136,0.0004262500800968302,0.00030720682326955233,0.0010630619951576084,0.0012592518418494535,0.0004097425655471801,0.0008595202758634602,0.001924812508033166,0.0008686743470529936,0.0004403619764313119,0.0012357957853503273,0.0009053261806594769,2.9369992784385187e-5,-0.000136375180298781,0.000726518065494982,0.004407289292288531,0.000234224483665431,-0.0004936696290200296,0.0023988138524389086,0.0005063914566224741,0.0009020002137164463,0.00048714325468418227,0.0007232391165593307,0.0015294043039921997,0.000900049880382865,0.0005519328536465776,0.0003735452934779984,0.0008837063292442375,0.001113077546597952,0.0005305151573205514,0.0015236017279026202,-0.00026954486916481025,0.0005172859124762859,0.0015689569018982582,0.00033940247533551914,0.000234224483665431,0.002296162494664099,-7.231423175260307e-5,0.0027337725690406984,0.00024230478357051288,0.0004660559466526467,0.00021243116184032555,0.00172626778341139,0.0005087947460061243,0.0007064342292962317,0.0011859546008599138,0.0006341935800073354,0.0005828012627800076,0.0008408418213890266,0.0002261300390630499,0.0005363958682523121,-0.0006534575852239067,0.0007510729072206647,2.5178570740523773e-5,3.5191887632403515e-5,-0.0004936696290200296,-7.231423175260307e-5,0.002185047662429283,-0.0004449090856149479,-7.17439779484122e-5,0.0006491541331724812,-0.00021153723689066863,-0.0008020708825350062,0.0005073168815840293,0.0002755135463269401,0.00032386872845710854,0.000796826301018442,0.0007678935817277608,-0.0004137982891009807,0.00017757814863629187,-0.0006804750299775921,0.0008623838837508967,0.0031051734137540563,0.006407146691914748,0.0013284655137815273,0.0023988138524389086,0.0027337725690406984,-0.0004449090856149479,0.03858059686698227,-0.0003750115119321969,0.002067423866588705,0.0010463069152907433,0.004595738089038048,0.0019582144004634677,0.002829725788347526,0.005438399448166691,-0.00030782781717091757,0.0009663603277170211,0.003109458577689939,0.002984695582801052,0.0036620589577464244,0.0006125778408049106,0.0007878606941081407,0.0007755072494464777,0.00022969552786079926,0.0005063914566224741,0.00024230478357051288,-7.17439779484122e-5,-0.0003750115119321969,0.0033197482661638596,-0.0002499233917863926,-3.722581403961891e-5,0.0008878690327287578,0.001052603215786054,0.0007154709646826523,0.0013510391534556337,0.0011456853838667028,-0.00032409403868831365,0.0008422401802148108,-9.608675738630371e-5,0.0020191046349564094,0.0017335687665671162,0.0018560688211001013,0.001848694691563929,-0.00026961753297466136,0.0009020002137164463,0.0004660559466526467,0.0006491541331724812,0.002067423866588705,-0.0002499233917863926,0.007939863189361508,0.0006522593904616379,0.0010491811442260093,0.0011717793215035369,-8.480488960504123e-5,0.0018446542108706578,0.0003751582196011443,0.00249950729864746,0.0005137279358479701,0.00037118893594040737,-0.0014238667418294678,-0.0007082829269131897,-0.000300618464532058,0.001680959809307499,0.0004262500800968302,0.00048714325468418227,0.00021243116184032555,-0.00021153723689066863,0.0010463069152907433,-3.722581403961891e-5,0.0006522593904616379,0.004734447262235666,-0.00011980760766464567,0.0003656340673333461,0.000315396659121713,0.00048707670735804217,-8.920683233713502e-5,0.0005689281287104782,0.00021477160002311309,0.0003442741880847773,0.0002878668446975373,0.0009415514492512897,0.0015503170657309524,0.000613337152117682,0.00030720682326955233,0.0007232391165593307,0.00172626778341139,-0.0008020708825350062,0.004595738089038048,0.0008878690327287578,0.0010491811442260093,-0.00011980760766464567,0.016912341655591346,0.0011251104934125854,-0.00033487643216150006,0.00014739796498835066,0.001159096726696257,0.0013396980052768743,0.003360567784612896,9.764447221645965e-5,0.00134018118561609,-0.0025350040400234225,0.0024201159327190153,-1.7358584770465343e-5,0.0010630619951576084,0.0015294043039921997,0.0005087947460061243,0.0005073168815840293,0.0019582144004634677,0.001052603215786054,0.0011717793215035369,0.0003656340673333461,0.0011251104934125854,0.008069296428917693,0.0016896300437068146,0.0023430428399466236,0.002484003043699849,0.0024246027461401636,0.001162976659500097,0.0008884749239188355,0.002210499411023395,0.002263884964852048,0.0011075910389409518,0.0013471632706138488,0.0012592518418494535,0.000900049880382865,0.0007064342292962317,0.0002755135463269401,0.002829725788347526,0.0007154709646826523,-8.480488960504123e-5,0.000315396659121713,-0.00033487643216150006,0.0016896300437068146,0.00834723160237761,0.0017456254635091787,0.0005566741568278186,0.0011157339744727354,0.0009539118675080342,0.000779636001974335,0.0006150096262078948,0.002897250834270058,0.0044362067795165674,0.0033229478004406687,0.0004097425655471801,0.0005519328536465776,0.0011859546008599138,0.00032386872845710854,0.005438399448166691,0.0013510391534556337,0.0018446542108706578,0.00048707670735804217,0.00014739796498835066,0.0023430428399466236,0.0017456254635091787,0.013815786050842827,0.00031798340038964964,0.0015149046004379132,-0.00017853939274472551,0.0006475371056276211,0.0026972011757273665,0.0026143932134017325,0.0019357773829993302,0.00028478935784470734,0.0008595202758634602,0.0003735452934779984,0.0006341935800073354,0.000796826301018442,-0.00030782781717091757,0.0011456853838667028,0.0003751582196011443,-8.920683233713502e-5,0.001159096726696257,0.002484003043699849,0.0005566741568278186,0.00031798340038964964,0.006636973360047962,0.0027697295691533797,0.0010014994068296011,0.00013123653026339498,0.0013611956459570226,-0.000402448538704122,0.0022743832988931117,-0.0009035904542619589,0.001924812508033166,0.0008837063292442375,0.0005828012627800076,0.0007678935817277608,0.0009663603277170211,-0.00032409403868831365,0.00249950729864746,0.0005689281287104782,0.0013396980052768743,0.0024246027461401636,0.0011157339744727354,0.0015149046004379132,0.0027697295691533797,0.015973666972512183,3.0253283081308384e-5,0.0006211411985488694,-0.0010097142522526694,0.00323375501261193,0.0010615749476815882,0.0007181837673264819,0.0008686743470529936,0.001113077546597952,0.0008408418213890266,-0.0004137982891009807,0.003109458577689939,0.0008422401802148108,0.0005137279358479701,0.00021477160002311309,0.003360567784612896,0.001162976659500097,0.0009539118675080342,-0.00017853939274472551,0.0010014994068296011,3.0253283081308384e-5,0.006559714034390451,0.0007383492535628213,0.0012056250466212363,0.0008982867757645146,0.0002790036429996748,0.0005102957449194289,0.0004403619764313119,0.0005305151573205514,0.0002261300390630499,0.00017757814863629187,0.002984695582801052,-9.608675738630371e-5,0.00037118893594040737,0.0003442741880847773,9.764447221645965e-5,0.0008884749239188355,0.000779636001974335,0.0006475371056276211,0.00013123653026339498,0.0006211411985488694,0.0007383492535628213,0.0014233460354709016,0.000323143700414549,0.0013294151210084173,0.0012260538412301784,0.0006613190823503061,0.0012357957853503273,0.0015236017279026202,0.0005363958682523121,-0.0006804750299775921,0.0036620589577464244,0.0020191046349564094,-0.0014238667418294678,0.0002878668446975373,0.00134018118561609,0.002210499411023395,0.0006150096262078948,0.0026972011757273665,0.0013611956459570226,-0.0010097142522526694,0.0012056250466212363,0.000323143700414549,0.01208977245076327,0.002047246837196694,0.00011442510640673353,-0.0003666298432844962,0.0009053261806594769,-0.00026954486916481025,-0.0006534575852239067,0.0008623838837508967,0.0006125778408049106,0.0017335687665671162,-0.0007082829269131897,0.0009415514492512897,-0.0025350040400234225,0.002263884964852048,0.002897250834270058,0.0026143932134017325,-0.000402448538704122,0.00323375501261193,0.0008982867757645146,0.0013294151210084173,0.002047246837196694,0.028006015065215592
