0.01740835461660949,0.002964272962628127,0.0008721317200537672,0.0012465865362124196,0.0015505608002525425,0.013398277143133266,0.0031828364555612685,0.0009568152912481178,0.003586107485062595,0.004640260590458066,0.0010396445771490646,0.0015951419883512615,0.0025318650926776706,0.0025335587279723512,0.003689061972678158,6.435988601751112e-5,0.004157686166577922,0.0037901556729690753,0.0055540150933024186,0.0054992893364867144,0.002964272962628127,0.010920663812248642,-0.0012702463167693309,0.0016587669220379405,0.0009285381931897234,0.005534909572052382,0.0018618314795439152,0.0009124140917313663,0.0019243540385932782,1.912306861144192e-5,0.0007657933565855771,0.005059914220492197,0.0015003109358258553,0.004152901043941696,0.0029070370838164307,-8.483574914297584e-6,0.00303494252679534,0.00240754465743139,0.003751976593894838,0.007501052758550321,0.0008721317200537672,-0.0012702463167693309,0.01914240235773957,0.002015940128914407,0.0008328003983325439,0.0013559267589234678,0.003626620330895291,0.002705359685917625,0.0026771052233858046,0.0012255287387579654,0.002076565867759025,0.0026284872378887743,-0.00046508003413670983,-0.002236922134055602,0.00024203499042648239,0.0012200229958726544,0.0010399653578210266,-0.0013520051898869157,-0.001465386010267356,0.005359560616953521,0.0012465865362124196,0.0016587669220379405,0.002015940128914407,0.008052960028276804,0.00044567993799732417,0.009810328265318727,0.004092240357382474,0.0018530021279850868,0.0034003722790814615,0.003236846051986024,0.0013961615796150746,0.0028247103967400256,0.0010790482087720582,0.002409119233984346,0.001455809306214714,0.0010388216625485582,0.0033571627865591086,0.001457901375983781,0.00670907576615631,0.002813914133049659,0.0015505608002525425,0.0009285381931897234,0.0008328003983325439,0.00044567993799732417,0.007962189969128647,0.004748493385127064,0.0017754521512598773,0.0009733774180918527,0.002286201877321406,-0.0020660489716972444,0.001424167153050469,0.0028313736171028296,0.000624540384191881,0.000991807569283405,0.00040400282386847224,0.000665755464780886,0.0025591268966772274,0.0010224830444228003,0.0011099881816026553,0.0034783060570485313,0.013398277143133266,0.005534909572052382,0.0013559267589234678,0.009810328265318727,0.004748493385127064,0.0798253227069031,0.013630797665667672,0.0023227475152059612,0.010268468932747011,0.011476611116324786,0.004267045247848799,0.0041165756243812125,0.0042168175600753735,0.00515423444542897,0.010157729202688058,0.0014191800191859626,0.005249506006882626,0.003520677204701776,0.01556113481962064,0.0011635600904383167,0.0031828364555612685,0.0018618314795439152,0.003626620330895291,0.004092240357382474,0.0017754521512598773,0.013630797665667672,0.010896747666891117,0.0020010001244327117,0.003604617666527246,0.0026479662488967915,0.00036765297211399796,0.0039896232804298125,0.0015845260023635431,0.0019987708716483034,0.0018573602106697908,0.0006837733888967654,0.0036427068591868648,0.00350142140319213,0.004242577324034578,0.006408400099266112,0.0009568152912481178,0.0009124140917313663,0.002705359685917625,0.0018530021279850868,0.0009733774180918527,0.0023227475152059612,0.0020010001244327117,0.004063700122899868,0.00213124635375977,-0.001294131107771194,0.0005999318345738817,0.0024824005508588525,0.00018691958250390862,-0.00018725415676163748,1.7214295247531137e-5,0.0004353843946658028,0.0025508287070551087,0.0003573139619549902,-0.0013279047062689728,0.005462260263720825,0.003586107485062595,0.0019243540385932782,0.0026771052233858046,0.0034003722790814615,0.002286201877321406,0.010268468932747011,0.003604617666527246,0.00213124635375977,0.009812071676134973,-0.0001317311638054557,0.0014402288915668303,0.0019522816891518104,0.0005559884368185012,0.001961773417008566,0.001093851749777486,0.000975256957620962,0.004120710489190398,0.0006342578453039713,0.00446661251351196,0.004285324596867233,0.004640260590458066,1.912306861144192e-5,0.0012255287387579654,0.003236846051986024,-0.0020660489716972444,0.011476611116324786,0.0026479662488967915,-0.001294131107771194,-0.0001317311638054557,0.020832018435421373,0.0001450022559519225,0.0007840676183308804,0.001319391476270246,-0.0010536365340820869,0.002731883367188299,0.00036566363742216227,-0.0024966667297130858,0.00151438140240911,0.0075825966730914355,-0.0021283044030074414,0.0010396445771490646,0.0007657933565855771,0.002076565867759025,0.0013961615796150746,0.001424167153050469,0.004267045247848799,0.00036765297211399796,0.0005999318345738817,0.0014402288915668303,0.0001450022559519225,0.0024621479252601086,0.001853115654862877,0.000328454046959525,0.0009168606198220635,0.0005310423610177567,0.0008280950740665861,0.0013346961004897036,-0.0007426594182988449,0.0001936994851770436,0.0010818648249418831,0.0015951419883512615,0.005059914220492197,0.0026284872378887743,0.0028247103967400256,0.0028313736171028296,0.0041165756243812125,0.0039896232804298125,0.0024824005508588525,0.0019522816891518104,0.0007840676183308804,0.001853115654862877,0.018855772371605753,0.0013120104938217337,-0.0007405799773560671,0.0010057588392404695,0.00030312824982515097,0.0013627327977165239,0.0006371826810791369,-0.0004233321784863859,0.011485023164267378,0.0025318650926776706,0.0015003109358258553,-0.00046508003413670983,0.0010790482087720582,0.000624540384191881,0.0042168175600753735,0.0015845260023635431,0.00018691958250390862,0.0005559884368185012,0.001319391476270246,0.000328454046959525,0.0013120104938217337,0.0019792440652918013,0.0012656683167895522,0.0011618077566446837,2.593170234211485e-5,0.001015548662583959,0.001955363904367756,0.003601677805533837,0.002018236279602791,0.0025335587279723512,0.004152901043941696,-0.002236922134055602,0.002409119233984346,0.000991807569283405,0.00515423444542897,0.0019987708716483034,-0.00018725415676163748,0.001961773417008566,-0.0010536365340820869,0.0009168606198220635,-0.0007405799773560671,0.0012656683167895522,0.028597336432595297,0.0018175311227273008,0.00024732968316203315,0.007369036474848477,0.004666345336864129,0.0059825347590130975,0.003887128961533935,0.003689061972678158,0.0029070370838164307,0.00024203499042648239,0.001455809306214714,0.00040400282386847224,0.010157729202688058,0.0018573602106697908,1.7214295247531137e-5,0.001093851749777486,0.002731883367188299,0.0005310423610177567,0.0010057588392404695,0.0011618077566446837,0.0018175311227273008,0.005473988791900391,-0.00025246194809959167,0.0004436987968867577,0.001291975649546099,0.0040645684347874805,0.0012712414883141682,6.435988601751112e-5,-8.483574914297584e-6,0.0012200229958726544,0.0010388216625485582,0.000665755464780886,0.0014191800191859626,0.0006837733888967654,0.0004353843946658028,0.000975256957620962,0.00036566363742216227,0.0008280950740665861,0.00030312824982515097,2.593170234211485e-5,0.00024732968316203315,-0.00025246194809959167,0.001879556715145852,0.0012266485833892556,-7.795516603180318e-5,0.001111925232076682,0.0021400966586433067,0.004157686166577922,0.00303494252679534,0.0010399653578210266,0.0033571627865591086,0.0025591268966772274,0.005249506006882626,0.0036427068591868648,0.0025508287070551087,0.004120710489190398,-0.0024966667297130858,0.0013346961004897036,0.0013627327977165239,0.001015548662583959,0.007369036474848477,0.0004436987968867577,0.0012266485833892556,0.01565048340810102,0.0027207505769636436,0.003235402013937263,0.00802460612020545,0.0037901556729690753,0.00240754465743139,-0.0013520051898869157,0.001457901375983781,0.0010224830444228003,0.003520677204701776,0.00350142140319213,0.0003573139619549902,0.0006342578453039713,0.00151438140240911,-0.0007426594182988449,0.0006371826810791369,0.001955363904367756,0.004666345336864129,0.001291975649546099,-7.795516603180318e-5,0.0027207505769636436,0.010401866706894459,0.006762950413233591,0.0011968500294683702,0.0055540150933024186,0.003751976593894838,-0.001465386010267356,0.00670907576615631,0.0011099881816026553,0.01556113481962064,0.004242577324034578,-0.0013279047062689728,0.00446661251351196,0.0075825966730914355,0.0001936994851770436,-0.0004233321784863859,0.003601677805533837,0.0059825347590130975,0.0040645684347874805,0.001111925232076682,0.003235402013937263,0.006762950413233591,0.04509898968043226,-0.0008882358893930394,0.0054992893364867144,0.007501052758550321,0.005359560616953521,0.002813914133049659,0.0034783060570485313,0.0011635600904383167,0.006408400099266112,0.005462260263720825,0.004285324596867233,-0.0021283044030074414,0.0010818648249418831,0.011485023164267378,0.002018236279602791,0.003887128961533935,0.0012712414883141682,0.0021400966586433067,0.00802460612020545,0.0011968500294683702,-0.0008882358893930394,0.04032070622997138
0.023821474279829617,0.002167729291808064,0.0014844838916885411,0.0027421943491002052,-0.0040343733108704205,-0.0012053330964709075,0.0023135553688227355,-0.004781591720089216,-0.004443501665383508,-0.007504929375169875,-0.0031880533651025087,0.0028029667685267176,-0.002154909027993464,-0.00309304354141244,-0.00030779338504668144,0.0010034621353087834,-0.010563916157924302,0.002586685433601595,0.005860192391378382,-0.010628509009568007,0.002167729291808064,0.014924907611942114,0.0029662821534288774,-0.002224073892271865,0.004534691296674671,0.003763429000271722,0.005813426767040903,-0.0009389732120073317,0.00037580081705239766,-0.007387784722357264,-0.0009090915270180888,-0.005680283033659382,0.0010158163944567603,-0.002024264007009887,0.00048495343911623766,0.003515217246771609,-0.006332398393709795,0.0015652217118538438,0.009384947707670144,-0.010122331195618634,0.0014844838916885411,0.0029662821534288774,0.02023167003908302,0.006005999061908683,0.00684933492148932,0.0037958476897193673,0.0015979583831616196,0.001267524390663885,0.0008920069729721045,-0.002111651211916941,-0.0020548129310357785,0.0017135412483290846,0.0007914144103982751,0.004769961612458892,0.0014751865708662612,0.002531072434815637,-0.00042787109957374467,-0.000203383522435419,0.009088593091529838,0.0036925269657140684,0.0027421943491002052,-0.002224073892271865,0.006005999061908683,0.010265786758701594,0.005080296620517651,-0.0013326888552097084,-0.0008159683012053829,0.0021706853089279348,-0.00193602504393699,0.002865405945743589,-0.001313285016419329,0.0012933277699633881,5.649514081126584e-5,0.007305995885551434,0.002752105954537451,0.0013377566299040294,0.0017250381777109153,-0.001997032185155103,0.0011351645076087874,0.0060276925673326785,-0.0040343733108704205,0.004534691296674671,0.00684933492148932,0.005080296620517651,0.016437500633585907,0.008339374287157086,0.001546817926480318,0.0050827179961576065,0.0017845345086086118,0.004688147754603005,-0.000430318952355462,-0.0026008010589689714,0.002652980859119095,0.010896952351604166,0.003848202206910889,0.004148864652586362,0.005629642356908878,-0.0030149308461895185,0.0032918104574510415,0.004998037886266832,-0.0012053330964709075,0.003763429000271722,0.0037958476897193673,-0.0013326888552097084,0.008339374287157086,0.052970014661555154,0.002153547563321227,0.0047188860458670795,0.0025594763968444447,0.0019335790398896477,0.0013712923094051413,-0.0003271632747764764,0.0024637779282356744,0.006960823938639898,0.00021280992471024593,0.006042476651049731,0.002186381771510806,0.002165921409406548,0.0019573820369444784,-0.000678422119289051,0.0023135553688227355,0.005813426767040903,0.0015979583831616196,-0.0008159683012053829,0.001546817926480318,0.002153547563321227,0.008421716487574539,-0.00025020777561212,0.0006322861887642479,-0.0017175986905012134,-0.0007778225104383516,-0.0012196868878407022,0.0001727142714127595,0.0009634687815664066,-0.00010937678337287379,0.001866919299192501,-0.0031901622500317356,0.001192729319005403,0.005710840112371185,-0.0038687078647844523,-0.004781591720089216,-0.0009389732120073317,0.001267524390663885,0.0021706853089279348,0.0050827179961576065,0.0047188860458670795,-0.00025020777561212,0.006861722062429582,0.0021720584535618133,0.005610234419703201,0.0014011324641977165,-1.2063013334169841e-5,0.001295074167549338,0.007908075144181643,0.0017077401618011176,0.001523620851081152,0.005781418864167527,-0.0018209391067035194,0.0005497117798062551,0.006525589333607751,-0.004443501665383508,0.00037580081705239766,0.0008920069729721045,-0.00193602504393699,0.0017845345086086118,0.0025594763968444447,0.0006322861887642479,0.0021720584535618133,0.009749870438921808,0.0018131102292654451,0.001151387356674867,0.0006178257353496807,0.0009701355392639954,0.002271126201049272,0.0005418530108367656,6.878193921606991e-5,0.00433916471307467,0.001125470145147329,0.0019604409214569705,0.001626559053074534,-0.007504929375169875,-0.007387784722357264,-0.002111651211916941,0.002865405945743589,0.004688147754603005,0.0019335790398896477,-0.0017175986905012134,0.005610234419703201,0.0018131102292654451,0.03257040637617336,0.002628485605333459,0.003110161094380722,0.0016945803558563182,0.012002762933500038,0.0016076249508143094,6.989002470903298e-5,0.015537739551785008,-0.0023128119597091617,-0.008474721377401599,0.01983140356881946,-0.0031880533651025087,-0.0009090915270180888,-0.0020548129310357785,-0.001313285016419329,-0.000430318952355462,0.0013712923094051413,-0.0007778225104383516,0.0014011324641977165,0.001151387356674867,0.002628485605333459,0.0023291417581530675,0.00045800965345313763,0.00038853144585179283,0.0006408199106670651,0.00020461964451146204,-0.0004937977570175263,0.00273492246590241,0.0003147866880457272,-0.0021874535896921044,0.002457512256270799,0.0028029667685267176,-0.005680283033659382,0.0017135412483290846,0.0012933277699633881,-0.0026008010589689714,-0.0003271632747764764,-0.0012196868878407022,-1.2063013334169841e-5,0.0006178257353496807,0.003110161094380722,0.00045800965345313763,0.01818134671249978,-0.0008748510039938992,0.004056562009003733,0.00030907039725476104,-0.0012134479478838535,0.0036687094264192125,0.0014673222412948756,-0.00167980322037806,0.003914759932343942,-0.002154909027993464,0.0010158163944567603,0.0007914144103982751,5.649514081126584e-5,0.002652980859119095,0.0024637779282356744,0.0001727142714127595,0.001295074167549338,0.0009701355392639954,0.0016945803558563182,0.00038853144585179283,-0.0008748510039938992,0.0018348068489446767,0.002773520467014692,0.0009127095717472136,0.0009308678760459497,0.0022160413000147333,-9.637614146334458e-5,0.001118840637139009,0.001331153601237618,-0.00309304354141244,-0.002024264007009887,0.004769961612458892,0.007305995885551434,0.010896952351604166,0.006960823938639898,0.0009634687815664066,0.007908075144181643,0.002271126201049272,0.012002762933500038,0.0006408199106670651,0.004056562009003733,0.002773520467014692,0.040049803354867276,0.007381009872850322,0.005084862845589184,0.008586384570222686,5.470884391897403e-7,-0.0016588239359096799,0.009241849396781326,-0.00030779338504668144,0.00048495343911623766,0.0014751865708662612,0.002752105954537451,0.003848202206910889,0.00021280992471024593,-0.00010937678337287379,0.0017077401618011176,0.0005418530108367656,0.0016076249508143094,0.00020461964451146204,0.00030907039725476104,0.0009127095717472136,0.007381009872850322,0.005546542002789809,0.0017029917078489418,0.0017993875660076203,0.0003290880178860899,0.00043754567200302724,0.00023057190361341074,0.0010034621353087834,0.003515217246771609,0.002531072434815637,0.0013377566299040294,0.004148864652586362,0.006042476651049731,0.001866919299192501,0.001523620851081152,6.878193921606991e-5,6.989002470903298e-5,-0.0004937977570175263,-0.0012134479478838535,0.0009308678760459497,0.005084862845589184,0.0017029917078489418,0.003663620738283792,-0.0005069756855414269,-4.160666885610141e-6,0.0027614508441091107,-0.0015513639675337164,-0.010563916157924302,-0.006332398393709795,-0.00042787109957374467,0.0017250381777109153,0.005629642356908878,0.002186381771510806,-0.0031901622500317356,0.005781418864167527,0.00433916471307467,0.015537739551785008,0.00273492246590241,0.0036687094264192125,0.0022160413000147333,0.008586384570222686,0.0017993875660076203,-0.0005069756855414269,0.023990699165617597,-0.0016475032751763492,-0.01045808438257504,0.015705957042866356,0.002586685433601595,0.0015652217118538438,-0.000203383522435419,-0.001997032185155103,-0.0030149308461895185,0.002165921409406548,0.001192729319005403,-0.0018209391067035194,0.001125470145147329,-0.0023128119597091617,0.0003147866880457272,0.0014673222412948756,-9.637614146334458e-5,5.470884391897403e-7,0.0003290880178860899,-4.160666885610141e-6,-0.0016475032751763492,0.00827481857212812,0.0013690301403612014,-0.0033087042528660536,0.005860192391378382,0.009384947707670144,0.009088593091529838,0.0011351645076087874,0.0032918104574510415,0.0019573820369444784,0.005710840112371185,0.0005497117798062551,0.0019604409214569705,-0.008474721377401599,-0.0021874535896921044,-0.00167980322037806,0.001118840637139009,-0.0016588239359096799,0.00043754567200302724,0.0027614508441091107,-0.01045808438257504,0.0013690301403612014,0.0438747012728681,-0.007375595267786212,-0.010628509009568007,-0.010122331195618634,0.0036925269657140684,0.0060276925673326785,0.004998037886266832,-0.000678422119289051,-0.0038687078647844523,0.006525589333607751,0.001626559053074534,0.01983140356881946,0.002457512256270799,0.003914759932343942,0.001331153601237618,0.009241849396781326,0.00023057190361341074,-0.0015513639675337164,0.015705957042866356,-0.0033087042528660536,-0.007375595267786212,0.04008982427401528
0.015047061150192722,0.0032922679216697373,-0.0032712165943983157,-0.00063176281218988,0.0026314581612771892,0.001390585292065928,0.0022883124452179318,0.003405099353927055,-0.0010896314360384985,0.0033376637268520515,0.0028663255130049227,0.0001046093165892193,-0.0002651569709989089,0.0006569632069402723,0.002517777028997751,0.0011800648094488712,-0.0038556063434659945,0.0045838488699729354,0.0008960688872183989,-0.002409080384199014,0.0032922679216697373,0.0133450004681892,-0.005639624570946196,-0.001598277395129316,-0.004497363220364637,-0.004177701066901416,-0.0007955989983658302,0.003261126181853713,-0.0016542183499658027,-0.006041220393835846,9.487757650387474e-5,-0.004452319498772122,-0.0006036290091185975,0.005229347670518013,-0.0024905663031637363,0.0002816298739019758,-0.0038588045430150673,0.0009035121906283139,0.0077818823730825175,0.002390088566117403,-0.0032712165943983157,-0.005639624570946196,0.024718298208763586,0.0033201933310203183,0.0027735766347280638,0.007696139933428568,9.359710767604452e-5,-0.0018711429231250576,0.0006978994484685442,0.008067297723520689,0.0014771715432395068,0.002663117450880946,0.003442960344636748,0.004818224157051049,-0.0011345094895484802,0.0001052510871543686,0.010255584946858184,-0.0016910166643588826,-0.007466296331859599,-0.0002993476062136076,-0.00063176281218988,-0.001598277395129316,0.0033201933310203183,0.007078084102445226,0.000948777651699199,0.0024042770705746657,0.0012247812787173594,-0.0012520962425740813,0.000525415330073819,0.00491781552224648,0.0016055592828579822,0.0002692482012138399,0.0019479723677343205,-0.0001245444944072818,-0.0008652802078275673,-8.782191823342801e-5,0.005636864401210367,0.0007953216716729274,-0.0015165821206472618,-0.0013714887831849693,0.0026314581612771892,-0.004497363220364637,0.0027735766347280638,0.000948777651699199,0.013246904390492049,0.003065265699161209,0.0020248900631928074,-0.00027192216155481983,-0.0004061628428931724,0.0036018506138985377,0.0028165792240030267,-0.0006156304725092431,-0.000493139587916692,-0.005297415868645251,0.0033359083282468458,0.0011326555227089766,0.0007993586425608853,0.002778198162878236,0.000559997786695297,-0.0005606444944245977,0.001390585292065928,-0.004177701066901416,0.007696139933428568,0.0024042770705746657,0.003065265699161209,0.035426175199922284,-0.00015564278729180217,-6.246244961850872e-6,-0.0004669769420740155,0.0003711854476296204,0.0007500588811961172,0.0037527671774753683,0.0007734803753116552,0.0038277390444534064,-0.0015352858126795787,0.00045342055519885613,-0.0008282211214267956,0.0012498212208086148,-0.005884623155873423,0.002392219942515441,0.0022883124452179318,-0.0007955989983658302,9.359710767604452e-5,0.0012247812787173594,0.0020248900631928074,-0.00015564278729180217,0.007294604554440917,0.0002325438238474135,-0.0011947632163981901,0.0025818513338106705,0.00246917591758956,0.0024305614170024603,0.0012655886373958793,0.002918285472851949,0.0012667165453053133,-0.0003607077669661817,0.0015291470812020596,0.0027624135273177277,0.00012454188768595424,-0.003140947648588327,0.003405099353927055,0.003261126181853713,-0.0018711429231250576,-0.0012520962425740813,-0.00027192216155481983,-6.246244961850872e-6,0.0002325438238474135,0.005777773959963878,-0.0004389911423687441,-0.0001461861626336847,0.000969917146578325,0.0014740211654508226,-0.00012475837791148483,0.003189565891113188,0.0018954393232816684,0.0011737882478236243,-0.0036248523932667642,0.003731329624919403,-0.0030269115051389794,-0.0025014259823616623,-0.0010896314360384985,-0.0016542183499658027,0.0006978994484685442,0.000525415330073819,-0.0004061628428931724,-0.0004669769420740155,-0.0011947632163981901,-0.0004389911423687441,0.00714504709285789,0.002373432331023078,-0.0006272533220092616,0.002901717917330254,0.00034208866529049223,-0.0011870140260186474,0.0012969511667236479,0.0007846996746591292,0.0014182770500828976,-0.00038605721808413385,-0.004706495998827199,-0.0014593332132210755,0.0033376637268520515,-0.006041220393835846,0.008067297723520689,0.00491781552224648,0.0036018506138985377,0.0003711854476296204,0.0025818513338106705,-0.0001461861626336847,0.002373432331023078,0.030196352059214504,0.005482829016138942,0.0097713880173429,0.003731554404613027,-0.002056966058117524,0.0033573040734242157,0.0008869026019473444,0.007674529762945164,0.0041163512826203775,-0.004124266057785835,-0.014229789216731485,0.0028663255130049227,9.487757650387474e-5,0.0014771715432395068,0.0016055592828579822,0.0028165792240030267,0.0007500588811961172,0.00246917591758956,0.000969917146578325,-0.0006272533220092616,0.005482829016138942,0.005867045119355336,0.0019830428408653174,0.0008329752035312324,0.0010702950446491782,0.001475825290134019,0.0003252698929759034,0.0015693652992153752,0.0025834504583875234,0.0024480592304530085,-0.005858846505599874,0.0001046093165892193,-0.004452319498772122,0.002663117450880946,0.0002692482012138399,-0.0006156304725092431,0.0037527671774753683,0.0024305614170024603,0.0014740211654508226,0.002901717917330254,0.0097713880173429,0.0019830428408653174,0.026324316540027065,0.003848222182987583,0.007856134523578567,0.004794562689325666,0.002276351932915279,0.0005799829695994017,0.00436936345105295,-0.007607316986802066,-0.012368527288325918,-0.0002651569709989089,-0.0006036290091185975,0.003442960344636748,0.0019479723677343205,-0.000493139587916692,0.0007734803753116552,0.0012655886373958793,-0.00012475837791148483,0.00034208866529049223,0.003731554404613027,0.0008329752035312324,0.003848222182987583,0.003126339266718717,0.003246009244555324,-0.00039319683269216723,2.270040699205633e-5,0.0038890838476751772,0.001027170355755469,-0.002285337741765605,-0.003180076172988236,0.0006569632069402723,0.005229347670518013,0.004818224157051049,-0.0001245444944072818,-0.005297415868645251,0.0038277390444534064,0.002918285472851949,0.003189565891113188,-0.0011870140260186474,-0.002056966058117524,0.0010702950446491782,0.007856134523578567,0.003246009244555324,0.029022835552652806,-0.0023417129080544044,-0.000711766041227883,0.0006580548363302756,0.0014845959362345096,-0.003800851574241786,-0.0015658894451938726,0.002517777028997751,-0.0024905663031637363,-0.0011345094895484802,-0.0008652802078275673,0.0033359083282468458,-0.0015352858126795787,0.0012667165453053133,0.0018954393232816684,0.0012969511667236479,0.0033573040734242157,0.001475825290134019,0.004794562689325666,-0.00039319683269216723,-0.0023417129080544044,0.007175071600831474,0.0015567493510030678,-0.002501617212981598,0.004725349238520087,-0.005642213691602135,-0.004318173084950918,0.0011800648094488712,0.0002816298739019758,0.0001052510871543686,-8.782191823342801e-5,0.0011326555227089766,0.00045342055519885613,-0.0003607077669661817,0.0011737882478236243,0.0007846996746591292,0.0008869026019473444,0.0003252698929759034,0.002276351932915279,2.270040699205633e-5,-0.000711766041227883,0.0015567493510030678,0.002314244748003283,-0.0018215693642699765,0.001984267535354387,-0.0017910708989112094,0.000647027918006191,-0.0038556063434659945,-0.0038588045430150673,0.010255584946858184,0.005636864401210367,0.0007993586425608853,-0.0008282211214267956,0.0015291470812020596,-0.0036248523932667642,0.0014182770500828976,0.007674529762945164,0.0015693652992153752,0.0005799829695994017,0.0038890838476751772,0.0006580548363302756,-0.002501617212981598,-0.0018215693642699765,0.023090792523706678,-0.003055623827827963,-0.0013112077949318582,-0.0032803695934423612,0.0045838488699729354,0.0009035121906283139,-0.0016910166643588826,0.0007953216716729274,0.002778198162878236,0.0012498212208086148,0.0027624135273177277,0.003731329624919403,-0.00038605721808413385,0.0041163512826203775,0.0025834504583875234,0.00436936345105295,0.001027170355755469,0.0014845959362345096,0.004725349238520087,0.001984267535354387,-0.003055623827827963,0.01154374825225086,-0.005397183452160238,-0.002509983501231991,0.0008960688872183989,0.0077818823730825175,-0.007466296331859599,-0.0015165821206472618,0.000559997786695297,-0.005884623155873423,0.00012454188768595424,-0.0030269115051389794,-0.004706495998827199,-0.004124266057785835,0.0024480592304530085,-0.007607316986802066,-0.002285337741765605,-0.003800851574241786,-0.005642213691602135,-0.0017910708989112094,-0.0013112077949318582,-0.005397183452160238,0.04804873537674649,0.0035845346257510624,-0.002409080384199014,0.002390088566117403,-0.0002993476062136076,-0.0013714887831849693,-0.0005606444944245977,0.002392219942515441,-0.003140947648588327,-0.0025014259823616623,-0.0014593332132210755,-0.014229789216731485,-0.005858846505599874,-0.012368527288325918,-0.003180076172988236,-0.0015658894451938726,-0.004318173084950918,0.000647027918006191,-0.0032803695934423612,-0.002509983501231991,0.0035845346257510624,0.038453385624948974
