0.02608202865240125,0.008926847253425754,0.003104595938985502,0.010151871997484626,0.009116069196950183,0.003477797383524224,0.0024886001938532777,-0.0010473482593558955,0.0008379174060641722,0.010396675547765718,0.015745895302785154,0.0001925495308287156,0.003791644714916275,0.008450291474356114,0.013528775590584095,0.010630586260581467,0.0026106375590388914,0.007228009057253869,0.002739631424972186,0.006353094684014467,0.008926847253425754,0.017179574321535006,0.003388563463643202,0.005732464263956039,0.0068437523718708785,0.00446008574759028,0.007615989184502586,0.0006305911298075949,0.002801879596878099,0.012819529521539594,0.010678139003311011,-0.0008287283917619973,0.00443168717435375,0.005208549346739231,0.011187771324163567,0.006961302455035685,0.005669198064999484,-0.00015860606528809285,0.0035711379858116726,0.008674517343486407,0.003104595938985502,0.003388563463643202,0.006858142904178401,0.0032806536186261994,0.003548443446873221,0.00185801190148641,0.0019039251366303725,0.00039057268483465237,0.0021466900467374357,0.004001096115783546,0.0017682704215339733,0.0009312975712265034,0.0028643983083200216,0.0029136180640674833,0.00523195285571866,0.004331364486206383,0.0038612072164204867,0.0012946395028239988,0.0020373243873392597,0.0009410708198742814,0.010151871997484626,0.005732464263956039,0.0032806536186261994,0.011717070871100212,0.007261900574112152,0.00395892937331568,0.0034558445526986356,0.0003432524992957411,0.0005716451004362654,0.008648035316414115,0.010027166678571873,0.0010299218416733949,0.001842108358340232,0.007138402041765254,0.01076705404456716,0.008217969792538719,0.0033797893421752597,0.004914633310700219,0.0017237240466127367,0.004660779238316514,0.009116069196950183,0.0068437523718708785,0.003548443446873221,0.007261900574112152,0.013835363639294076,0.004529783810937408,0.005078191059700147,0.001411277970158472,0.002326971883060556,0.009597986544549377,0.008212337029629653,0.001704632725230461,0.003609429932030054,0.005828866984133074,0.012536785838323843,0.0077361461249450675,0.0045893020133327255,0.0027851215911854424,0.002166759469670847,0.004341845520987823,0.003477797383524224,0.00446008574759028,0.00185801190148641,0.00395892937331568,0.004529783810937408,0.006495868306053838,0.0037312044473017244,0.001461579410019268,0.0009897979327201127,0.004394364017999138,0.0053068558341544045,0.002821456372291732,0.0020139393857643304,0.0040284842282376975,0.009323987938645847,0.0033590961539463164,0.004115123239776006,4.955015728935497e-5,0.0009653471976160549,0.0013191418453193046,0.0024886001938532777,0.007615989184502586,0.0019039251366303725,0.0034558445526986356,0.005078191059700147,0.0037312044473017244,0.010020745712090797,0.001870659411343217,0.0018724554120248752,0.008113888117349047,0.004058319112004753,0.003319260232078519,0.0015421971131299725,0.0024462321432940177,0.008616019849129297,0.005263673061103532,0.00576299616639832,0.00031166364070523995,0.0018212618793708119,0.0035898520001927314,-0.0010473482593558955,0.0006305911298075949,0.00039057268483465237,0.0003432524992957411,0.001411277970158472,0.001461579410019268,0.001870659411343217,0.0035200385677499526,0.001292959919301198,-0.000596571589528625,-0.0007944515732293848,0.0027378081486582784,-4.573826561911733e-5,-4.0213332037658425e-5,0.003246816671610023,0.00014408564834214284,0.002791221631061433,-0.0007965042137933412,0.00010005808314744604,-0.0003711714231366279,0.0008379174060641722,0.002801879596878099,0.0021466900467374357,0.0005716451004362654,0.002326971883060556,0.0009897979327201127,0.0018724554120248752,0.001292959919301198,0.004287000738494843,0.0010411917054259342,-0.000571996352318832,0.00046758861032138063,0.0014070744947355513,0.0005788176555080872,0.0026664482663110774,0.001766022822389704,0.003299732911067419,-0.00040801906296074667,0.001272980755813117,0.0005532293576201771,0.010396675547765718,0.012819529521539594,0.004001096115783546,0.008648035316414115,0.009597986544549377,0.004394364017999138,0.008113888117349047,-0.000596571589528625,0.0010411917054259342,0.02502845671975289,0.013746878309004321,-0.0008681663413677839,0.004736847623040779,0.008169204101496876,0.012454977458137187,0.009760244078578948,0.004467505475847516,0.0025324285875393884,0.0040204643733482755,0.009934053781613114,0.015745895302785154,0.010678139003311011,0.0017682704215339733,0.010027166678571873,0.008212337029629653,0.0053068558341544045,0.004058319112004753,-0.0007944515732293848,-0.000571996352318832,0.013746878309004321,0.029943820251252973,-0.002630503829137566,0.004190621632920561,0.009729537125762262,0.014513506504446029,0.007015155100904377,0.002472302326775994,0.0039330900789472725,0.002902133747967238,0.009519052244362324,0.0001925495308287156,-0.0008287283917619973,0.0009312975712265034,0.0010299218416733949,0.001704632725230461,0.002821456372291732,0.003319260232078519,0.0027378081486582784,0.00046758861032138063,-0.0008681663413677839,-0.002630503829137566,0.011957546620072038,-0.002537918720977148,0.0005450788773326691,0.005537475913921728,0.0024405658476774872,0.00513322979890506,0.0031665610796070575,-0.00017818598663143484,-0.003934441744208407,0.003791644714916275,0.00443168717435375,0.0028643983083200216,0.001842108358340232,0.003609429932030054,0.0020139393857643304,0.0015421971131299725,-4.573826561911733e-5,0.0014070744947355513,0.004736847623040779,0.004190621632920561,-0.002537918720977148,0.0064296205352313545,0.0020592965929160933,0.004735455908909613,0.003204060071666042,0.0014880669832421675,-0.0015394889649375239,0.0018145616946472704,0.002531375832381771,0.008450291474356114,0.005208549346739231,0.0029136180640674833,0.007138402041765254,0.005828866984133074,0.0040284842282376975,0.0024462321432940177,-4.0213332037658425e-5,0.0005788176555080872,0.008169204101496876,0.009729537125762262,0.0005450788773326691,0.0020592965929160933,0.012905771408481991,0.008686258060591406,0.006853145373018869,0.0022330967616068387,0.00362032928454475,0.0011803082925534044,0.004432404750340392,0.013528775590584095,0.011187771324163567,0.00523195285571866,0.01076705404456716,0.012536785838323843,0.009323987938645847,0.008616019849129297,0.003246816671610023,0.0026664482663110774,0.012454977458137187,0.014513506504446029,0.005537475913921728,0.004735455908909613,0.008686258060591406,0.03128884594078388,0.011439713542384291,0.008978789104761256,0.0019075081177084901,0.0026856776348649623,0.0035131955724119414,0.010630586260581467,0.006961302455035685,0.004331364486206383,0.008217969792538719,0.0077361461249450675,0.0033590961539463164,0.005263673061103532,0.00014408564834214284,0.001766022822389704,0.009760244078578948,0.007015155100904377,0.0024405658476774872,0.003204060071666042,0.006853145373018869,0.011439713542384291,0.021890221862008657,0.005328795155838924,0.005180451333767748,0.0009982756748253495,0.0023298257214456565,0.0026106375590388914,0.005669198064999484,0.0038612072164204867,0.0033797893421752597,0.0045893020133327255,0.004115123239776006,0.00576299616639832,0.002791221631061433,0.003299732911067419,0.004467505475847516,0.002472302326775994,0.00513322979890506,0.0014880669832421675,0.0022330967616068387,0.008978789104761256,0.005328795155838924,0.013132946348833538,-0.00013448506081488822,0.0019911726451846043,0.00030835131001294945,0.007228009057253869,-0.00015860606528809285,0.0012946395028239988,0.004914633310700219,0.0027851215911854424,4.955015728935497e-5,0.00031166364070523995,-0.0007965042137933412,-0.00040801906296074667,0.0025324285875393884,0.0039330900789472725,0.0031665610796070575,-0.0015394889649375239,0.00362032928454475,0.0019075081177084901,0.005180451333767748,-0.00013448506081488822,0.014692845972534549,0.00023053169972787527,0.0026658298622372475,0.002739631424972186,0.0035711379858116726,0.0020373243873392597,0.0017237240466127367,0.002166759469670847,0.0009653471976160549,0.0018212618793708119,0.00010005808314744604,0.001272980755813117,0.0040204643733482755,0.002902133747967238,-0.00017818598663143484,0.0018145616946472704,0.0011803082925534044,0.0026856776348649623,0.0009982756748253495,0.0019911726451846043,0.00023053169972787527,0.0031449013436941177,0.002564870041515417,0.006353094684014467,0.008674517343486407,0.0009410708198742814,0.004660779238316514,0.004341845520987823,0.0013191418453193046,0.0035898520001927314,-0.0003711714231366279,0.0005532293576201771,0.009934053781613114,0.009519052244362324,-0.003934441744208407,0.002531375832381771,0.004432404750340392,0.0035131955724119414,0.0023298257214456565,0.00030835131001294945,0.0026658298622372475,0.002564870041515417,0.01696144840344737
0.008396781080932976,-0.000339101260118681,0.001407534073039856,-0.0005967407926284382,0.002574387399395698,0.00027826389936889923,-0.000530565530503309,0.0006593718346900722,6.1574777660901336e-6,0.0013108560856391277,0.0017148606993647058,-0.00023629609860391273,0.0004851113239098929,4.1950656519582855e-5,0.002307322968477246,0.0018309420205998978,0.0005657861659911657,-0.000584452900023735,0.0007820302608188591,0.0012252697531242745,-0.000339101260118681,0.007368015627012792,-5.4484876092637674e-5,0.001636096763817498,0.0007008513771557942,0.00032014005797299013,-2.4266643901128015e-5,0.00046436848880663227,3.533965402291138e-5,-0.0008768967170078739,0.000701438939355167,2.211059507777702e-5,-0.0006551279646206045,0.002061605740040831,-0.0005067445011076936,0.0014836657945969164,0.00014623517019538292,0.00261009860650458,0.00039421351504708845,-0.00039412747852006675,0.001407534073039856,-5.4484876092637674e-5,0.005376772694528232,-0.00029447575918848756,0.002391945590206526,0.00034984632710006563,-0.0010904585380517196,0.0010139008833331053,-0.0003441959752193951,0.0003616069104694129,0.0013926981541187244,-0.00013528021514221052,0.0002117323236696171,0.0007775469809514078,0.0035009586943741964,0.0012005545719845057,-0.00133034181605052,-0.0012040500698631605,0.0008424623133049625,0.0018610293557561515,-0.0005967407926284382,0.001636096763817498,-0.00029447575918848756,0.0059176420387222935,0.00028035156596231426,7.7297760359422e-5,0.0016224417517653547,9.770563599831826e-9,0.0002203261001826532,-0.0006452399280277089,0.0017347191660387607,-0.00037246172444732796,7.529115453075964e-5,0.0005279070727282869,-0.0009472053202421415,0.0008426254112075858,0.0011217600792272381,0.0010443773599339333,6.562088133763732e-5,0.0012708764337938244,0.002574387399395698,0.0007008513771557942,0.002391945590206526,0.00028035156596231426,0.01280211424181979,-0.0008383568968446783,-0.0030283092310489034,0.0011250641696944827,-0.00021800824381517143,-7.349400409457972e-5,0.004550886122423602,-0.0005379985006664535,0.0006691841395724757,0.0018697385566137543,0.005915345452154582,0.005039221335725215,0.00134321842550038,0.0014790728295158181,0.0019462220371488231,0.001381054476625074,0.00027826389936889923,0.00032014005797299013,0.00034984632710006563,7.7297760359422e-5,-0.0008383568968446783,0.004237858215879778,0.0009940102089110994,0.0008694125864724749,0.00035729042765087914,0.0007917356781882431,-0.0011610855253202127,6.228787257843966e-5,-0.00054530471584036,-9.750383672843535e-5,-0.0015909338518990343,6.361711322633995e-5,-0.0002531192624524235,0.0011595252121106916,5.4793592816530364e-5,0.0004796485679540699,-0.000530565530503309,-2.4266643901128015e-5,-0.0010904585380517196,0.0016224417517653547,-0.0030283092310489034,0.0009940102089110994,0.010206351990879717,-0.00014602879448059452,0.0004643959401326419,-0.0001865132518144114,-0.0020890656570434125,-0.0017000768455655482,-0.0004958586325979001,0.0006318619678540283,-0.004740845024118222,-0.0040058953462836795,-0.00025015984307529573,0.000985297137862516,-0.0010650133052468181,0.00017778295523583607,0.0006593718346900722,0.00046436848880663227,0.0010139008833331053,9.770563599831826e-9,0.0011250641696944827,0.0008694125864724749,-0.00014602879448059452,0.0034522766791814964,-0.00015410708791882772,0.0006108778803824986,-0.0005591629953153106,-0.00020418807461916692,-3.8240945601856027e-5,0.001289893001592561,0.0017023820737362984,0.0016375226167263182,-0.0004516417906147509,0.0011720984337177131,0.0008068367477707021,0.0011495236928922002,6.1574777660901336e-6,3.533965402291138e-5,-0.0003441959752193951,0.0002203261001826532,-0.00021800824381517143,0.00035729042765087914,0.0004643959401326419,-0.00015410708791882772,0.003246677986215456,0.0006116958556079947,0.0007064516502732975,0.0009206551936399411,0.00047190199516966477,2.8235495761099317e-6,-0.0013476157989390485,-0.0017406247911499033,4.450019232080728e-5,7.518640107082375e-5,-0.00023352331402631403,-0.0010238805192186082,0.0013108560856391277,-0.0008768967170078739,0.0003616069104694129,-0.0006452399280277089,-7.349400409457972e-5,0.0007917356781882431,-0.0001865132518144114,0.0006108778803824986,0.0006116958556079947,0.012032125000263683,0.0004370205322158471,0.0009572961848698302,0.0009041775968126604,-9.492151432852344e-5,0.0017392318806962804,0.0008405160846210901,0.0014443257394765874,0.0008853297124648382,0.00040953072205650575,-0.00017488304166299128,0.0017148606993647058,0.000701438939355167,0.0013926981541187244,0.0017347191660387607,0.004550886122423602,-0.0011610855253202127,-0.0020890656570434125,-0.0005591629953153106,0.0007064516502732975,0.0004370205322158471,0.014711638040091197,0.0006674662941752781,0.0013131193148673342,-0.0003231073153743126,0.002672137457813923,0.00296775070122694,0.0016320817735651712,0.0003624600449465365,0.0010995945724560788,0.00020624119738641366,-0.00023629609860391273,2.211059507777702e-5,-0.00013528021514221052,-0.00037246172444732796,-0.0005379985006664535,6.228787257843966e-5,-0.0017000768455655482,-0.00020418807461916692,0.0009206551936399411,0.0009572961848698302,0.0006674662941752781,0.0053124243561785784,0.0013540991107293982,0.0007566168569183366,0.0005301537407535492,0.0013942212654165591,4.055687539776369e-5,1.5719830038080155e-5,-0.0003552244768752188,-0.0017925896538374874,0.0004851113239098929,-0.0006551279646206045,0.0002117323236696171,7.529115453075964e-5,0.0006691841395724757,-0.00054530471584036,-0.0004958586325979001,-3.8240945601856027e-5,0.00047190199516966477,0.0009041775968126604,0.0013131193148673342,0.0013540991107293982,0.003784576483504236,0.00021402199773590475,0.0011531175457064075,0.0010623755806147919,0.0011326364504487714,-0.0003642381719616447,0.0003775563353402134,-0.0001206031992200816,4.1950656519582855e-5,0.002061605740040831,0.0007775469809514078,0.0005279070727282869,0.0018697385566137543,-9.750383672843535e-5,0.0006318619678540283,0.001289893001592561,2.8235495761099317e-6,-9.492151432852344e-5,-0.0003231073153743126,0.0007566168569183366,0.00021402199773590475,0.009595267989576326,4.394797615474939e-5,0.0006700085187233721,0.0010450093990280658,0.001647585351288533,0.0012804684763229987,0.00013701205260797938,0.002307322968477246,-0.0005067445011076936,0.0035009586943741964,-0.0009472053202421415,0.005915345452154582,-0.0015909338518990343,-0.004740845024118222,0.0017023820737362984,-0.0013476157989390485,0.0017392318806962804,0.002672137457813923,0.0005301537407535492,0.0011531175457064075,4.394797615474939e-5,0.020781767293943,0.00563743238837419,0.0005645457840704428,0.001990290947985932,0.0020677357360191907,0.0011940788614446317,0.0018309420205998978,0.0014836657945969164,0.0012005545719845057,0.0008426254112075858,0.005039221335725215,6.361711322633995e-5,-0.0040058953462836795,0.0016375226167263182,-0.0017406247911499033,0.0008405160846210901,0.00296775070122694,0.0013942212654165591,0.0010623755806147919,0.0006700085187233721,0.00563743238837419,0.021176992000070474,0.003794670398729587,0.0016616216098628172,0.0018762250040451419,0.0007214474860509319,0.0005657861659911657,0.00014623517019538292,-0.00133034181605052,0.0011217600792272381,0.00134321842550038,-0.0002531192624524235,-0.00025015984307529573,-0.0004516417906147509,4.450019232080728e-5,0.0014443257394765874,0.0016320817735651712,4.055687539776369e-5,0.0011326364504487714,0.0010450093990280658,0.0005645457840704428,0.003794670398729587,0.008591468935491824,0.0012690577816642807,0.0003186281126997615,0.0002943738896195265,-0.000584452900023735,0.00261009860650458,-0.0012040500698631605,0.0010443773599339333,0.0014790728295158181,0.0011595252121106916,0.000985297137862516,0.0011720984337177131,7.518640107082375e-5,0.0008853297124648382,0.0003624600449465365,1.5719830038080155e-5,-0.0003642381719616447,0.001647585351288533,0.001990290947985932,0.0016616216098628172,0.0012690577816642807,0.012037711545896232,0.0007500772357764427,-7.065032348129113e-5,0.0007820302608188591,0.00039421351504708845,0.0008424623133049625,6.562088133763732e-5,0.0019462220371488231,5.4793592816530364e-5,-0.0010650133052468181,0.0008068367477707021,-0.00023352331402631403,0.00040953072205650575,0.0010995945724560788,-0.0003552244768752188,0.0003775563353402134,0.0012804684763229987,0.0020677357360191907,0.0018762250040451419,0.0003186281126997615,0.0007500772357764427,0.002345037337254344,0.0009090124142429241,0.0012252697531242745,-0.00039412747852006675,0.0018610293557561515,0.0012708764337938244,0.001381054476625074,0.0004796485679540699,0.00017778295523583607,0.0011495236928922002,-0.0010238805192186082,-0.00017488304166299128,0.00020624119738641366,-0.0017925896538374874,-0.0001206031992200816,0.00013701205260797938,0.0011940788614446317,0.0007214474860509319,0.0002943738896195265,-7.065032348129113e-5,0.0009090124142429241,0.01280714546431621
