0.01282749202327586,0.0019917678928906973,0.0007087220097422675,-0.0005909686030810717,0.00017415463273246412,0.0014066896224333872,0.005548981459891,0.000912212588502736,-0.0006309423097797881,0.0020490899103365705,0.0031843459615560794,0.0006686416521979185,0.0008626024685735355,0.003711162409392069,9.44924769891802e-5,0.000955319553715116,0.0012993120824466608,0.0005116011707841388,0.00012200515750144972,0.00021719124942595563,0.0019917678928906973,0.013760903469130293,0.0008529370326208557,-0.0006440367404402765,0.00011413700982352486,0.0008964993398535594,0.002795821233039792,0.0016616422763730061,-0.0002439736282585875,0.0002325202278402438,0.0015246933528346967,0.001126236018478473,0.00017708386136450682,0.002559961002676003,0.0005425105618388917,-0.0008439817330255259,0.001094413320752246,3.2778019372340636e-5,-0.0005090653968275202,0.0019193828824547818,0.0007087220097422675,0.0008529370326208557,0.0021725691550238974,0.0001472778341104418,0.0005189960667033963,0.0003912325205454193,0.002458815226087101,0.0004247666878102327,-0.0003389847698989704,0.0010676546970254767,0.0016736085454195871,0.00011434677380396224,0.0012478252640268643,0.001043255812967648,0.0002587534709932069,0.0001232888947431197,5.869665813791177e-5,3.0894045221750585e-5,0.0003078564788922005,0.0012725364146064827,-0.0005909686030810717,-0.0006440367404402765,0.0001472778341104418,0.004480159525108635,-7.634359282600886e-5,-0.00012729758283557831,0.0016653714531468058,3.668927560457466e-5,-0.00012776392864031352,4.651859745420203e-5,-0.00047555310390202813,0.00029469033566525385,0.0009599821246615122,0.00017224192477798597,5.132761118444793e-5,-0.0004499347681364846,0.0008571519039046373,-0.00018364865190150117,8.349234383644706e-6,-8.52431553598112e-6,0.00017415463273246412,0.00011413700982352486,0.0005189960667033963,-7.634359282600886e-5,0.0022179320340192485,8.235339988308516e-5,0.001711022105947221,0.0003514213075637068,0.0006916722711852953,0.0005624417783131877,0.000935055623447362,0.00031775996021683587,0.001129361968687622,-4.3948577227274476e-5,0.0011039210701243361,0.0009127554156668115,-1.2146013048408181e-5,8.255674671626771e-6,0.0007401735355620019,0.0011281369748655252,0.0014066896224333872,0.0008964993398535594,0.0003912325205454193,-0.00012729758283557831,8.235339988308516e-5,0.0025645793470003403,0.0020012412802321057,0.00014407962413746293,8.00889350868102e-5,0.0011172095790679432,0.0006356819918812652,0.0002232115226324187,0.0003947442979085849,0.0008398132111571268,-0.00016532304578935792,0.00025152592792159313,0.00046747985443192726,0.00031526871352756505,0.0010650025101022862,0.0011035879168682541,0.005548981459891,0.002795821233039792,0.002458815226087101,0.0016653714531468058,0.001711022105947221,0.0020012412802321057,0.03727900823770789,0.00035246936214556636,0.0002470825754845574,0.0034903679438201022,0.003280299481555397,0.0005240185770609357,0.0039675539818524765,0.0033645429944833475,0.0012951612197635686,-6.086198720633529e-5,0.0015576791188248924,0.00020834848485447993,0.001831116936449247,-0.0011036025189948935,0.000912212588502736,0.0016616422763730061,0.0004247666878102327,3.668927560457466e-5,0.0003514213075637068,0.00014407962413746293,0.00035246936214556636,0.0028544165782345395,7.218084301001767e-5,0.0003786849669517314,0.0010793785656480356,0.00033100780497788646,0.000686229892126393,0.0005293839402066589,0.0008199643845530763,-9.079035748940314e-5,0.0005292029960488365,5.226065861441179e-5,0.0006458945910530285,0.0005987583925587961,-0.0006309423097797881,-0.0002439736282585875,-0.0003389847698989704,-0.00012776392864031352,0.0006916722711852953,8.00889350868102e-5,0.0002470825754845574,7.218084301001767e-5,0.007917935575234021,-7.362810831140656e-5,-0.001370510277085546,-0.00023176352334093012,0.00047198589647950973,-0.0008674868750846202,0.00040074087511907976,0.002122205458700208,-0.00022639248899535155,0.0007864141081492719,0.0017535677590337978,0.00041813822806115945,0.0020490899103365705,0.0002325202278402438,0.0010676546970254767,4.651859745420203e-5,0.0005624417783131877,0.0011172095790679432,0.0034903679438201022,0.0003786849669517314,-7.362810831140656e-5,0.006208139064332035,0.0028345526404831346,0.0006952673204079577,0.0022937748902895046,-1.3586447417959346e-5,0.0005358891220166751,0.0009339196844514045,-0.0001225191883006154,0.00031375107461274884,0.0009373096516001019,0.0013506817468184706,0.0031843459615560794,0.0015246933528346967,0.0016736085454195871,-0.00047555310390202813,0.000935055623447362,0.0006356819918812652,0.003280299481555397,0.0010793785656480356,-0.001370510277085546,0.0028345526404831346,0.019952727104738395,0.001077337520703805,0.002167406749121991,0.003396577020238564,0.0013789798245270857,-0.0013545239040412688,0.0009080024485790057,0.00012736756096542345,0.0024636279005620255,0.0019247054707078515,0.0006686416521979185,0.001126236018478473,0.00011434677380396224,0.00029469033566525385,0.00031775996021683587,0.0002232115226324187,0.0005240185770609357,0.00033100780497788646,-0.00023176352334093012,0.0006952673204079577,0.001077337520703805,0.008643228706961062,0.0013806837737661438,-0.00031003510194832864,0.0021730276665084818,0.0005625596384290249,0.000432522061408421,0.00022195868139198775,0.00033395645304544854,0.002848441884713102,0.0008626024685735355,0.00017708386136450682,0.0012478252640268643,0.0009599821246615122,0.001129361968687622,0.0003947442979085849,0.0039675539818524765,0.000686229892126393,0.00047198589647950973,0.0022937748902895046,0.002167406749121991,0.0013806837737661438,0.010991620217556258,-0.0007744667588690756,0.0020176282006738027,0.003174122501752018,-0.00026761832655724876,0.00030757342249807245,-1.967399287779555e-5,0.003589788080110376,0.003711162409392069,0.002559961002676003,0.001043255812967648,0.00017224192477798597,-4.3948577227274476e-5,0.0008398132111571268,0.0033645429944833475,0.0005293839402066589,-0.0008674868750846202,-1.3586447417959346e-5,0.003396577020238564,-0.00031003510194832864,-0.0007744667588690756,0.0141083998802015,0.0008599841399961347,0.0016491730632744767,0.0013014344700119675,0.0006833392249148821,0.002198587594488527,-0.0008604148548738806,9.44924769891802e-5,0.0005425105618388917,0.0002587534709932069,5.132761118444793e-5,0.0011039210701243361,-0.00016532304578935792,0.0012951612197635686,0.0008199643845530763,0.00040074087511907976,0.0005358891220166751,0.0013789798245270857,0.0021730276665084818,0.0020176282006738027,0.0008599841399961347,0.007837313573880667,0.002578437104434691,-0.0005022407577494634,-2.524992574734093e-5,0.0021097029039771394,0.002656319250666616,0.000955319553715116,-0.0008439817330255259,0.0001232888947431197,-0.0004499347681364846,0.0009127554156668115,0.00025152592792159313,-6.086198720633529e-5,-9.079035748940314e-5,0.002122205458700208,0.0009339196844514045,-0.0013545239040412688,0.0005625596384290249,0.003174122501752018,0.0016491730632744767,0.002578437104434691,0.015479885427987812,-0.0011105341461434641,0.0010471156759223022,0.00046727308848740364,0.003923362947713468,0.0012993120824466608,0.001094413320752246,5.869665813791177e-5,0.0008571519039046373,-1.2146013048408181e-5,0.00046747985443192726,0.0015576791188248924,0.0005292029960488365,-0.00022639248899535155,-0.0001225191883006154,0.0009080024485790057,0.000432522061408421,-0.00026761832655724876,0.0013014344700119675,-0.0005022407577494634,-0.0011105341461434641,0.0057704815745792575,-0.00020038017268724493,0.000603029242197847,0.00025268376775757075,0.0005116011707841388,3.2778019372340636e-5,3.0894045221750585e-5,-0.00018364865190150117,8.255674671626771e-6,0.00031526871352756505,0.00020834848485447993,5.226065861441179e-5,0.0007864141081492719,0.00031375107461274884,0.00012736756096542345,0.00022195868139198775,0.00030757342249807245,0.0006833392249148821,-2.524992574734093e-5,0.0010471156759223022,-0.00020038017268724493,0.0016102372806821536,0.001521393905197739,0.0008586161431102554,0.00012200515750144972,-0.0005090653968275202,0.0003078564788922005,8.349234383644706e-6,0.0007401735355620019,0.0010650025101022862,0.001831116936449247,0.0006458945910530285,0.0017535677590337978,0.0009373096516001019,0.0024636279005620255,0.00033395645304544854,-1.967399287779555e-5,0.002198587594488527,0.0021097029039771394,0.00046727308848740364,0.000603029242197847,0.001521393905197739,0.014172812674646006,0.00486728863674493,0.00021719124942595563,0.0019193828824547818,0.0012725364146064827,-8.52431553598112e-6,0.0011281369748655252,0.0011035879168682541,-0.0011036025189948935,0.0005987583925587961,0.00041813822806115945,0.0013506817468184706,0.0019247054707078515,0.002848441884713102,0.003589788080110376,-0.0008604148548738806,0.002656319250666616,0.003923362947713468,0.00025268376775757075,0.0008586161431102554,0.00486728863674493,0.027718405193073677
