0.005356387672636574,0.00028164524288038883,-0.0009307414692532536,-0.0001651107595619712,-0.0008244028425011941,0.0054372205315182595,-0.0044889831869266705,-0.005124331048749252,0.0018628022012383148,-0.0024184051675278867,0.002065295281890163,0.00043763878091938586,0.0004850698220236141,-0.0007601099731542353,-0.006870223223862396,0.0003327298140430342,0.0008074113557010052,0.000384105320157904,-0.0007838296447163233,-0.004948743258024877,0.00028164524288038883,0.004729496695747234,0.0005819292793440967,0.0001878549690486016,0.0005351948712589618,0.0004407079322263634,0.0014191364527216962,0.00016830556794955186,0.0012889268600153466,0.0016559653088853471,-0.00046848139813415713,0.0007853070259652538,-0.0009082049643491844,0.0006946045657402454,0.003285518343293576,0.001018252697628339,0.0002557545187351997,0.000217595915347391,-8.411297498328541e-7,-0.0014429351736874021,-0.0009307414692532536,0.0005819292793440967,0.0033662655736487793,0.0006439485748710389,-3.488971099616224e-5,-0.004767365471738486,0.0023364538176054196,0.0026794685948272447,-0.0005666900831156091,0.0017994181542887624,-7.380614463272397e-5,-6.175771054073864e-5,-0.0003277795369321949,0.0008574092940881058,0.0009876947707044296,-0.00019112974064243866,-7.603177178623416e-5,0.0001410271123289349,0.0008143249789962289,0.0014899664608478069,-0.0001651107595619712,0.0001878549690486016,0.0006439485748710389,0.0024534942116995672,-0.0008507512115578794,0.000455720657874132,-0.00025953474325630206,0.0013031973494059225,-0.00024494407170128,0.0005858727439791713,0.0008732581956825065,0.001135947213187178,-0.0003122671383358942,0.0005254313415038816,0.0019892513657269436,0.0018956053056234782,0.0008212885486755531,-0.0007761823285730783,-0.0006316299489383347,-0.001413057650591297,-0.0008244028425011941,0.0005351948712589618,-3.488971099616224e-5,-0.0008507512115578794,0.006341977150023734,-0.0025360416229336996,0.002977534335844699,2.861275684478158e-5,0.00010542959766022092,0.0014460211301376002,-0.0026847332765215642,-0.00026843953510781953,-0.0017148829589115695,0.0005086213707523354,0.0045315539248956815,-6.20958487725663e-5,-0.0009440358392811174,0.0007646160837524491,0.0017535203751022684,0.0003607143887810453,0.0054372205315182595,0.0004407079322263634,-0.004767365471738486,0.000455720657874132,-0.0025360416229336996,0.030876917288590724,-0.0030346418266032613,-0.002047470779029205,0.00465642852243818,-0.0028106607801506697,0.005959626911789442,-0.0001815749320638535,0.004785434159943831,-0.0020912255627645046,-0.002120145777546724,0.006767888390713155,0.0028675882062293248,-0.0014170899082159778,-0.0027296565671482264,-0.00469395899275094,-0.0044889831869266705,0.0014191364527216962,0.0023364538176054196,-0.00025953474325630206,0.002977534335844699,-0.0030346418266032613,0.03906218000731801,0.018443397853908736,-0.0037152428153075985,0.007590623123451455,-0.003916312109706882,-0.007434849980963773,-1.0138353181796773e-5,0.0013214719875139446,0.03529825904254641,0.00580008969023001,-0.0009403532530558058,0.0009373048083265177,6.996274046225593e-5,0.018243484716191506,-0.005124331048749252,0.00016830556794955186,0.0026794685948272447,0.0013031973494059225,2.861275684478158e-5,-0.002047470779029205,0.018443397853908736,0.04258813855347145,0.0013354389639402009,0.012371199162761139,0.0005634075097183805,-0.0045587287359972715,0.0007866847568388346,0.0026622659373701993,0.03240273212814494,0.004786490810369613,-0.0003156002236429879,-0.0013371432707107935,0.001863179654414197,0.024836771141502567,0.0018628022012383148,0.0012889268600153466,-0.0005666900831156091,-0.00024494407170128,0.00010542959766022092,0.00465642852243818,-0.0037152428153075985,0.0013354389639402009,0.018394543790414036,0.001462885823615996,0.004134327870224516,0.004574424352729011,0.0018600976720054589,-0.0010172037718955932,-0.006712318899842104,-0.0012208455529601273,0.0023362785697335206,3.463880006922165e-5,0.003335705550119287,0.0023639769276233595,-0.0024184051675278867,0.0016559653088853471,0.0017994181542887624,0.0005858727439791713,0.0014460211301376002,-0.0028106607801506697,0.007590623123451455,0.012371199162761139,0.001462885823615996,0.008847466712422303,-0.000722957357408736,-0.001106366110492676,0.00027495336479938784,0.001208853630297113,0.014193068132119523,0.0012204091643101373,0.0003254518007512967,0.00033354081402606905,0.002318552249279538,0.008907662151598357,0.002065295281890163,-0.00046848139813415713,-7.380614463272397e-5,0.0008732581956825065,-0.0026847332765215642,0.005959626911789442,-0.003916312109706882,0.0005634075097183805,0.004134327870224516,-0.000722957357408736,0.00829728757258669,0.00022852626411016478,0.0034894239234035474,-0.0006264078603910241,-0.00300815793075585,0.002300375279391741,0.0023691483490607098,-0.0007372963074867736,-7.849609162843336e-5,0.001198856934860463,0.00043763878091938586,0.0007853070259652538,-6.175771054073864e-5,0.001135947213187178,-0.00026843953510781953,-0.0001815749320638535,-0.007434849980963773,-0.0045587287359972715,0.004574424352729011,-0.001106366110492676,0.00022852626411016478,0.020961371579192974,0.0010372565213549899,-0.0015096332969266582,-0.022411490991692477,-0.0022788336977038423,0.0009741196461159126,-0.0011970071095391511,0.003001080557018562,-0.01114715391743924,0.0004850698220236141,-0.0009082049643491844,-0.0003277795369321949,-0.0003122671383358942,-0.0017148829589115695,0.004785434159943831,-1.0138353181796773e-5,0.0007866847568388346,0.0018600976720054589,0.00027495336479938784,0.0034894239234035474,0.0010372565213549899,0.009643866353523222,-0.0014671171789352355,-0.005262284066256426,-0.00014201680331166894,0.0012225997489128241,0.0003132137201766559,9.296379229960065e-5,0.004904352793329141,-0.0007601099731542353,0.0006946045657402454,0.0008574092940881058,0.0005254313415038816,0.0005086213707523354,-0.0020912255627645046,0.0013214719875139446,0.0026622659373701993,-0.0010172037718955932,0.001208853630297113,-0.0006264078603910241,-0.0015096332969266582,-0.0014671171789352355,0.00420353303193787,0.004906986575735922,0.0018569602637032259,-1.657646713866721e-5,-1.4169511907468576e-5,0.0001779397141457529,-0.00020115079464708108,-0.006870223223862396,0.003285518343293576,0.0009876947707044296,0.0019892513657269436,0.0045315539248956815,-0.002120145777546724,0.03529825904254641,0.03240273212814494,-0.006712318899842104,0.014193068132119523,-0.00300815793075585,-0.022411490991692477,-0.005262284066256426,0.004906986575735922,0.11634204612854857,0.014664932857069608,-0.001766011920629832,-0.0011539527466568299,-0.007234194940647845,0.04417953236269467,0.0003327298140430342,0.001018252697628339,-0.00019112974064243866,0.0018956053056234782,-6.20958487725663e-5,0.006767888390713155,0.00580008969023001,0.004786490810369613,-0.0012208455529601273,0.0012204091643101373,0.002300375279391741,-0.0022788336977038423,-0.00014201680331166894,0.0018569602637032259,0.014664932857069608,0.0112436051441957,0.0016180881470823731,-0.001630340534114804,-0.0011283240311082705,-0.0016836201770785934,0.0008074113557010052,0.0002557545187351997,-7.603177178623416e-5,0.0008212885486755531,-0.0009440358392811174,0.0028675882062293248,-0.0009403532530558058,-0.0003156002236429879,0.0023362785697335206,0.0003254518007512967,0.0023691483490607098,0.0009741196461159126,0.0012225997489128241,-1.657646713866721e-5,-0.001766011920629832,0.0016180881470823731,0.0024408309975088166,-5.44873680389037e-5,0.0006312450652055728,-0.0021092171456004198,0.000384105320157904,0.000217595915347391,0.0001410271123289349,-0.0007761823285730783,0.0007646160837524491,-0.0014170899082159778,0.0009373048083265177,-0.0013371432707107935,3.463880006922165e-5,0.00033354081402606905,-0.0007372963074867736,-0.0011970071095391511,0.0003132137201766559,-1.4169511907468576e-5,-0.0011539527466568299,-0.001630340534114804,-5.44873680389037e-5,0.00300418783204152,0.0003480163825340995,0.0014402240417124234,-0.0007838296447163233,-8.411297498328541e-7,0.0008143249789962289,-0.0006316299489383347,0.0017535203751022684,-0.0027296565671482264,6.996274046225593e-5,0.001863179654414197,0.003335705550119287,0.002318552249279538,-7.849609162843336e-5,0.003001080557018562,9.296379229960065e-5,0.0001779397141457529,-0.007234194940647845,-0.0011283240311082705,0.0006312450652055728,0.0003480163825340995,0.0070225514041966815,-0.002525633645306653,-0.004948743258024877,-0.0014429351736874021,0.0014899664608478069,-0.001413057650591297,0.0003607143887810453,-0.00469395899275094,0.018243484716191506,0.024836771141502567,0.0023639769276233595,0.008907662151598357,0.001198856934860463,-0.01114715391743924,0.004904352793329141,-0.00020115079464708108,0.04417953236269467,-0.0016836201770785934,-0.0021092171456004198,0.0014402240417124234,-0.002525633645306653,0.06125905018336916
0.006682550357829603,0.0008537195668237144,0.0010416836972448004,-0.0011025571958656797,-4.488381164955579e-5,-0.0016207706576258456,0.003793248681375973,0.003031230729990694,-0.0008058136805270084,0.0005065674225109329,0.0015351370491189101,0.0019539027830810544,0.002306895063946204,0.0013837625408391922,0.002574935668401593,-0.00029767250131699965,0.0015486363832076856,0.00021463100406564546,0.0010564492017929637,0.005569405090137614,0.0008537195668237144,0.006028722509903409,0.0006919945205450834,0.000977643170905153,-0.00044267886614952694,-0.0010061346253099333,0.0009011258295097964,0.0019237680726334088,0.0003053409983396866,0.00030230422580501025,0.0018395714362070847,-0.0005503587182587131,0.0001859956426487679,-0.0002416306212571005,-0.004292172335622391,0.0005058998691299069,-0.0008647334106604975,0.00010338830747644556,0.000586789915387961,0.002652595921837731,0.0010416836972448004,0.0006919945205450834,0.0045884207343678644,-0.00033562833976482,0.0016458186926642446,5.1001000353936425e-5,0.0002371043819879631,0.001568071360732121,0.000604011033121626,0.001294251760039693,1.3267937158381246e-5,0.002249468196941251,-5.201147948994474e-5,0.0014507240405754968,7.663291572055481e-5,0.0018691638189235705,0.000464269290414091,-6.605317253324621e-5,0.0008511701321459062,0.004078031766112574,-0.0011025571958656797,0.000977643170905153,-0.00033562833976482,0.003976062127825623,-0.00010052047926016415,0.0033987484652779,-0.0009295332585050138,0.0029699456718557003,0.0019727057864197903,-0.00024315047365426195,0.00010514812441864146,0.0008439537446713495,-0.0012687422685156249,-0.00014305187851776892,-0.004869428722926013,-0.0007699231997069409,-0.0004919659285441275,0.001615795539158796,0.00032046278331971203,0.001391715180284115,-4.488381164955579e-5,-0.00044267886614952694,0.0016458186926642446,-0.00010052047926016415,0.0062038400572135,-0.0007431041922577966,0.0004985354598922197,0.0021419446843577144,0.0008843289043294633,0.0016038845936336664,-0.00018789005814584054,0.00018351278854483315,0.0010243094602932785,0.0005356446955837478,0.002243535682751073,0.002395297299330858,0.0005722118505518035,0.0008883360884979737,0.0010929689764391025,0.0011478314926013696,-0.0016207706576258456,-0.0010061346253099333,5.1001000353936425e-5,0.0033987484652779,-0.0007431041922577966,0.020557498260473824,-0.002655976440853208,0.007085070183382645,-0.0008436378877961183,0.0004720742906820008,-0.0006589505766210464,0.00024325723285523483,-0.001002419016058194,-0.0003749988241368659,-0.0065878412190034895,0.0007276531916935542,-0.00037992830931745346,0.0016467619691003296,0.0009474304539895403,0.0007324465341702204,0.003793248681375973,0.0009011258295097964,0.0002371043819879631,-0.0009295332585050138,0.0004985354598922197,-0.002655976440853208,0.030801625053589264,0.004655420949285103,0.0037782986227362586,0.0004708103413571666,0.0013081737061648375,0.003741274053135372,0.003810381910898848,0.0019755769363124084,-0.0008088271667375859,8.6542805256972e-5,0.0003348130838621488,0.0015387591407133585,-0.00017779280833079788,0.005373069408118721,0.003031230729990694,0.0019237680726334088,0.001568071360732121,0.0029699456718557003,0.0021419446843577144,0.007085070183382645,0.004655420949285103,0.04001677580036665,-0.0015046429623644304,0.0012878379444219083,0.0015114177822397668,0.007880298655269416,0.003076777988105107,0.001612216421552762,-0.012412845663375268,0.0027212484002300773,0.0025133960492962366,0.004722984627234465,0.0017761132720428615,0.005869731745981023,-0.0008058136805270084,0.0003053409983396866,0.000604011033121626,0.0019727057864197903,0.0008843289043294633,-0.0008436378877961183,0.0037782986227362586,-0.0015046429623644304,0.016374686343223574,0.0006515105215655854,0.0011897081444908315,0.005565529405504937,-0.0013586828988031532,-0.0005817648020945487,-0.0005939822513576057,0.001545960577102603,-0.0003892247706440582,0.0011653674194061234,-0.001376724348065259,0.00196878635162695,0.0005065674225109329,0.00030230422580501025,0.001294251760039693,-0.00024315047365426195,0.0016038845936336664,0.0004720742906820008,0.0004708103413571666,0.0012878379444219083,0.0006515105215655854,0.0038629514301105894,0.0015875113294659727,0.0009115190075972056,0.0020185194060357357,0.00046956065979815437,0.0019655570650908708,0.0012351969964669472,0.00022038055589272676,0.0002493906077459218,0.0010332320084322339,0.002959540343283466,0.0015351370491189101,0.0018395714362070847,1.3267937158381246e-5,0.00010514812441864146,-0.00018789005814584054,-0.0006589505766210464,0.0013081737061648375,0.0015114177822397668,0.0011897081444908315,0.0015875113294659727,0.006985936387185767,0.003723125741627253,0.002025636467574058,-0.0008664375649068564,9.435762547197585e-5,-0.001227144303485213,0.00013171511171307984,-7.897684818137856e-5,0.0005393279267863601,0.0029209763219791595,0.0019539027830810544,-0.0005503587182587131,0.002249468196941251,0.0008439537446713495,0.00018351278854483315,0.00024325723285523483,0.003741274053135372,0.007880298655269416,0.005565529405504937,0.0009115190075972056,0.003723125741627253,0.022951704935548146,-0.0003370883603646847,-0.0008757120172376359,-0.001336135212655587,0.0005342175102977445,0.0023854884224950267,0.0014056810497259206,0.0002709640019662932,0.009351801639796136,0.002306895063946204,0.0001859956426487679,-5.201147948994474e-5,-0.0012687422685156249,0.0010243094602932785,-0.001002419016058194,0.003810381910898848,0.003076777988105107,-0.0013586828988031532,0.0020185194060357357,0.002025636467574058,-0.0003370883603646847,0.00927921568452001,0.00149829899730872,0.0022430666891458564,-0.0004379909034563324,0.0004971308667583369,-0.0004869518484452991,0.0007184755132018748,0.001024512095433671,0.0013837625408391922,-0.0002416306212571005,0.0014507240405754968,-0.00014305187851776892,0.0005356446955837478,-0.0003749988241368659,0.0019755769363124084,0.001612216421552762,-0.0005817648020945487,0.00046956065979815437,-0.0008664375649068564,-0.0008757120172376359,0.00149829899730872,0.004271743326838272,0.0025852929984503353,0.0004052005457394784,0.000280370870941316,0.0004000319729004291,0.00015413317113500407,0.0016099408648101703,0.002574935668401593,-0.004292172335622391,7.663291572055481e-5,-0.004869428722926013,0.002243535682751073,-0.0065878412190034895,-0.0008088271667375859,-0.012412845663375268,-0.0005939822513576057,0.0019655570650908708,9.435762547197585e-5,-0.001336135212655587,0.0022430666891458564,0.0025852929984503353,0.04363784623655123,0.000999536836924614,0.0030193239752819845,-0.0007621252110949623,0.0022622847227294646,0.0008520111201210971,-0.00029767250131699965,0.0005058998691299069,0.0018691638189235705,-0.0007699231997069409,0.002395297299330858,0.0007276531916935542,8.6542805256972e-5,0.0027212484002300773,0.001545960577102603,0.0012351969964669472,-0.001227144303485213,0.0005342175102977445,-0.0004379909034563324,0.0004052005457394784,0.000999536836924614,0.007706823027791425,2.197377631788075e-5,0.0010742056385968503,0.0011993152497384195,0.001522263120710893,0.0015486363832076856,-0.0008647334106604975,0.000464269290414091,-0.0004919659285441275,0.0005722118505518035,-0.00037992830931745346,0.0003348130838621488,0.0025133960492962366,-0.0003892247706440582,0.00022038055589272676,0.00013171511171307984,0.0023854884224950267,0.0004971308667583369,0.000280370870941316,0.0030193239752819845,2.197377631788075e-5,0.003039579784797152,0.0006271600906388002,0.0007812095661064204,0.004419200427430337,0.00021463100406564546,0.00010338830747644556,-6.605317253324621e-5,0.001615795539158796,0.0008883360884979737,0.0016467619691003296,0.0015387591407133585,0.004722984627234465,0.0011653674194061234,0.0002493906077459218,-7.897684818137856e-5,0.0014056810497259206,-0.0004869518484452991,0.0004000319729004291,-0.0007621252110949623,0.0010742056385968503,0.0006271600906388002,0.0032539238280537633,0.0005988929092196805,0.0030760771948138473,0.0010564492017929637,0.000586789915387961,0.0008511701321459062,0.00032046278331971203,0.0010929689764391025,0.0009474304539895403,-0.00017779280833079788,0.0017761132720428615,-0.001376724348065259,0.0010332320084322339,0.0005393279267863601,0.0002709640019662932,0.0007184755132018748,0.00015413317113500407,0.0022622847227294646,0.0011993152497384195,0.0007812095661064204,0.0005988929092196805,0.004378737517622668,0.0053018401526466795,0.005569405090137614,0.002652595921837731,0.004078031766112574,0.001391715180284115,0.0011478314926013696,0.0007324465341702204,0.005373069408118721,0.005869731745981023,0.00196878635162695,0.002959540343283466,0.0029209763219791595,0.009351801639796136,0.001024512095433671,0.0016099408648101703,0.0008520111201210971,0.001522263120710893,0.004419200427430337,0.0030760771948138473,0.0053018401526466795,0.04181192903888048
0.004991229038605669,0.0006949431216098571,1.1369800902269207e-5,0.000219912796697205,0.00088922559672491,1.9827955921963153e-5,0.0023684811399561573,0.000641208810931218,0.0019818516673375157,-0.00034846578599816906,-0.0006281072835515926,0.0018269994108282592,0.0012677632899077145,0.001998887633996833,0.000610356584114218,9.502849289007515e-5,0.0007937575428037945,-0.00041223028733611023,0.0011912781970979409,0.0033083921430255305,0.0006949431216098571,0.005513865946310094,0.0007822808515027269,-0.0007766764351323525,0.002278644141638644,-0.004385215563460958,0.00443359381567572,1.9760295888955604e-5,0.0021861297441620143,-0.0004468506649194476,0.0005936790720880129,-0.0005972794733923321,-0.0016540751723848309,0.0005977176451742392,0.005698149602948088,-0.0004193129402703091,0.0011864960658071809,-0.0007594413809902844,0.001293256355647759,-0.0009122876588395665,1.1369800902269207e-5,0.0007822808515027269,0.0033040902844706293,-0.0008177617088703004,0.00010340780403071619,0.0002565195344685304,0.00542401172499936,-0.0013710177133272575,0.0017655512140601825,-0.0007395412901829998,-0.0008092829791598467,0.0016768429199422318,0.0013657445015156223,0.0005321388681737414,0.0009020754573436378,-0.0002101772936268439,0.0011491500947325554,-0.0005720493963397405,0.00019048707232919703,0.0017837205312667601,0.000219912796697205,-0.0007766764351323525,-0.0008177617088703004,0.006671652766200024,-9.906757718257939e-5,0.011172196730374421,-0.0027723487132546827,0.0003676921880342288,0.0010480423956482244,0.0025938634897216374,0.00020169611571501614,0.0007539313736634407,0.0019428815486065044,0.0008031317869925528,0.001764983621528275,0.0016147045631195638,-8.704901992856711e-5,0.0002866995121691553,-0.0008913566339698001,0.003339835615936068,0.00088922559672491,0.002278644141638644,0.00010340780403071619,-9.906757718257939e-5,0.010062120959859323,-0.0006940182151945018,0.006583368102494783,-0.0006126511284721629,0.010044686793599326,0.0014536724530564897,-0.0003499472999174101,0.003956932044858835,0.0014224185056320488,0.0016789056406839552,0.006151597987434391,0.00023451346995845274,0.0020055775493461833,-0.002578423376563179,-0.001542500779535251,0.003957343409552162,1.9827955921963153e-5,-0.004385215563460958,0.0002565195344685304,0.011172196730374421,-0.0006940182151945018,0.055020871174830205,-0.008337049012289818,-0.00485654636866603,0.0016759765743654996,0.008005513464574399,-0.002699709402676006,0.008035305602786919,0.007588045249115047,0.0009129176312215543,-0.0022929815033758925,0.0036334950908984928,-0.00012166091127639375,0.0030224215056967787,-0.003097152807425561,0.011286453570203862,0.0023684811399561573,0.00443359381567572,0.00542401172499936,-0.0027723487132546827,0.006583368102494783,-0.008337049012289818,0.050525155003336826,-0.0029516908972264753,0.013393187462016775,0.00017255674238798163,-0.0034543804602495546,0.0021839524832548167,-0.0005790862937309553,0.0038231150099913343,0.013455380384844586,-0.0020495602617900555,0.006761331112038093,-0.006807871374127529,-0.002030066226406503,0.011562861261361902,0.000641208810931218,1.9760295888955604e-5,-0.0013710177133272575,0.0003676921880342288,-0.0006126511284721629,-0.00485654636866603,-0.0029516908972264753,0.024141226176980196,-0.001495653398769782,0.0005580136406569671,6.583459006778247e-5,0.003255453810273522,-0.0039654324756422275,-0.0006825471726595075,-0.0002954459269860245,-0.0007919661031970164,-0.001603980569015293,-5.6387891624785805e-5,0.00040029307036833813,0.001052363004239872,0.0019818516673375157,0.0021861297441620143,0.0017655512140601825,0.0010480423956482244,0.010044686793599326,0.0016759765743654996,0.013393187462016775,-0.001495653398769782,0.0272371488995676,0.00208273150437864,-0.00205803345755282,0.011148979317321457,0.006398350114131543,0.00434705866423672,0.01085461127605779,0.0007199457809724721,0.003853847451435068,-0.003666999846578173,-0.0026060595333690017,0.007078881198995178,-0.00034846578599816906,-0.0004468506649194476,-0.0007395412901829998,0.0025938634897216374,0.0014536724530564897,0.008005513464574399,0.00017255674238798163,0.0005580136406569671,0.00208273150437864,0.00461332214789775,-0.00014026939682535046,0.0007671870202738899,0.0007456505925287536,-1.9082121886218367e-5,0.0026192548554790024,0.001009730700867475,2.0646850082733405e-5,8.083748364957688e-5,-0.0016330631586339724,0.0022713606650502796,-0.0006281072835515926,0.0005936790720880129,-0.0008092829791598467,0.00020169611571501614,-0.0003499472999174101,-0.002699709402676006,-0.0034543804602495546,6.583459006778247e-5,-0.00205803345755282,-0.00014026939682535046,0.004958599639330915,-0.003074070207673147,-0.0012805147432136278,-9.189724585221203e-5,0.0013357958768600278,0.00045333776115267534,-0.0006966783161141245,0.000631735667618686,0.0008421300793576038,-0.00315652080662796,0.0018269994108282592,-0.0005972794733923321,0.0016768429199422318,0.0007539313736634407,0.003956932044858835,0.008035305602786919,0.0021839524832548167,0.003255453810273522,0.011148979317321457,0.0007671870202738899,-0.003074070207673147,0.026080595666344235,0.004853547907114417,0.0026442366129215593,-0.00094394294431553,0.0012998356279180516,0.0006978251023501529,-0.00037690116913736125,-0.000405160035727368,0.009121299857049583,0.0012677632899077145,-0.0016540751723848309,0.0013657445015156223,0.0019428815486065044,0.0014224185056320488,0.007588045249115047,-0.0005790862937309553,-0.0039654324756422275,0.006398350114131543,0.0007456505925287536,-0.0012805147432136278,0.004853547907114417,0.01187095226968522,0.002338793807489231,0.0013895974432652839,0.0008135510571400013,0.0011947935403843054,-0.0006447514917283018,-0.0008713410578302754,0.005150474519799558,0.001998887633996833,0.0005977176451742392,0.0005321388681737414,0.0008031317869925528,0.0016789056406839552,0.0009129176312215543,0.0038231150099913343,-0.0006825471726595075,0.00434705866423672,-1.9082121886218367e-5,-9.189724585221203e-5,0.0026442366129215593,0.002338793807489231,0.0042881449888936005,0.0013352136753836332,0.00035425459251372,0.00101974076159555,-0.0010650556576634615,0.0002109845337042036,0.005411738318041571,0.000610356584114218,0.005698149602948088,0.0009020754573436378,0.001764983621528275,0.006151597987434391,-0.0022929815033758925,0.013455380384844586,-0.0002954459269860245,0.01085461127605779,0.0026192548554790024,0.0013357958768600278,-0.00094394294431553,0.0013895974432652839,0.0013352136753836332,0.037200243609706404,0.0007047708899019366,0.002554969213631644,-0.0028139775365998046,-0.00014686226325082225,-0.0023489841649572303,9.502849289007515e-5,-0.0004193129402703091,-0.0002101772936268439,0.0016147045631195638,0.00023451346995845274,0.0036334950908984928,-0.0020495602617900555,-0.0007919661031970164,0.0007199457809724721,0.001009730700867475,0.00045333776115267534,0.0012998356279180516,0.0008135510571400013,0.00035425459251372,0.0007047708899019366,0.004627918303652978,-0.0001931105530969995,0.001096599488443721,-3.3105661255550386e-5,0.0003307037729264003,0.0007937575428037945,0.0011864960658071809,0.0011491500947325554,-8.704901992856711e-5,0.0020055775493461833,-0.00012166091127639375,0.006761331112038093,-0.001603980569015293,0.003853847451435068,2.0646850082733405e-5,-0.0006966783161141245,0.0006978251023501529,0.0011947935403843054,0.00101974076159555,0.002554969213631644,-0.0001931105530969995,0.0027541430681145003,-0.0012708812673793033,-0.0005817656155062108,0.0030601329443508125,-0.00041223028733611023,-0.0007594413809902844,-0.0005720493963397405,0.0002866995121691553,-0.002578423376563179,0.0030224215056967787,-0.006807871374127529,-5.6387891624785805e-5,-0.003666999846578173,8.083748364957688e-5,0.000631735667618686,-0.00037690116913736125,-0.0006447514917283018,-0.0010650556576634615,-0.0028139775365998046,0.001096599488443721,-0.0012708812673793033,0.003590867959608713,0.0010525933207956918,-0.0028958999652627542,0.0011912781970979409,0.001293256355647759,0.00019048707232919703,-0.0008913566339698001,-0.001542500779535251,-0.003097152807425561,-0.002030066226406503,0.00040029307036833813,-0.0026060595333690017,-0.0016330631586339724,0.0008421300793576038,-0.000405160035727368,-0.0008713410578302754,0.0002109845337042036,-0.00014686226325082225,-3.3105661255550386e-5,-0.0005817656155062108,0.0010525933207956918,0.004837725108370187,0.00014858579556709374,0.0033083921430255305,-0.0009122876588395665,0.0017837205312667601,0.003339835615936068,0.003957343409552162,0.011286453570203862,0.011562861261361902,0.001052363004239872,0.007078881198995178,0.0022713606650502796,-0.00315652080662796,0.009121299857049583,0.005150474519799558,0.005411738318041571,-0.0023489841649572303,0.0003307037729264003,0.0030601329443508125,-0.0028958999652627542,0.00014858579556709374,0.0415940975123447
