0.031020649785332026,0.004145766356641191,0.0019990024024705245,-0.00035004235181501175,0.002277895419705693,-0.0011505801965845978,0.005314186866635031,-0.0017863979716303544,-0.007203361373197604,-0.007006540910428315,0.004199028205805822,-0.0005508596257503808,0.005042159058730905,0.003853271340913061,0.007306690403592326,0.00042859894858030467,-0.0034219258741862795,0.0011100271951879463,0.007075050952308597,0.0017559412453938613,0.004145766356641191,0.015629823158215064,0.001161676659224489,0.003516491590180748,0.00010014771766866481,0.0019383815637434914,0.002527156621427322,-0.0002817256451424151,0.005075959245115384,-0.00032295574804575217,0.0007311651913897047,0.001017918599104019,-6.600902253894219e-5,0.010354481409314161,0.0007935954986052591,0.002590218537604433,0.0019634900316413953,-0.0024600786091294423,0.00883944044897635,0.00026887743198092265,0.0019990024024705245,0.001161676659224489,0.0030170326466333864,0.0025423196395323883,0.003014154864816883,0.0001271280955352749,0.0002649335917140075,0.00040514927025774006,0.00024747848686619404,-0.0009104783386027864,-0.00013103994841827366,-0.000510543449138478,0.0010737514151438906,0.002245216243165069,0.00034292900390739953,0.002375287535032939,-0.000618951694155492,-0.00029605840453268424,-0.0001102013484627853,0.0007891209842148819,-0.00035004235181501175,0.003516491590180748,0.0025423196395323883,0.022428199156804874,0.0058844665216813315,0.0012863287968240314,0.0012670101181385344,0.0014746216748228766,0.005699166846947739,-0.000281329339278063,-0.004877721235596986,-0.00034415897823995384,-0.0024555590656791877,0.0018214919755675844,-0.00014535541930846686,0.004342770523604971,0.003690101580575586,-0.003985388733872835,0.0013137020916570547,0.0016302206499020787,0.002277895419705693,0.00010014771766866481,0.003014154864816883,0.0058844665216813315,0.025775802830354824,-0.0011509146762957202,9.535266953219774e-5,0.0014803513902564417,-0.008611565027481321,-0.0023735050439028416,0.0008062578724698395,-0.0023627740917500127,0.0014123712262348361,-0.003474566721878377,0.0017130884018626044,0.004789131214444159,-0.0022332284641062624,0.0013911255749245576,-0.005707294362011202,0.002228828803479045,-0.0011505801965845978,0.0019383815637434914,0.0001271280955352749,0.0012863287968240314,-0.0011509146762957202,0.004719200744640633,0.00024411144738310786,0.00122106809907392,0.004784505457548513,0.0027869248061576884,8.888045949718618e-5,0.0008039430536723039,0.0007960809616816796,0.0032941320699496294,-0.00028965127135500133,0.001609313530934982,0.001161722810627282,0.0008437969125505494,0.004736791184902138,0.00016916061523877406,0.005314186866635031,0.002527156621427322,0.0002649335917140075,0.0012670101181385344,9.535266953219774e-5,0.00024411144738310786,0.008397836863746268,-0.000908786555207001,0.004542460351935517,-0.0036429618210562817,0.0005819595011525779,8.3909967774167e-5,0.00044222731561544654,0.002614056264049454,0.0019061223765293464,-0.0023741000904069567,0.00042167853262593607,-0.0002563669561572162,0.004137207293031531,0.0005595360466163593,-0.0017863979716303544,-0.0002817256451424151,0.00040514927025774006,0.0014746216748228766,0.0014803513902564417,0.00122106809907392,-0.000908786555207001,0.0042356668365982975,1.5369717185250235e-5,0.0029267834230671443,-0.0008831061571245554,0.00040533585638349997,-0.001302949617313484,0.00011696797374634085,-0.0010399036214045888,0.0021919524864523867,0.0009847170442643656,0.0016201208805424099,0.00247187657594724,0.0007447181653741744,-0.007203361373197604,0.005075959245115384,0.00024747848686619404,0.005699166846947739,-0.008611565027481321,0.004784505457548513,0.004542460351935517,1.5369717185250235e-5,0.04855685879140891,0.004180366125126647,-0.004265061773693518,-0.00010974206608833888,0.001892844321693197,0.013042344564723706,-0.0007205447897952514,-0.0033081402824266196,0.004295741006944873,0.0034169048949093564,0.010125387729387019,0.00012661424840394774,-0.007006540910428315,-0.00032295574804575217,-0.0009104783386027864,-0.000281329339278063,-0.0023735050439028416,0.0027869248061576884,-0.0036429618210562817,0.0029267834230671443,0.004180366125126647,0.024041895764573037,0.0002895612136511258,0.0014413094450622887,0.0008312995880664811,0.003884152670232094,-0.001576802238553336,0.0030176165218637006,0.00437665331285401,0.0034254741887954554,0.005019923101573755,5.1826694622462375e-5,0.004199028205805822,0.0007311651913897047,-0.00013103994841827366,-0.004877721235596986,0.0008062578724698395,8.888045949718618e-5,0.0005819595011525779,-0.0008831061571245554,-0.004265061773693518,0.0002895612136511258,0.011612996656084517,0.0010956194962962987,0.0043823496214470785,0.002777265666904673,0.0017487697546248503,0.0027021304705227753,-0.002332308674572717,0.004409917840906765,0.0010510997124171118,0.0005346505091429057,-0.0005508596257503808,0.001017918599104019,-0.000510543449138478,-0.00034415897823995384,-0.0023627740917500127,0.0008039430536723039,8.3909967774167e-5,0.00040533585638349997,-0.00010974206608833888,0.0014413094450622887,0.0010956194962962987,0.004911530758720457,-0.0011721769363693272,0.0025196523723371245,-0.0012332459660990003,-0.00016897576089866344,0.0013007184931704413,-0.0015847218929206453,0.004706360196977798,0.0001347436717185421,0.005042159058730905,-6.600902253894219e-5,0.0010737514151438906,-0.0024555590656791877,0.0014123712262348361,0.0007960809616816796,0.00044222731561544654,-0.001302949617313484,0.001892844321693197,0.0008312995880664811,0.0043823496214470785,-0.0011721769363693272,0.015603030634521542,0.0014047758026285875,0.0033118608756324,0.0038015031041829786,-0.0038779948648417746,0.00623048995626386,-0.0013179508420212717,0.0029166210947113845,0.003853271340913061,0.010354481409314161,0.002245216243165069,0.0018214919755675844,-0.003474566721878377,0.0032941320699496294,0.002614056264049454,0.00011696797374634085,0.013042344564723706,0.003884152670232094,0.002777265666904673,0.0025196523723371245,0.0014047758026285875,0.03320248939592718,0.0018300564745704483,0.002627604715549135,0.002316603385932657,0.0004901532938070027,0.017157380193449274,0.0008448703824963876,0.007306690403592326,0.0007935954986052591,0.00034292900390739953,-0.00014535541930846686,0.0017130884018626044,-0.00028965127135500133,0.0019061223765293464,-0.0010399036214045888,-0.0007205447897952514,-0.001576802238553336,0.0017487697546248503,-0.0012332459660990003,0.0033118608756324,0.0018300564745704483,0.005928114359018506,-0.0006774631952055235,-0.0012786976146511254,0.0023430075613268125,0.002576838347448448,0.0003811489801628089,0.00042859894858030467,0.002590218537604433,0.002375287535032939,0.004342770523604971,0.004789131214444159,0.001609313530934982,-0.0023741000904069567,0.0021919524864523867,-0.0033081402824266196,0.0030176165218637006,0.0027021304705227753,-0.00016897576089866344,0.0038015031041829786,0.002627604715549135,-0.0006774631952055235,0.022902794476391743,-0.0003577860281177478,0.004285480296816028,-0.0047569807419874655,0.00390199695817261,-0.0034219258741862795,0.0019634900316413953,-0.000618951694155492,0.003690101580575586,-0.0022332284641062624,0.001161722810627282,0.00042167853262593607,0.0009847170442643656,0.004295741006944873,0.00437665331285401,-0.002332308674572717,0.0013007184931704413,-0.0038779948648417746,0.002316603385932657,-0.0012786976146511254,-0.0003577860281177478,0.006941118245053281,-0.0023063268223085503,0.003309670567707373,-0.001080440825687064,0.0011100271951879463,-0.0024600786091294423,-0.00029605840453268424,-0.003985388733872835,0.0013911255749245576,0.0008437969125505494,-0.0002563669561572162,0.0016201208805424099,0.0034169048949093564,0.0034254741887954554,0.004409917840906765,-0.0015847218929206453,0.00623048995626386,0.0004901532938070027,0.0023430075613268125,0.004285480296816028,-0.0023063268223085503,0.017328429626792863,0.003368303676603291,0.0024969801647071344,0.007075050952308597,0.00883944044897635,-0.0001102013484627853,0.0013137020916570547,-0.005707294362011202,0.004736791184902138,0.004137207293031531,0.00247187657594724,0.010125387729387019,0.005019923101573755,0.0010510997124171118,0.004706360196977798,-0.0013179508420212717,0.017157380193449274,0.002576838347448448,-0.0047569807419874655,0.003309670567707373,0.003368303676603291,0.051376010276273955,0.00108022612665502,0.0017559412453938613,0.00026887743198092265,0.0007891209842148819,0.0016302206499020787,0.002228828803479045,0.00016916061523877406,0.0005595360466163593,0.0007447181653741744,0.00012661424840394774,5.1826694622462375e-5,0.0005346505091429057,0.0001347436717185421,0.0029166210947113845,0.0008448703824963876,0.0003811489801628089,0.00390199695817261,-0.001080440825687064,0.0024969801647071344,0.00108022612665502,0.004526494118760771
0.02379185672783648,0.008107639112144141,0.0006468194047525947,0.008781846971409737,0.008864074169874522,0.0018820052378741375,-0.0024291949984982493,0.0038837101917827167,0.014985890161325933,-0.0036987769773179956,0.004731273650982793,0.003156924346548534,0.004305552398438543,-0.0012371960527783202,0.0011304815585664219,-0.001730951521046913,0.002225846295818558,0.00033540389141704257,0.00023081668659961094,-0.0020522935504387703,0.008107639112144141,0.017864547633383587,-0.00018739660782851465,0.005094450999101383,0.003827258198779581,0.0028673368395558084,-0.00012724913532548624,0.002464940687464526,0.008756698638344504,0.005957697901413284,0.003318337991745888,0.003104359874706005,0.00301448112675141,-0.003039473100020595,0.0017155242627806505,-0.0026459095410471985,0.0008856724404511311,0.0021086218531986417,0.000624034540162994,-0.0006348759729621822,0.0006468194047525947,-0.00018739660782851465,0.0024040503911483616,0.0005715393035367971,-0.000807077623135681,0.00044562603088998834,0.0007777654248564375,0.00024636806984884303,0.0006157263104558606,0.000174368003678182,0.0016699332945476696,-0.0003909698157009351,0.00043587487165926,0.0005285732543468591,-4.442209027233802e-5,-0.0006804234330262408,0.000510387077771563,0.0001536493013032825,-0.0007548109150084803,0.0003709480509975722,0.008781846971409737,0.005094450999101383,0.0005715393035367971,0.03037160682698624,0.003728204722079924,0.0034569238249898392,-0.0008117646375083784,0.0042781901521021185,0.006791194054267749,-0.0015913437890811922,0.0049123646283741745,0.004178964786031701,0.004490537557371947,0.0025748425783608054,0.001717107414951154,-0.004049226317784095,0.002165655360487338,0.003559755172857881,-8.945192198078594e-5,-0.0025631265820473944,0.008864074169874522,0.003827258198779581,-0.000807077623135681,0.003728204722079924,0.03199507551903383,0.0030186897258743144,-0.001996776208287322,0.0032950049901232384,0.019728200769566016,-0.0004523569923713354,-0.002041213006312183,0.002408125230478411,0.004080321524810355,-0.0022196747517974425,0.0017210566679194991,-0.00202591920177569,0.0017879658315988118,-0.0030193862560614695,0.0022599843709704822,-0.0004508514617832365,0.0018820052378741375,0.0028673368395558084,0.00044562603088998834,0.0034569238249898392,0.0030186897258743144,0.005478771453801628,-0.00026312321326465895,0.0012856903503575387,0.003592164494815673,0.0014195772986503037,0.000929898423770381,0.0012874982847171739,0.002407887163288141,-5.415832761226176e-6,-0.00027291905350483283,-0.0011854799621439692,4.886632803761777e-5,0.001584806825410472,-0.0014076999980215852,-0.0007033653048792598,-0.0024291949984982493,-0.00012724913532548624,0.0007777654248564375,-0.0008117646375083784,-0.001996776208287322,-0.00026312321326465895,0.009070647248992272,-0.0008700025829521752,-3.5192128493559296e-5,0.006286693992960486,0.0021675748322152405,0.00020476492772326336,-0.0010596039428702737,0.00027896482375185756,0.0014026073304075908,0.0010864619354184512,-0.0007454293659324262,0.001123332047656345,0.001175584790547861,0.003721533916938665,0.0038837101917827167,0.002464940687464526,0.00024636806984884303,0.0042781901521021185,0.0032950049901232384,0.0012856903503575387,-0.0008700025829521752,0.0048269694124734655,0.005628095758200861,-0.001760856050951845,0.0015409295936563924,0.0013182586381239815,0.002899145782672789,0.0007957668885986311,0.0002629111874446861,-0.003071488152667311,0.000569653855796136,-0.0007664270516962373,-0.0006153960683711236,-0.0006766209868641383,0.014985890161325933,0.008756698638344504,0.0006157263104558606,0.006791194054267749,0.019728200769566016,0.003592164494815673,-3.5192128493559296e-5,0.005628095758200861,0.05915856233764987,0.005905938748532094,0.00016929886959205767,0.004447442338626531,0.0014808120996308441,-0.002306802163929076,0.005272564469361746,-0.004330430947267603,0.0044536340631595225,-0.0025597829558459354,-0.003748560709388765,-0.0021319940833524815,-0.0036987769773179956,0.005957697901413284,0.000174368003678182,-0.0015913437890811922,-0.0004523569923713354,0.0014195772986503037,0.006286693992960486,-0.001760856050951845,0.005905938748532094,0.03370071405432539,-0.001173362052211992,0.0012939852020006286,-0.004093476427434515,-0.000850591872481665,0.0029575360318620557,0.0011339585624744514,-0.0018850013811835594,0.0047908171750666,-0.0015859654370906546,0.0032536015478730586,0.004731273650982793,0.003318337991745888,0.0016699332945476696,0.0049123646283741745,-0.002041213006312183,0.000929898423770381,0.0021675748322152405,0.0015409295936563924,0.00016929886959205767,-0.001173362052211992,0.011644394826783477,0.000323420390225824,0.0034229295545991985,0.0009526803316076524,0.0008301645771302507,-0.0002216445851569774,0.0003233297222104734,0.0009461099717990324,0.003991062334973202,0.0016581059787655345,0.003156924346548534,0.003104359874706005,-0.0003909698157009351,0.004178964786031701,0.002408125230478411,0.0012874982847171739,0.00020476492772326336,0.0013182586381239815,0.004447442338626531,0.0012939852020006286,0.000323420390225824,0.004984438192424789,0.00023731946171919472,0.0015342793277053654,0.0011709143497659548,-0.000973143492768179,-3.9918236025486054e-5,0.0014294440138263908,-0.0019797790472575565,-0.0005120492190800588,0.004305552398438543,0.00301448112675141,0.00043587487165926,0.004490537557371947,0.004080321524810355,0.002407887163288141,-0.0010596039428702737,0.002899145782672789,0.0014808120996308441,-0.004093476427434515,0.0034229295545991985,0.00023731946171919472,0.015968675500716477,-0.0001202456408722769,-0.0030103638855463084,-0.002046691253555057,0.002700411317784832,-0.0009660336672567889,0.006677029734504125,-0.0015136344199042273,-0.0012371960527783202,-0.003039473100020595,0.0005285732543468591,0.0025748425783608054,-0.0022196747517974425,-5.415832761226176e-6,0.00027896482375185756,0.0007957668885986311,-0.002306802163929076,-0.000850591872481665,0.0009526803316076524,0.0015342793277053654,-0.0001202456408722769,0.016770050283111505,-0.00034994385534406724,-0.0005773602270995784,-0.0007179050005396869,0.0024730837194201407,-6.269356290087956e-5,-0.0004418749272795311,0.0011304815585664219,0.0017155242627806505,-4.442209027233802e-5,0.001717107414951154,0.0017210566679194991,-0.00027291905350483283,0.0014026073304075908,0.0002629111874446861,0.005272564469361746,0.0029575360318620557,0.0008301645771302507,0.0011709143497659548,-0.0030103638855463084,-0.00034994385534406724,0.0057681279882192595,0.0005866509401293994,1.12039720212378e-5,3.0120684650574315e-5,0.0006451430370581435,0.0006150946318143572,-0.001730951521046913,-0.0026459095410471985,-0.0006804234330262408,-0.004049226317784095,-0.00202591920177569,-0.0011854799621439692,0.0010864619354184512,-0.003071488152667311,-0.004330430947267603,0.0011339585624744514,-0.0002216445851569774,-0.000973143492768179,-0.002046691253555057,-0.0005773602270995784,0.0005866509401293994,0.013644042711044111,0.00040453135501847146,0.002648057562611336,0.002930970873949076,0.0006865343222250351,0.002225846295818558,0.0008856724404511311,0.000510387077771563,0.002165655360487338,0.0017879658315988118,4.886632803761777e-5,-0.0007454293659324262,0.000569653855796136,0.0044536340631595225,-0.0018850013811835594,0.0003233297222104734,-3.9918236025486054e-5,0.002700411317784832,-0.0007179050005396869,1.12039720212378e-5,0.00040453135501847146,0.004586106215997049,-0.0009009548709786276,0.0019736320540633444,-0.0009198892528860577,0.00033540389141704257,0.0021086218531986417,0.0001536493013032825,0.003559755172857881,-0.0030193862560614695,0.001584806825410472,0.001123332047656345,-0.0007664270516962373,-0.0025597829558459354,0.0047908171750666,0.0009461099717990324,0.0014294440138263908,-0.0009660336672567889,0.0024730837194201407,3.0120684650574315e-5,0.002648057562611336,-0.0009009548709786276,0.014571154533398004,-0.0008002239999740568,0.00030928019442713107,0.00023081668659961094,0.000624034540162994,-0.0007548109150084803,-8.945192198078594e-5,0.0022599843709704822,-0.0014076999980215852,0.001175584790547861,-0.0006153960683711236,-0.003748560709388765,-0.0015859654370906546,0.003991062334973202,-0.0019797790472575565,0.006677029734504125,-6.269356290087956e-5,0.0006451430370581435,0.002930970873949076,0.0019736320540633444,-0.0008002239999740568,0.036218484950173824,0.00019843057618147545,-0.0020522935504387703,-0.0006348759729621822,0.0003709480509975722,-0.0025631265820473944,-0.0004508514617832365,-0.0007033653048792598,0.003721533916938665,-0.0006766209868641383,-0.0021319940833524815,0.0032536015478730586,0.0016581059787655345,-0.0005120492190800588,-0.0015136344199042273,-0.0004418749272795311,0.0006150946318143572,0.0006865343222250351,-0.0009198892528860577,0.00030928019442713107,0.00019843057618147545,0.005321312132688732
