0.01280221109086912,0.003141484773518811,0.0009522754052844115,0.0006770971781870886,0.0007824345883075275,0.0020756042152038513,0.00968025931722556,0.0015075901240631981,0.0017666472652490435,0.003049761876947085,0.0035994399614932247,0.0020454222530195522,0.0009867196707081477,0.002055269537695849,0.0029702337068388584,0.0015717591597427276,0.0007319983766833893,0.0007269043075621912,0.0009228366746725873,0.003416238950808957,0.003141484773518811,0.012548558101372372,0.0008097063295544345,0.000993280352384412,7.034045600461388e-5,0.00010290299550466789,0.003983298419526202,0.0011576277451397733,0.0014288687850814619,2.4956493835056167e-5,0.001900883073699688,0.0014128612655585513,0.0007184571853293812,0.0020447460903941957,0.0018502342183890346,0.0009367231900849644,0.0007887005110695438,2.22236599274925e-6,9.384916937552453e-5,0.000693989567875083,0.0009522754052844115,0.0008097063295544345,0.0023541909277531633,0.00019439664525294306,0.000381878363320627,0.000685530483975391,0.0034414190332821195,0.00024456948422807765,0.0006428004013463574,0.0012593534275649305,0.0021463242287491514,0.0006838566176081343,0.0014537991912811602,0.0003040209038131915,0.0010705882290255654,0.001314761791039976,-9.475931425737015e-6,0.00015454247001308084,0.00011953414990403162,0.002135132212667352,0.0006770971781870886,0.000993280352384412,0.00019439664525294306,0.0045661551195354914,-9.384740542252632e-5,-9.311997869059894e-5,0.0008301172231240425,0.0007462019884722122,0.000614577451365874,1.0269940061288867e-5,0.0006274450802987081,0.0002817737288620441,1.5071911171237069e-5,0.00040171184413691306,0.00061387235439666,0.0001402479920646609,0.0006933740414133825,0.00017804740472124927,-0.00044006193432033047,9.946083529575203e-5,0.0007824345883075275,7.034045600461388e-5,0.000381878363320627,-9.384740542252632e-5,0.002370215866949869,0.0002739311079843189,0.0030937825353849324,0.0004834972038283983,0.000997228945266368,0.000916265413962791,0.0020482404659116476,0.0002260027271680928,0.0011495534929523866,3.3551838662153306e-5,0.0011349400013603314,0.0008035667064661542,3.3258101940659948e-6,0.000310499367524066,0.0002846485983070356,0.0005464774010664339,0.0020756042152038513,0.00010290299550466789,0.000685530483975391,-9.311997869059894e-5,0.0002739311079843189,0.0025575413330265083,0.004101652695646307,0.00012269724024601292,0.0008835010349299184,0.0017153479360402426,0.0017580082259001004,0.0009572686023675728,0.0007401031211013348,0.00020014103338047157,0.0011008285883092092,0.0006417223238929549,0.00024186896632765015,0.0003825609974900622,0.0008262568873396731,0.001694957327886412,0.00968025931722556,0.003983298419526202,0.0034414190332821195,0.0008301172231240425,0.0030937825353849324,0.004101652695646307,0.04732950267917608,0.0020784247746395614,0.006504044972605039,0.007615841516444767,0.007805933007288249,0.004533256997468834,0.005331470992571428,-0.0005969922338273314,0.005543147485299049,0.001112213762724023,-0.00027757660620660886,0.0013829516067897566,0.001214137675839668,0.007591783945119642,0.0015075901240631981,0.0011576277451397733,0.00024456948422807765,0.0007462019884722122,0.0004834972038283983,0.00012269724024601292,0.0020784247746395614,0.00308948665252674,0.00036791330736794467,0.00027973120448400674,0.0003083246431439551,-1.799152165768402e-5,0.0006214744752650614,-1.250401183668437e-5,0.001427625387321034,0.0002791573529007726,0.0001535596694472286,-7.601033459017132e-5,0.0004525195508376156,0.0017047402476025055,0.0017666472652490435,0.0014288687850814619,0.0006428004013463574,0.000614577451365874,0.000997228945266368,0.0008835010349299184,0.006504044972605039,0.00036791330736794467,0.008915625575930912,0.0009812155792452487,0.0023378150801907772,0.0008569198978244158,0.000868624560288732,-0.00047808969535750813,0.0013735428901215357,0.001129886700053847,-0.00039643594667901317,0.0011177074683715988,-4.570535929434101e-6,-0.0004206614952255432,0.003049761876947085,2.4956493835056167e-5,0.0012593534275649305,1.0269940061288867e-5,0.000916265413962791,0.0017153479360402426,0.007615841516444767,0.00027973120448400674,0.0009812155792452487,0.007570795023157216,0.00300127964478567,0.0014459942317778997,0.0026686284592415815,-0.0005788439062049076,0.0015640670986662006,0.0012991580655331565,-0.00031805848830520635,0.0005336727897527951,0.001039089015663974,0.0031327773928055435,0.0035994399614932247,0.001900883073699688,0.0021463242287491514,0.0006274450802987081,0.0020482404659116476,0.0017580082259001004,0.007805933007288249,0.0003083246431439551,0.0023378150801907772,0.00300127964478567,0.019960650083116465,0.0028013623477044043,0.0032184295687423974,0.0006365798984082146,0.005269931443426868,0.0027550729807617642,-0.0003316783187417957,0.00024650684405139346,0.0018449543032641258,0.004517895375957563,0.0020454222530195522,0.0014128612655585513,0.0006838566176081343,0.0002817737288620441,0.0002260027271680928,0.0009572686023675728,0.004533256997468834,-1.799152165768402e-5,0.0008569198978244158,0.0014459942317778997,0.0028013623477044043,0.008317347893875357,0.0025491012321701206,0.0005158584127368793,0.0018305964038443563,0.0001343216659157799,0.0011081511394748788,0.00104259989879005,0.002187390472842137,0.0034336393073833354,0.0009867196707081477,0.0007184571853293812,0.0014537991912811602,1.5071911171237069e-5,0.0011495534929523866,0.0007401031211013348,0.005331470992571428,0.0006214744752650614,0.000868624560288732,0.0026686284592415815,0.0032184295687423974,0.0025491012321701206,0.010407156256117983,-0.0006499431255655107,0.0023823682973988817,0.0028554475120409397,-0.0002696227157284747,0.000956420271121899,0.0005061833657705171,0.004120332644062609,0.002055269537695849,0.0020447460903941957,0.0003040209038131915,0.00040171184413691306,3.3551838662153306e-5,0.00020014103338047157,-0.0005969922338273314,-1.250401183668437e-5,-0.00047808969535750813,-0.0005788439062049076,0.0006365798984082146,0.0005158584127368793,-0.0006499431255655107,0.012512249622445742,0.0010584113733651517,0.0026969796442379472,0.0005513970184184439,8.54101230850889e-5,0.0016194468909074685,8.085203399354831e-5,0.0029702337068388584,0.0018502342183890346,0.0010705882290255654,0.00061387235439666,0.0011349400013603314,0.0011008285883092092,0.005543147485299049,0.001427625387321034,0.0013735428901215357,0.0015640670986662006,0.005269931443426868,0.0018305964038443563,0.0023823682973988817,0.0010584113733651517,0.008667980781477116,0.0026239339439922257,-0.0003421295652515635,0.00044515911904448806,0.002190105958006224,0.0013907159759199866,0.0015717591597427276,0.0009367231900849644,0.001314761791039976,0.0001402479920646609,0.0008035667064661542,0.0006417223238929549,0.001112213762724023,0.0002791573529007726,0.001129886700053847,0.0012991580655331565,0.0027550729807617642,0.0001343216659157799,0.0028554475120409397,0.0026969796442379472,0.0026239339439922257,0.014952753917267298,0.00014920587670479618,0.0005394328967941882,0.00031458639029110244,0.0013046192199854599,0.0007319983766833893,0.0007887005110695438,-9.475931425737015e-6,0.0006933740414133825,3.3258101940659948e-6,0.00024186896632765015,-0.00027757660620660886,0.0001535596694472286,-0.00039643594667901317,-0.00031805848830520635,-0.0003316783187417957,0.0011081511394748788,-0.0002696227157284747,0.0005513970184184439,-0.0003421295652515635,0.00014920587670479618,0.005165892024907278,-4.601060840034305e-6,0.0004185621577102701,0.0008750127795580961,0.0007269043075621912,2.22236599274925e-6,0.00015454247001308084,0.00017804740472124927,0.000310499367524066,0.0003825609974900622,0.0013829516067897566,-7.601033459017132e-5,0.0011177074683715988,0.0005336727897527951,0.00024650684405139346,0.00104259989879005,0.000956420271121899,8.54101230850889e-5,0.00044515911904448806,0.0005394328967941882,-4.601060840034305e-6,0.0017261907790419196,0.0020257560161457086,0.0011465293364822384,0.0009228366746725873,9.384916937552453e-5,0.00011953414990403162,-0.00044006193432033047,0.0002846485983070356,0.0008262568873396731,0.001214137675839668,0.0004525195508376156,-4.570535929434101e-6,0.001039089015663974,0.0018449543032641258,0.002187390472842137,0.0005061833657705171,0.0016194468909074685,0.002190105958006224,0.00031458639029110244,0.0004185621577102701,0.0020257560161457086,0.015482865842346023,0.004809587368897002,0.003416238950808957,0.000693989567875083,0.002135132212667352,9.946083529575203e-5,0.0005464774010664339,0.001694957327886412,0.007591783945119642,0.0017047402476025055,-0.0004206614952255432,0.0031327773928055435,0.004517895375957563,0.0034336393073833354,0.004120332644062609,8.085203399354831e-5,0.0013907159759199866,0.0013046192199854599,0.0008750127795580961,0.0011465293364822384,0.004809587368897002,0.02913023984090579
0.014280082604385652,-0.0007867613436169625,0.002080326707767733,0.004139684604354214,0.00029361806610473024,0.001289476845662508,-0.0011949532601913972,0.001162509703829893,0.002278252362995696,0.0006547210374518278,0.002570928933968463,-0.00010239502362227044,0.007162077460100318,0.008989139332528498,-0.00047074378018824065,-0.003740593930820494,0.0020960412410612485,0.00136321383965224,0.007974648579664304,0.002044808353408483,-0.0007867613436169625,0.015046431770385551,-0.0012834606753224795,-0.0028677032047220077,-2.4578957921956832e-5,0.0031342854564749027,0.0025777183688462813,-0.0014350689792182044,-0.003808977226549037,-0.00205210635731582,0.0006797494225603703,-0.0020241899532069977,-0.003938797662628743,-0.005127496528085989,-0.0026724158910973973,0.001048744133873002,-0.0010529821134621794,0.0009335872461550588,-0.004104715941217004,0.0021563967563563557,0.002080326707767733,-0.0012834606753224795,0.002940706808599574,0.0014162078581173973,0.0005453940049817854,-0.0005603654044443381,-0.000837859518233734,0.0011321263010541874,-0.00041831084999950586,0.0010910517584040089,0.0010612219878511151,0.001411991893401791,0.0010138381492735046,0.0037411731482655374,-0.0001805452739322824,-0.0017637682275239808,0.0002707119678282664,0.000487799615072151,0.001834380199159922,0.0002395583846024089,0.004139684604354214,-0.0028677032047220077,0.0014162078581173973,0.007902245472361466,0.0012821147466577554,0.00015000080305276113,-0.0047579828241365064,0.0010741726118852937,0.0030225289678589354,0.003033673022603032,-0.0008927355413512591,-0.0005927621981529396,0.005112546837563662,0.0057782880743920875,0.001708178658859198,-0.0037765455039395187,0.002699961518748092,-0.00038909069234060263,0.005852395143066989,-0.0005743785811293496,0.00029361806610473024,-2.4578957921956832e-5,0.0005453940049817854,0.0012821147466577554,0.0035275832208231037,0.00028341114255284606,-0.003290837410527733,0.0006462330073369407,-0.00021872564145018896,0.0024049805792839708,-0.0026384451153308834,0.002268069919586819,-0.000875171024116281,0.0005952943055219147,0.001407779480033037,-0.001103960968702976,0.0011896346042759155,-0.0006599239912609106,0.0011006057955586274,-0.0029260450346156493,0.001289476845662508,0.0031342854564749027,-0.0005603654044443381,0.00015000080305276113,0.00028341114255284606,0.004267197290223501,0.0005689755141254323,-0.0006104605717611566,-0.0017220012337713806,-0.0019820561457584117,0.0017237796093218017,-0.001165707874028934,-5.5645728560200735e-5,-0.00040567923749236246,-0.0015297601061121616,0.001033802783148886,0.00039827994423159284,0.001081962227490998,0.0001025657556824469,0.002084536315951367,-0.0011949532601913972,0.0025777183688462813,-0.000837859518233734,-0.0047579828241365064,-0.003290837410527733,0.0005689755141254323,0.05939801204343287,0.0005024864986040354,-0.001597482788617173,-0.008470118973370008,0.009546720565047597,-0.0018171211310251082,0.003973047197172435,0.004785730643691973,-0.006048545674134789,0.017237551362769523,0.006141727226990583,0.0031503345812422916,0.00627659795978321,0.00317314053900003,0.001162509703829893,-0.0014350689792182044,0.0011321263010541874,0.0010741726118852937,0.0006462330073369407,-0.0006104605717611566,0.0005024864986040354,0.0031564645848698716,0.0008064823570771871,0.001059069014392649,0.001486690918286328,0.001226278945868916,0.0011627151514217518,0.003056936128659805,7.342503922093939e-5,-0.00013631254594050817,0.0013547558081992836,7.861971477762043e-5,0.00244057119682354,-0.0006531667487813123,0.002278252362995696,-0.003808977226549037,-0.00041831084999950586,0.0030225289678589354,-0.00021872564145018896,-0.0017220012337713806,-0.001597482788617173,0.0008064823570771871,0.010647276835424985,0.0017038165316081056,-0.0017371265583535837,-0.0018302573180382516,0.005119411156857833,0.00463918336742341,0.002000804357779596,0.0004127658065866764,0.0024663571702080002,-0.0016805284049701914,0.003857415899268822,0.0004134317968151705,0.0006547210374518278,-0.00205210635731582,0.0010910517584040089,0.003033673022603032,0.0024049805792839708,-0.0019820561457584117,-0.008470118973370008,0.001059069014392649,0.0017038165316081056,0.009725342107820478,-0.0038405369242565613,0.0028784804251484773,0.0014090399460010496,0.0031046359834657764,0.0033797600789325123,-0.002444562044260622,0.0015364403832305506,-0.0010385764121522054,0.002964828840089767,-0.0059814412878302125,0.002570928933968463,0.0006797494225603703,0.0010612219878511151,-0.0008927355413512591,-0.0026384451153308834,0.0017237796093218017,0.009546720565047597,0.001486690918286328,-0.0017371265583535837,-0.0038405369242565613,0.025046544686591427,-0.0027998773493041916,0.003424076189987465,0.003809496291227227,-0.0037660904883632168,0.001396028845422493,0.0012182425716509657,0.003196287065362163,0.002382658253318645,0.008738843917287135,-0.00010239502362227044,-0.0020241899532069977,0.001411991893401791,-0.0005927621981529396,0.002268069919586819,-0.001165707874028934,-0.0018171211310251082,0.001226278945868916,-0.0018302573180382516,0.0028784804251484773,-0.0027998773493041916,0.01195601913192583,-0.0034914366757367804,0.0005705210023883296,0.0017792118945655524,-0.0016106390347764444,-0.0014549415017217008,-0.0008701506265116768,-0.0004654459520751586,-0.007273748561494141,0.007162077460100318,-0.003938797662628743,0.0010138381492735046,0.005112546837563662,-0.000875171024116281,-5.5645728560200735e-5,0.003973047197172435,0.0011627151514217518,0.005119411156857833,0.0014090399460010496,0.003424076189987465,-0.0034914366757367804,0.016855521767848176,0.010753879652711393,0.0016488102577540296,-0.0009151189949705235,0.006214212344085498,0.001111899865679908,0.010390922880901198,0.00010454878471445882,0.008989139332528498,-0.005127496528085989,0.0037411731482655374,0.0057782880743920875,0.0005952943055219147,-0.00040567923749236246,0.004785730643691973,0.003056936128659805,0.00463918336742341,0.0031046359834657764,0.003809496291227227,0.0005705210023883296,0.010753879652711393,0.02162446976351111,0.00040903621860676473,-0.0014032146544141967,0.006412238322883944,0.0013826662679470461,0.012538324882915229,0.0015698659825937671,-0.00047074378018824065,-0.0026724158910973973,-0.0001805452739322824,0.001708178658859198,0.001407779480033037,-0.0015297601061121616,-0.006048545674134789,7.342503922093939e-5,0.002000804357779596,0.0033797600789325123,-0.0037660904883632168,0.0017792118945655524,0.0016488102577540296,0.00040903621860676473,0.007444361552341947,-0.0024110102302427935,0.0012867088958367404,-0.0013836057924914436,0.0014973188173919587,-0.0031837080690370967,-0.003740593930820494,0.001048744133873002,-0.0017637682275239808,-0.0037765455039395187,-0.001103960968702976,0.001033802783148886,0.017237551362769523,-0.00013631254594050817,0.0004127658065866764,-0.002444562044260622,0.001396028845422493,-0.0016106390347764444,-0.0009151189949705235,-0.0014032146544141967,-0.0024110102302427935,0.018895992043300565,0.001102436766931237,0.0006807045347378441,-0.002306641652297306,0.002993150263272124,0.0020960412410612485,-0.0010529821134621794,0.0002707119678282664,0.002699961518748092,0.0011896346042759155,0.00039827994423159284,0.006141727226990583,0.0013547558081992836,0.0024663571702080002,0.0015364403832305506,0.0012182425716509657,-0.0014549415017217008,0.006214212344085498,0.006412238322883944,0.0012867088958367404,0.001102436766931237,0.010257883410145233,0.0009253180292172581,0.006831728986407097,0.0003109689931462836,0.00136321383965224,0.0009335872461550588,0.000487799615072151,-0.00038909069234060263,-0.0006599239912609106,0.001081962227490998,0.0031503345812422916,7.861971477762043e-5,-0.0016805284049701914,-0.0010385764121522054,0.003196287065362163,-0.0008701506265116768,0.001111899865679908,0.0013826662679470461,-0.0013836057924914436,0.0006807045347378441,0.0009253180292172581,0.002535754388713946,0.0007899123994587937,0.0023338116087666446,0.007974648579664304,-0.004104715941217004,0.001834380199159922,0.005852395143066989,0.0011006057955586274,0.0001025657556824469,0.00627659795978321,0.00244057119682354,0.003857415899268822,0.002964828840089767,0.002382658253318645,-0.0004654459520751586,0.010390922880901198,0.012538324882915229,0.0014973188173919587,-0.002306641652297306,0.006831728986407097,0.0007899123994587937,0.020748965847069853,-0.0027645749846723893,0.002044808353408483,0.0021563967563563557,0.0002395583846024089,-0.0005743785811293496,-0.0029260450346156493,0.002084536315951367,0.00317314053900003,-0.0006531667487813123,0.0004134317968151705,-0.0059814412878302125,0.008738843917287135,-0.007273748561494141,0.00010454878471445882,0.0015698659825937671,-0.0031837080690370967,0.002993150263272124,0.0003109689931462836,0.0023338116087666446,-0.0027645749846723893,0.031846190297349086
