0.052501490917511495,0.0034221206833028295,0.010449479410527306,0.0006300748926103589,-0.001057656066354295,0.00680482217590191,0.0029710056972970735,0.004138343459898578,0.017179382602033527,0.003247492128991828,0.017170126615088106,0.005828649126618617,0.007655188237418226,0.004962568347109599,0.01646051940935802,0.0029263786977134117,0.004279308628664494,0.011828993412428199,0.0033132410408196495,0.01279437190461655,0.0034221206833028295,0.002027510238558127,0.0005838255210282333,0.0008184268238354337,0.0010459351653231141,0.0023066686525087376,0.0002739930100543543,-3.0103907652224667e-6,0.0014073704803322113,0.0005560716321412004,0.001883732178069305,0.002138219865204894,0.0015525509716085985,0.002791341823272484,0.0038093892429614724,0.0006636178505251108,0.0032026667569594863,0.0019198809455685411,0.000936324551264821,0.0002204104197458585,0.010449479410527306,0.0005838255210282333,0.022064347388483185,0.0016797937730536193,0.0035312068365278603,0.0019288008385642211,0.0007774636545676299,0.0017054204698202628,0.005988568603302028,0.0026644507666437073,0.011180723019079223,-0.0010862762542133393,0.003350016125348968,0.004458967252366893,0.003901808821703414,-0.0007151309670551712,0.0026168994887495996,0.004566493866276937,0.005303689957736222,0.004282206994303888,0.0006300748926103589,0.0008184268238354337,0.0016797937730536193,0.0069068587333439855,0.001609160190095188,0.00042460727640349994,-0.0004079809638832011,-8.150899941920201e-5,0.000603343949836841,0.000831819885579606,0.0012738840036357743,0.0007966938220387408,0.0011754480576707392,0.0019472680369268653,0.003633101541219992,0.0008031256447918749,0.0025725790249615573,0.001742350581732098,0.002653434901464518,-0.00220342169400894,-0.001057656066354295,0.0010459351653231141,0.0035312068365278603,0.001609160190095188,0.03063495341205045,0.004925419793883709,0.0029023615231170458,0.0006656099755014315,2.4947561845948662e-5,0.0010070325316208146,0.01210268559316889,0.004662820146188833,0.0016686618422764145,-0.0006601593576424356,-0.0013798276741816074,-0.0007078221142769382,0.002607499510554541,0.0025755716697627032,0.004904095853877644,-0.004373316732998641,0.00680482217590191,0.0023066686525087376,0.0019288008385642211,0.00042460727640349994,0.004925419793883709,0.025288656955282193,0.0032568241292492686,0.0009424594714017834,0.0049310275093979086,0.0030076181640249513,0.005003926428134443,0.004164076451212427,0.0032535152043712164,0.008635193485665799,0.007992071571630028,0.0008900081946752107,0.006839420599336923,0.006184660162899877,0.0029201843326884477,0.00693493162255668,0.0029710056972970735,0.0002739930100543543,0.0007774636545676299,-0.0004079809638832011,0.0029023615231170458,0.0032568241292492686,0.004650502922258282,0.0010353535076260212,0.0037681997400367093,0.0009688842502330182,0.004635619240905694,0.0016137865212546825,0.0006977086665116321,0.0007299544080590027,0.00110893013416379,0.0006567010314388029,-6.006404298084238e-5,0.0017646725322291992,0.000548950045976361,0.0030333932407171126,0.004138343459898578,-3.0103907652224667e-6,0.0017054204698202628,-8.150899941920201e-5,0.0006656099755014315,0.0009424594714017834,0.0010353535076260212,0.0016955209123622628,0.0022016806102829736,0.0004124434333907801,0.0029798204034509022,0.0008534075612396541,0.0006670257522394379,0.00013472414096400535,0.0009587611220092446,0.00047828096216410336,9.51831476306913e-5,0.0015796009270047083,-0.00010788271556193895,0.002855782978178228,0.017179382602033527,0.0014073704803322113,0.005988568603302028,0.000603343949836841,2.4947561845948662e-5,0.0049310275093979086,0.0037681997400367093,0.0022016806102829736,0.023227913490372877,0.0024919477487452798,0.008902815885674174,0.0018012487265924894,0.00345486315913474,0.00414786746508999,0.008205360118985683,0.001446497754551084,0.002245905786679082,0.007868961446667285,0.002002339336736629,0.00939125836438982,0.003247492128991828,0.0005560716321412004,0.0026644507666437073,0.000831819885579606,0.0010070325316208146,0.0030076181640249513,0.0009688842502330182,0.0004124434333907801,0.0024919477487452798,0.003920181370883884,0.002883972698856879,0.0007300792121186833,0.0018441389594771999,0.0027768221522903543,0.0027958757744064827,0.0004595873924675954,0.002514971649916482,0.0021564352165453888,0.0016263273409435814,0.002636119710224035,0.017170126615088106,0.001883732178069305,0.011180723019079223,0.0012738840036357743,0.01210268559316889,0.005003926428134443,0.004635619240905694,0.0029798204034509022,0.008902815885674174,0.002883972698856879,0.04052900984270544,0.005173518733865413,0.0045247886445372205,0.004991891476953728,0.006984640660146008,0.001140407132106175,0.0022434089861447255,0.009041928196808834,0.0055620943505052655,0.004445040215680353,0.005828649126618617,0.002138219865204894,-0.0010862762542133393,0.0007966938220387408,0.004662820146188833,0.004164076451212427,0.0016137865212546825,0.0008534075612396541,0.0018012487265924894,0.0007300792121186833,0.005173518733865413,0.0132932803229001,0.0033426460530504094,0.006408215319651925,0.008868891007338911,0.0018705411228171396,0.004454589623837536,0.00423960004907197,-0.0002753124255099647,0.0017725195616679294,0.007655188237418226,0.0015525509716085985,0.003350016125348968,0.0011754480576707392,0.0016686618422764145,0.0032535152043712164,0.0006977086665116321,0.0006670257522394379,0.00345486315913474,0.0018441389594771999,0.0045247886445372205,0.0033426460530504094,0.005480184136358892,0.00449063371767343,0.006824682219669555,0.00044975376863604755,0.003083622137169656,0.0035022195242814117,0.0021748808953467535,0.0028999105224953104,0.004962568347109599,0.002791341823272484,0.004458967252366893,0.0019472680369268653,-0.0006601593576424356,0.008635193485665799,0.0007299544080590027,0.00013472414096400535,0.00414786746508999,0.0027768221522903543,0.004991891476953728,0.006408215319651925,0.00449063371767343,0.029330736968515386,0.01367873488958311,0.0014575527574910495,0.007545915900291736,0.0038170459911426808,0.0027767095858270046,0.0030877528912487207,0.01646051940935802,0.0038093892429614724,0.003901808821703414,0.003633101541219992,-0.0013798276741816074,0.007992071571630028,0.00110893013416379,0.0009587611220092446,0.008205360118985683,0.0027958757744064827,0.006984640660146008,0.008868891007338911,0.006824682219669555,0.01367873488958311,0.03003682115507836,0.003506165416613947,0.007763418832079965,0.009504895403365935,0.003477401303903293,0.008878337542829327,0.0029263786977134117,0.0006636178505251108,-0.0007151309670551712,0.0008031256447918749,-0.0007078221142769382,0.0008900081946752107,0.0006567010314388029,0.00047828096216410336,0.001446497754551084,0.0004595873924675954,0.001140407132106175,0.0018705411228171396,0.00044975376863604755,0.0014575527574910495,0.003506165416613947,0.0020285576298868053,0.001824466961420252,0.001484876791831723,-0.0002457595623178835,0.0016185369899630723,0.004279308628664494,0.0032026667569594863,0.0026168994887495996,0.0025725790249615573,0.002607499510554541,0.006839420599336923,-6.006404298084238e-5,9.51831476306913e-5,0.002245905786679082,0.002514971649916482,0.0022434089861447255,0.004454589623837536,0.003083622137169656,0.007545915900291736,0.007763418832079965,0.001824466961420252,0.019165189307288527,0.006373223963518016,0.0015248735457476115,0.002198414426092863,0.011828993412428199,0.0019198809455685411,0.004566493866276937,0.001742350581732098,0.0025755716697627032,0.006184660162899877,0.0017646725322291992,0.0015796009270047083,0.007868961446667285,0.0021564352165453888,0.009041928196808834,0.00423960004907197,0.0035022195242814117,0.0038170459911426808,0.009504895403365935,0.001484876791831723,0.006373223963518016,0.02110716505098454,0.0028162654312505623,0.005269505920928752,0.0033132410408196495,0.000936324551264821,0.005303689957736222,0.002653434901464518,0.004904095853877644,0.0029201843326884477,0.000548950045976361,-0.00010788271556193895,0.002002339336736629,0.0016263273409435814,0.0055620943505052655,-0.0002753124255099647,0.0021748808953467535,0.0027767095858270046,0.003477401303903293,-0.0002457595623178835,0.0015248735457476115,0.0028162654312505623,0.007568780286599234,-0.00040123057024160137,0.01279437190461655,0.0002204104197458585,0.004282206994303888,-0.00220342169400894,-0.004373316732998641,0.00693493162255668,0.0030333932407171126,0.002855782978178228,0.00939125836438982,0.002636119710224035,0.004445040215680353,0.0017725195616679294,0.0028999105224953104,0.0030877528912487207,0.008878337542829327,0.0016185369899630723,0.002198414426092863,0.005269505920928752,-0.00040123057024160137,0.03317087197582784
0.04593768663281339,0.0004484107210641151,0.0067265109535963475,0.00328115047868308,0.009498728176837962,0.008659615154002894,0.003391802682727983,-0.0008393798260411384,-0.0024102523466473895,0.0036557995958796333,0.007576301728125968,-0.002168205566183513,-2.6095220929251632e-5,0.009200506783014942,-0.007373988106243561,0.0034276597291363685,0.00542473748264135,0.0013301150757171294,0.008125001177246276,0.003305713548581773,0.0004484107210641151,0.0012305072664406606,0.0006353178459583903,0.0003846986193840183,0.0006343927247569017,0.0012959322819486307,0.00032021321522676313,4.4814464510831446e-5,0.0013455033740200082,0.00013874520635159614,0.001478217590144576,0.0004536328514587373,0.00012575990613420616,0.00036388601626001873,-0.0006013592328933064,0.00012822094103850327,-0.0006701055659508214,0.0001835296088702638,0.0006926147545203977,0.00109628610309332,0.0067265109535963475,0.0006353178459583903,0.018504835728617077,0.0025704705926742647,0.0075985884020396246,0.010034612849764347,0.0016827481229146396,-0.000671686536794039,0.0067204703326358105,0.00040724684153264023,0.011935065216160902,0.0016203573240425517,-5.506080822270849e-5,0.004788750699226443,-0.0014398784403504494,0.0019917619855393943,0.0007107044034375739,0.0020450902764284637,0.0012932205414389834,0.0020500076517016253,0.00328115047868308,0.0003846986193840183,0.0025704705926742647,0.00767262419671573,0.002987724228217723,0.004801775292191582,0.0008915027271874233,-0.0004720383213703787,0.005477337891280165,2.003823544259397e-5,0.004343196771726531,0.001251594170909021,0.0008721120464206019,0.0019572995456369636,0.0019738605868196055,0.00027477629165174796,0.0010574357680559923,0.0011017919098187548,0.0002611844776710787,-0.0003523659873340783,0.009498728176837962,0.0006343927247569017,0.0075985884020396246,0.002987724228217723,0.03630181838182474,0.011213453554039653,0.0012113958780806647,-0.0013869969829953795,0.009317087723766201,0.0024279773425827933,0.011462552779268097,0.0020306197097351,0.0022884021860396075,0.009241045506321419,-0.0032277603289818774,0.0031267324300702426,0.0028880054344557005,-0.001945528687197054,0.0035815249364919565,0.009698866149223578,0.008659615154002894,0.0012959322819486307,0.010034612849764347,0.004801775292191582,0.011213453554039653,0.031110545943975665,0.0018234830001200681,-0.001120513371403999,0.013520256229916712,0.0008230543257013092,0.014815729285928779,0.0062485404439937345,0.0027441472639127334,0.004413165823705298,-0.0034448403924813267,0.0035513960389932137,0.00332152372246233,0.003655201240710103,0.0026556740778709317,-0.002409338005433098,0.003391802682727983,0.00032021321522676313,0.0016827481229146396,0.0008915027271874233,0.0012113958780806647,0.0018234830001200681,0.003708831501852524,-9.480539017995676e-5,-0.0002285241217824252,0.00017468625798407254,0.0017033149522457881,0.0002942316399297064,0.0004381433674641556,0.0010839971253312527,0.000626077833114467,0.000907938922308734,0.001453813068500414,0.0018173539164275106,0.002016633197279385,0.0018499800986124927,-0.0008393798260411384,4.4814464510831446e-5,-0.000671686536794039,-0.0004720383213703787,-0.0013869969829953795,-0.001120513371403999,-9.480539017995676e-5,0.0014850265709429235,-0.0006052068646340084,-1.9752482861516345e-5,-0.0014477162516874213,-0.0006209095850154178,-0.00014963841628108887,0.00068206886444004,-0.0005898308209998291,-0.0004485223341163928,-0.0005824682326024241,-8.782776370000662e-6,0.000559582792293687,0.0010092975897275393,-0.0024102523466473895,0.0013455033740200082,0.0067204703326358105,0.005477337891280165,0.009317087723766201,0.013520256229916712,-0.0002285241217824252,-0.0006052068646340084,0.030993743330808628,-0.0005125639473091167,0.012121111035158179,0.0059722291218158065,0.001699630870078122,0.006268017715325112,-0.0016298211153460045,0.0010998408723207449,-0.0008059307995624742,-0.001471409692372163,0.0009893340643050035,-0.0014753521821036337,0.0036557995958796333,0.00013874520635159614,0.00040724684153264023,2.003823544259397e-5,0.0024279773425827933,0.0008230543257013092,0.00017468625798407254,-1.9752482861516345e-5,-0.0005125639473091167,0.00385455190006962,0.0011627334686011691,-0.0001800112166587678,-0.0005337047412978292,0.0008972215952571367,-0.0010765034619793275,0.0007434780900689908,0.0028056330478010245,0.0008828460274612443,0.000591469594642866,-0.00043857314957362106,0.007576301728125968,0.001478217590144576,0.011935065216160902,0.004343196771726531,0.011462552779268097,0.014815729285928779,0.0017033149522457881,-0.0014477162516874213,0.012121111035158179,0.0011627334686011691,0.04353309635807921,0.008015048504561362,0.0023794135113674123,0.005416664756334365,-0.001048231599098991,0.0032541425830232714,0.002837108998975316,0.0014421188800877978,0.0007670172669247436,0.002724795992782202,-0.002168205566183513,0.0004536328514587373,0.0016203573240425517,0.001251594170909021,0.0020306197097351,0.0062485404439937345,0.0002942316399297064,-0.0006209095850154178,0.0059722291218158065,-0.0001800112166587678,0.008015048504561362,0.01275193760220917,0.0019136052947434008,5.697540193862812e-5,0.00025116270010315327,0.0006923760306506328,-0.002009935501771346,0.0010015413993478303,-0.0007003239832224124,8.864361450382306e-5,-2.6095220929251632e-5,0.00012575990613420616,-5.506080822270849e-5,0.0008721120464206019,0.0022884021860396075,0.0027441472639127334,0.0004381433674641556,-0.00014963841628108887,0.001699630870078122,-0.0005337047412978292,0.0023794135113674123,0.0019136052947434008,0.003467229783465197,0.00011810505265601482,0.000519446213332851,0.000682677236619321,0.0001652994324204972,0.000553761681907524,0.0003981509206693319,0.0007338734529947295,0.009200506783014942,0.00036388601626001873,0.004788750699226443,0.0019572995456369636,0.009241045506321419,0.004413165823705298,0.0010839971253312527,0.00068206886444004,0.006268017715325112,0.0008972215952571367,0.005416664756334365,5.697540193862812e-5,0.00011810505265601482,0.026634980432917992,-0.005777270381496842,0.0014224621026067978,-0.0019625913186369238,-0.004998749243815186,0.0047219441090941006,0.0041538105438687495,-0.007373988106243561,-0.0006013592328933064,-0.0014398784403504494,0.0019738605868196055,-0.0032277603289818774,-0.0034448403924813267,0.000626077833114467,-0.0005898308209998291,-0.0016298211153460045,-0.0010765034619793275,-0.001048231599098991,0.00025116270010315327,0.000519446213332851,-0.005777270381496842,0.018658005380743418,-0.0013832032953574008,0.0013700010703142206,0.0016123040285934054,-0.004140240787122307,-4.907789781970575e-5,0.0034276597291363685,0.00012822094103850327,0.0019917619855393943,0.00027477629165174796,0.0031267324300702426,0.0035513960389932137,0.000907938922308734,-0.0004485223341163928,0.0010998408723207449,0.0007434780900689908,0.0032541425830232714,0.0006923760306506328,0.000682677236619321,0.0014224621026067978,-0.0013832032953574008,0.00225347778241341,0.001829496639429711,0.00137136819347247,0.0014446673767236236,3.297374440262759e-5,0.00542473748264135,-0.0006701055659508214,0.0007107044034375739,0.0010574357680559923,0.0028880054344557005,0.00332152372246233,0.001453813068500414,-0.0005824682326024241,-0.0008059307995624742,0.0028056330478010245,0.002837108998975316,-0.002009935501771346,0.0001652994324204972,-0.0019625913186369238,0.0013700010703142206,0.001829496639429711,0.01592836794748113,0.0038458767724474617,-7.775625618977426e-5,-0.0004033954581248949,0.0013301150757171294,0.0001835296088702638,0.0020450902764284637,0.0011017919098187548,-0.001945528687197054,0.003655201240710103,0.0018173539164275106,-8.782776370000662e-6,-0.001471409692372163,0.0008828460274612443,0.0014421188800877978,0.0010015413993478303,0.000553761681907524,-0.004998749243815186,0.0016123040285934054,0.00137136819347247,0.0038458767724474617,0.018841161000256724,0.0011780536300779769,-0.0015511615954493867,0.008125001177246276,0.0006926147545203977,0.0012932205414389834,0.0002611844776710787,0.0035815249364919565,0.0026556740778709317,0.002016633197279385,0.000559582792293687,0.0009893340643050035,0.000591469594642866,0.0007670172669247436,-0.0007003239832224124,0.0003981509206693319,0.0047219441090941006,-0.004140240787122307,0.0014446673767236236,-7.775625618977426e-5,0.0011780536300779769,0.00847566821978704,0.003058318205351011,0.003305713548581773,0.00109628610309332,0.0020500076517016253,-0.0003523659873340783,0.009698866149223578,-0.002409338005433098,0.0018499800986124927,0.0010092975897275393,-0.0014753521821036337,-0.00043857314957362106,0.002724795992782202,8.864361450382306e-5,0.0007338734529947295,0.0041538105438687495,-4.907789781970575e-5,3.297374440262759e-5,-0.0004033954581248949,-0.0015511615954493867,0.003058318205351011,0.03429740589220298
