0.029602979217632188,0.0006606560116462422,0.004192473153030091,0.0006172123205960055,0.004046195291113353,0.0017658517880332475,7.778560452306598e-5,0.0008481326366901667,0.0009078419124413082,0.0012285118737507968,0.0052071647854670085,6.118207871900993e-7,0.0012037290215664949,0.0021934817766856036,0.000436975616867783,0.0008524181747564606,-7.424974928558174e-5,0.0008494517467973702,0.0016282362599713501,0.0049225581049944815,0.0006606560116462422,0.0010035764334377093,-0.00016264789959395388,0.0002588278178715742,0.000613654095113267,0.000494861357583379,0.0002949040048672842,1.8139718770995702e-5,0.00014465686973658189,0.00014205310331258971,0.000468089778505408,0.0002243884303440999,0.0003848743827470862,0.0005024879128409003,0.0005953067713255398,6.665990192367032e-5,0.00022234115029741138,8.704747374417503e-5,0.000262399549735131,0.0006769699538405538,0.004192473153030091,-0.00016264789959395388,0.014177722562978693,0.0006685568174436123,0.0021428789861939485,0.0030873805042543143,0.0005724108606207231,0.00044279648759181867,0.0020664095305653026,0.0004574686490111447,0.0034322369042501092,-0.0007453871134707945,0.00020784872766446878,0.001816673892421751,-3.110829533358529e-5,0.00011574023614257849,0.0003257549551672216,0.001410735834682098,0.0010935564554830782,0.0030144933005700762,0.0006172123205960055,0.0002588278178715742,0.0006685568174436123,0.005563710033989411,0.00028332696344952456,-0.0001795964742258182,0.00038164451740658296,0.00016269481831431956,0.0014275198400098108,-1.864011856034393e-5,0.0006080903177499398,0.0003932740871164587,0.0005995478564270523,-0.00027611746663379593,0.0018027018618526367,0.00025103437255864157,0.0005180986566788872,0.0008504689706493726,0.0003811164928984006,0.0003132970254065353,0.004046195291113353,0.000613654095113267,0.0021428789861939485,0.00028332696344952456,0.02100937996984076,0.003160084763291467,0.0005697926530916608,0.0004568412827202255,0.00374258314437483,0.0015540323812558048,0.005350203469651347,0.0020413539173332273,0.000934928393537635,0.0010913204019210388,0.0012327846315806678,0.0007909948943249062,0.001768689177960043,0.0023362454907082577,0.001281250901292122,0.002604616806669933,0.0017658517880332475,0.000494861357583379,0.0030873805042543143,-0.0001795964742258182,0.003160084763291467,0.017879492529753172,0.0015343438024934624,0.0006956647092922893,0.00186626673729567,0.0014846325473281776,0.0015896863119168308,-4.792964863929928e-5,0.0005544977934520384,0.003840753140430545,0.0003838923005368218,0.00038590772242471326,0.002631656335971835,0.0031567696173397824,0.0020110689433251693,0.003923975983389824,7.778560452306598e-5,0.0002949040048672842,0.0005724108606207231,0.00038164451740658296,0.0005697926530916608,0.0015343438024934624,0.002555591124274124,0.00028827242157416713,0.0006356114278757211,0.00032786906099762243,0.00055916284439822,0.000482635821966264,0.00010589595158716001,0.00109894683340137,0.0008252162198242458,0.0003852815724833281,0.0006980979322013723,0.0008339267370715778,0.0004133819711419595,0.00097477188240874,0.0008481326366901667,1.8139718770995702e-5,0.00044279648759181867,0.00016269481831431956,0.0004568412827202255,0.0006956647092922893,0.00028827242157416713,0.0010255009310226944,-1.1209101812897088e-5,0.00025960367148975005,0.00025712480051283914,0.0005433624683139979,0.00022847173609743564,0.0004527663480629094,0.00019016898345095235,0.00019520266422389028,0.0007924244510238245,0.0006587943609582007,3.5680154297087264e-5,0.001005043820456067,0.0009078419124413082,0.00014465686973658189,0.0020664095305653026,0.0014275198400098108,0.00374258314437483,0.00186626673729567,0.0006356114278757211,-1.1209101812897088e-5,0.016574320650611228,0.0003402724396145134,0.0008317362436571279,0.0008293366458423795,0.0008852186670242372,0.0014120696197325068,0.0013556461883880823,0.000299854904823758,0.0016047691289554154,0.0020781988345468286,0.0013269383591500558,0.001961432632279477,0.0012285118737507968,0.00014205310331258971,0.0004574686490111447,-1.864011856034393e-5,0.0015540323812558048,0.0014846325473281776,0.00032786906099762243,0.00025960367148975005,0.0003402724396145134,0.0028123648797488813,0.0007150828213955296,0.0005290236978269984,0.0003085767116376113,0.0012376898946468364,-4.1203810129361115e-5,0.0002523276616196127,0.0008545129083806142,0.0005961949131375479,0.0004497423998097122,0.0009962596765358011,0.0052071647854670085,0.000468089778505408,0.0034322369042501092,0.0006080903177499398,0.005350203469651347,0.0015896863119168308,0.00055916284439822,0.00025712480051283914,0.0008317362436571279,0.0007150828213955296,0.025967785238741492,0.0015813243512799256,0.00027502711418711707,-0.0006957519366704148,0.0015622312207308519,0.00087072382157467,0.0019131986730596122,0.0022883190134593066,9.701050687712423e-5,0.005226501638318538,6.118207871900993e-7,0.0002243884303440999,-0.0007453871134707945,0.0003932740871164587,0.0020413539173332273,-4.792964863929928e-5,0.000482635821966264,0.0005433624683139979,0.0008293366458423795,0.0005290236978269984,0.0015813243512799256,0.00853580699951222,0.0008635488562623958,0.000439970874367973,0.0015820772196794865,0.00033948459400460535,-0.0003729010982958696,-0.0004730722381484607,-0.0007609278089616071,0.0013768677841234462,0.0012037290215664949,0.0003848743827470862,0.00020784872766446878,0.0005995478564270523,0.000934928393537635,0.0005544977934520384,0.00010589595158716001,0.00022847173609743564,0.0008852186670242372,0.0003085767116376113,0.00027502711418711707,0.0008635488562623958,0.0029190309264712764,0.00037129615959632597,0.0010604051563806996,0.00025239590120239785,0.0007969744788105871,0.00019652408415346838,0.00021266959025619914,0.000947197443052431,0.0021934817766856036,0.0005024879128409003,0.001816673892421751,-0.00027611746663379593,0.0010913204019210388,0.003840753140430545,0.00109894683340137,0.0004527663480629094,0.0014120696197325068,0.0012376898946468364,-0.0006957519366704148,0.000439970874367973,0.00037129615959632597,0.020365874228614463,-0.0006728737470854164,0.0005646092194095962,-0.0008401241607720335,8.87075497617432e-5,0.0015895917642806967,0.0025063793570778764,0.000436975616867783,0.0005953067713255398,-3.110829533358529e-5,0.0018027018618526367,0.0012327846315806678,0.0003838923005368218,0.0008252162198242458,0.00019016898345095235,0.0013556461883880823,-4.1203810129361115e-5,0.0015622312207308519,0.0015820772196794865,0.0010604051563806996,-0.0006728737470854164,0.015017617129647281,0.0007081305569823021,0.0013495242046077242,0.0021477406481011543,0.0009295659181042166,0.003298063611981048,0.0008524181747564606,6.665990192367032e-5,0.00011574023614257849,0.00025103437255864157,0.0007909948943249062,0.00038590772242471326,0.0003852815724833281,0.00019520266422389028,0.000299854904823758,0.0002523276616196127,0.00087072382157467,0.00033948459400460535,0.00025239590120239785,0.0005646092194095962,0.0007081305569823021,0.0011650104941015305,0.0005524788851984279,0.0005480858951745226,0.00011937674662283619,0.0006963594323672945,-7.424974928558174e-5,0.00022234115029741138,0.0003257549551672216,0.0005180986566788872,0.001768689177960043,0.002631656335971835,0.0006980979322013723,0.0007924244510238245,0.0016047691289554154,0.0008545129083806142,0.0019131986730596122,-0.0003729010982958696,0.0007969744788105871,-0.0008401241607720335,0.0013495242046077242,0.0005524788851984279,0.011605139972741877,0.0019410912318288242,0.0002767446637496762,0.002499308609256081,0.0008494517467973702,8.704747374417503e-5,0.001410735834682098,0.0008504689706493726,0.0023362454907082577,0.0031567696173397824,0.0008339267370715778,0.0006587943609582007,0.0020781988345468286,0.0005961949131375479,0.0022883190134593066,-0.0004730722381484607,0.00019652408415346838,8.87075497617432e-5,0.0021477406481011543,0.0005480858951745226,0.0019410912318288242,0.0147630673760294,0.0007229617993055048,0.0017261185087090428,0.0016282362599713501,0.000262399549735131,0.0010935564554830782,0.0003811164928984006,0.001281250901292122,0.0020110689433251693,0.0004133819711419595,3.5680154297087264e-5,0.0013269383591500558,0.0004497423998097122,9.701050687712423e-5,-0.0007609278089616071,0.00021266959025619914,0.0015895917642806967,0.0009295659181042166,0.00011937674662283619,0.0002767446637496762,0.0007229617993055048,0.004884950947338662,0.0008831500909212871,0.0049225581049944815,0.0006769699538405538,0.0030144933005700762,0.0003132970254065353,0.002604616806669933,0.003923975983389824,0.00097477188240874,0.001005043820456067,0.001961432632279477,0.0009962596765358011,0.005226501638318538,0.0013768677841234462,0.000947197443052431,0.0025063793570778764,0.003298063611981048,0.0006963594323672945,0.002499308609256081,0.0017261185087090428,0.0008831500909212871,0.026727638843026456
