0.0005228170811632758,-0.00012008902964973455,-0.0002602009539741323,-1.2994291465522878e-5,0.00012574091423852633,-0.00023517296503556938,0.00017480559525765,7.32812647688914e-5,0.00010686822923868818,0.00032040590529605585,0.00010993147351443051,-3.647173949384703e-5,-0.0001210582055153494,-5.825793402490026e-6,3.810001633361552e-5,0.00025892490021144077,0.00029121978769065983,7.980300390202339e-5,5.928711648803484e-5,0.00012155122444725537,-0.00012008902964973455,0.00044798883239447645,-0.00010540133154981754,-8.146548145356574e-5,8.502261796432674e-7,-1.2291696787263167e-6,8.393857357322148e-5,0.0002861223334461624,7.6205327886009174e-6,-6.526291509075142e-5,-9.923151912478762e-5,-0.00013430574649673884,-2.696221629010321e-5,-0.00012422430777478163,-3.2584559242226094e-5,0.000153474871324727,3.8315165936402234e-5,-6.372134808096193e-5,1.2131021724263469e-5,-2.672444275352623e-5,-0.0002602009539741323,-0.00010540133154981754,0.00040421574674839097,4.583778436646892e-5,-7.8707420330669e-5,0.00011837475092616084,-0.0002847902364084664,-0.0001642081846622132,-0.00013117862491888392,-0.00028639373151261683,2.0633586670040524e-5,9.132914590175432e-5,0.00014065989760866883,0.0001040611976503254,2.5195810863958117e-5,-0.00034333270285626506,-0.0002843382482022271,-5.983062421657541e-6,-4.472323680129659e-5,-8.721718644304349e-5,-1.2994291465522878e-5,-8.146548145356574e-5,4.583778436646892e-5,0.00044948557355969964,-1.168725169963333e-5,-1.8434230922874687e-5,-0.00014944393133037992,0.00022098938191414074,-0.0003218569284125053,-9.30890209806257e-6,0.00015392563804797273,7.171999823798734e-5,-0.00017861158296170394,0.0002611481517208889,8.587333678591103e-5,-2.2659732470424166e-5,-0.00010125927913985668,0.00011878766334754066,6.605067003335343e-5,-7.178562773096304e-7,0.00012574091423852633,8.502261796432674e-7,-7.8707420330669e-5,-1.168725169963333e-5,0.00035390419990185835,-0.00012847519423208356,5.214690971997079e-5,5.20828337324772e-6,9.078145947903011e-5,0.00010975340183010267,2.0855898019176635e-5,5.719196659807355e-5,-7.937217468737311e-5,-2.989525069961549e-5,-0.00011564170154903887,7.000004008452181e-5,2.7083639163242317e-5,-0.00014677398929691552,3.908082611340705e-5,0.0001490959540122579,-0.00023517296503556938,-1.2291696787263167e-6,0.00011837475092616084,-1.8434230922874687e-5,-0.00012847519423208356,0.00047487697226506127,-0.00030269103938337683,2.3714310743802794e-5,-0.00010606579314548799,-0.00035542191660006345,6.54389198288372e-5,-5.730140484318123e-5,-0.00013499367258352728,-0.00010974272355206392,4.927358032045075e-5,-9.253194705664066e-5,-0.00023764336352744507,3.794446838365742e-5,-0.0001726670154297959,-0.0001947751425839044,0.00017480559525765,8.393857357322148e-5,-0.0002847902364084664,-0.00014944393133037992,5.214690971997079e-5,-0.00030269103938337683,0.0006871296543388895,-0.00013526746431713092,0.00026031277976391767,0.000526614442863172,-0.00022216083233047508,6.468074036553629e-5,0.0001684548684649702,-1.870648488727297e-5,-9.376819330895942e-5,0.00028229239923802454,0.00038559149819918776,-0.0001307978509119268,0.0001709729689922677,0.00018299794428344826,7.32812647688914e-5,0.0002861223334461624,-0.0001642081846622132,0.00022098938191414074,5.20828337324772e-6,2.3714310743802794e-5,-0.00013526746431713092,0.0007260864668335572,-0.0002867617810942654,-5.344558825738123e-5,0.00012675173565396839,-0.00017012149992018882,-0.0004107034640960143,-1.8720223935929306e-5,9.302304012452905e-5,0.00024912499137556756,4.1934845609542046e-5,0.00014340830101673393,-3.2177984016411825e-5,-2.1032349993133177e-5,0.00010686822923868818,7.6205327886009174e-6,-0.00013117862491888392,-0.0003218569284125053,9.078145947903011e-5,-0.00010606579314548799,0.00026031277976391767,-0.0002867617810942654,0.0007351409187784,2.358797712576282e-5,-0.0002834906592766257,-4.536813765069783e-5,0.0002581767681356438,-0.00024824463702795545,2.3262397999967722e-5,6.794643584714424e-5,0.00020272502416222998,-0.00016857004974001218,-4.0254571344908035e-5,-1.0228737864629122e-5,0.00032040590529605585,-6.526291509075142e-5,-0.00028639373151261683,-9.30890209806257e-6,0.00010975340183010267,-0.00035542191660006345,0.000526614442863172,-5.344558825738123e-5,2.358797712576282e-5,0.0007714071976532118,-3.5422537210755875e-5,9.422142038100974e-5,-3.083814952024651e-5,5.075397463705812e-5,-0.00010617707043027633,0.0002771071484640546,0.00044516836499830395,-4.4871049266262346e-5,0.00020456857850324894,0.00030046300952575405,0.00010993147351443051,-9.923151912478762e-5,2.0633586670040524e-5,0.00015392563804797273,2.0855898019176635e-5,6.54389198288372e-5,-0.00022216083233047508,0.00012675173565396839,-0.0002834906592766257,-3.5422537210755875e-5,0.00040868427286583,4.8724946149821545e-5,-0.00015609448590601677,0.00016317645579925122,4.796068436178558e-5,2.8858552783772495e-5,-0.0001221907021551951,0.00012611949300042974,1.1628711063180207e-5,-2.4877350477409294e-5,-3.647173949384703e-5,-0.00013430574649673884,9.132914590175432e-5,7.171999823798734e-5,5.719196659807355e-5,-5.730140484318123e-5,6.468074036553629e-5,-0.00017012149992018882,-4.536813765069783e-5,9.422142038100974e-5,4.8724946149821545e-5,0.00030893951274970553,0.00011105924313716708,0.0002274770006941234,-2.507987940227604e-5,-0.00010325459475895461,-5.354516985475745e-5,-3.495671185055108e-5,9.703072032966501e-5,6.996400943477955e-5,-0.0001210582055153494,-2.696221629010321e-5,0.00014065989760866883,-0.00017861158296170394,-7.937217468737311e-5,-0.00013499367258352728,0.0001684548684649702,-0.0004107034640960143,0.0002581767681356438,-3.083814952024651e-5,-0.00015609448590601677,0.00011105924313716708,0.0006386773556265605,1.6595120227119018e-5,-8.663004043987011e-5,-0.00022474521508907073,-2.4681591352816564e-5,-0.00010695871972501755,6.40886056445128e-5,-3.217518026115377e-5,-5.825793402490026e-6,-0.00012422430777478163,0.0001040611976503254,0.0002611481517208889,-2.989525069961549e-5,-0.00010974272355206392,-1.870648488727297e-5,-1.8720223935929306e-5,-0.00024824463702795545,5.075397463705812e-5,0.00016317645579925122,0.0002274770006941234,1.6595120227119018e-5,0.0005126386689620167,3.299834697364484e-5,-9.853572046376989e-5,-0.00012019257881404422,8.912369169796013e-5,0.00016693621066296663,7.791352888520742e-5,3.810001633361552e-5,-3.2584559242226094e-5,2.5195810863958117e-5,8.587333678591103e-5,-0.00011564170154903887,4.927358032045075e-5,-9.376819330895942e-5,9.302304012452905e-5,2.3262397999967722e-5,-0.00010617707043027633,4.796068436178558e-5,-2.507987940227604e-5,-8.663004043987011e-5,3.299834697364484e-5,0.00031761650806048735,2.9553183622668103e-5,-1.3587471151921826e-5,0.00013056711646444876,-1.8774904992788015e-5,-0.00014878728848510603,0.00025892490021144077,0.000153474871324727,-0.00034333270285626506,-2.2659732470424166e-5,7.000004008452181e-5,-9.253194705664066e-5,0.00028229239923802454,0.00024912499137556756,6.794643584714424e-5,0.0002771071484640546,2.8858552783772495e-5,-0.00010325459475895461,-0.00022474521508907073,-9.853572046376989e-5,2.9553183622668103e-5,0.0005283103412338694,0.0003105088177871122,9.63641553408108e-6,6.2834746777026e-5,8.674813119999248e-5,0.00029121978769065983,3.8315165936402234e-5,-0.0002843382482022271,-0.00010125927913985668,2.7083639163242317e-5,-0.00023764336352744507,0.00038559149819918776,4.1934845609542046e-5,0.00020272502416222998,0.00044516836499830395,-0.0001221907021551951,-5.354516985475745e-5,-2.4681591352816564e-5,-0.00012019257881404422,-1.3587471151921826e-5,0.0003105088177871122,0.0005311066132630835,8.110835381532624e-6,0.00010574735213695033,0.00017272336146886914,7.980300390202339e-5,-6.372134808096193e-5,-5.983062421657541e-6,0.00011878766334754066,-0.00014677398929691552,3.794446838365742e-5,-0.0001307978509119268,0.00014340830101673393,-0.00016857004974001218,-4.4871049266262346e-5,0.00012611949300042974,-3.495671185055108e-5,-0.00010695871972501755,8.912369169796013e-5,0.00013056711646444876,9.63641553408108e-6,8.110835381532624e-6,0.0003280583298943611,3.624539464619065e-6,-4.3266742549872815e-5,5.928711648803484e-5,1.2131021724263469e-5,-4.472323680129659e-5,6.605067003335343e-5,3.908082611340705e-5,-0.0001726670154297959,0.0001709729689922677,-3.2177984016411825e-5,-4.0254571344908035e-5,0.00020456857850324894,1.1628711063180207e-5,9.703072032966501e-5,6.40886056445128e-5,0.00016693621066296663,-1.8774904992788015e-5,6.2834746777026e-5,0.00010574735213695033,3.624539464619065e-6,0.00024703397891835313,0.00012351404021056483,0.00012155122444725537,-2.672444275352623e-5,-8.721718644304349e-5,-7.178562773096304e-7,0.0001490959540122579,-0.0001947751425839044,0.00018299794428344826,-2.1032349993133177e-5,-1.0228737864629122e-5,0.00030046300952575405,-2.4877350477409294e-5,6.996400943477955e-5,-3.217518026115377e-5,7.791352888520742e-5,-0.00014878728848510603,8.674813119999248e-5,0.00017272336146886914,-4.3266742549872815e-5,0.00012351404021056483,0.00034420671536249575
