0.04073274298312974,-0.002842973628817703,-0.0022153253102720873,-0.0009097748254811248,0.0011887681232955415,0.0014348998379031036,0.005987639215415146,0.00750544802432836,0.012349453226683049,-0.0013213501744984285,0.005723598625466873,0.015895030558631874,0.004194481535273244,-0.0034012940674057216,0.011769379937963191,0.005092714427524177,0.0076956441398974085,0.01283677449836576,0.0024796037582939696,0.0011186494940865696,-0.002842973628817703,0.020837498336179643,-0.0035949480876245055,0.0014088828336013826,-0.00031390907114156185,-0.0026214009400810498,-0.005808092242009531,-0.010818738018287968,0.0064902844764045745,0.007457672953948722,0.0022627118476181134,-0.0037393778558966707,0.004707882394705324,-0.005772332512648838,0.0019588785474256515,-0.002442210757036057,0.001391676535872024,0.0031092711354635824,0.0011295353629771012,-0.000103091430845668,-0.0022153253102720873,-0.0035949480876245055,0.005465996147263369,0.00274282363639093,0.0020119053095690688,0.0041749960624078795,0.0046333946806631325,0.005844691950370868,-0.000667832290011616,0.005321994259819943,-0.000899357464554154,0.00244481019808107,-9.304236795462098e-5,0.005959589778788465,-4.2885754594427735e-5,0.0009723580147139978,-0.0014981127156633925,-0.0006797211971540074,-0.001156005209351269,0.0013533954419366137,-0.0009097748254811248,0.0014088828336013826,0.00274282363639093,0.017449224289318783,0.006189747839652666,0.008479370574229693,0.004119053006956503,0.0009732114819069131,0.005421585996109549,0.015928567931624123,-0.0008467293290328006,0.0039042510492377316,0.004114399955971642,0.005639648934036111,-0.0018279099811586883,0.0007758067961044215,-0.0005249618523098902,0.0032409364493286106,0.0006148896576765339,0.0036313495668540124,0.0011887681232955415,-0.00031390907114156185,0.0020119053095690688,0.006189747839652666,0.008204987189891875,0.0034617372653692182,0.005177257050117848,0.004054167824069598,0.002721003557106994,0.0029284567980662818,0.0001947360776693584,0.004036875612502492,0.0032403184895182496,0.002384801142148084,0.0033485349202702526,0.0043972905899390125,0.00021091491043764648,0.003413067388947667,0.002298891384626526,0.0008298393345501093,0.0014348998379031036,-0.0026214009400810498,0.0041749960624078795,0.008479370574229693,0.0034617372653692182,0.014715619403052951,0.007805848142509866,0.004473031601412911,0.005243884626566858,0.015184455850089993,-0.0006445145876525307,0.006065695334470329,0.002157208205397973,0.007907305270890846,-0.0001237842242279429,-0.0015356471968978257,0.0006140509260309833,0.0002803252700127458,-0.0035122866792189804,0.0031088837503146496,0.005987639215415146,-0.005808092242009531,0.0046333946806631325,0.004119053006956503,0.005177257050117848,0.007805848142509866,0.02103378950957239,0.008593176448792674,0.0036352907180996893,0.0020637114722329214,0.0009590332621330041,0.010662354600288335,0.0024955941470460596,0.006132143723590187,0.005893717750690137,0.005555911530601535,0.0036577792947704996,0.0039239757276775915,0.002843203928964793,0.0027806036449041296,0.00750544802432836,-0.010818738018287968,0.005844691950370868,0.0009732114819069131,0.004054167824069598,0.004473031601412911,0.008593176448792674,0.035551094117342266,0.00418190784946627,0.0007759932018201604,-0.001085203499765441,0.008837265252361242,-0.001714318706529618,0.008025540845850134,0.00629790733253848,0.010073983182645886,0.0006745245525572781,-0.0004758293227128691,0.001285050461605109,0.001869265712714206,0.012349453226683049,0.0064902844764045745,-0.000667832290011616,0.005421585996109549,0.002721003557106994,0.005243884626566858,0.0036352907180996893,0.00418190784946627,0.031091759094726577,0.013240097919337186,0.00245457079380736,0.005536210597518643,0.006329017021465237,-0.0012495010729724467,0.005841394541037238,0.003533706439627916,0.005143586306568339,0.005729818748774363,0.00472583327502596,0.0026968711461811193,-0.0013213501744984285,0.007457672953948722,0.005321994259819943,0.015928567931624123,0.0029284567980662818,0.015184455850089993,0.0020637114722329214,0.0007759932018201604,0.013240097919337186,0.054773746697794126,0.0010298931233326321,0.011761524032234655,0.005390360494427421,0.015197998292421737,-0.005558564650417198,-0.011393225859576733,-0.00536071913603937,0.005849003403822624,-0.009544524726611905,0.008119601697739022,0.005723598625466873,0.0022627118476181134,-0.000899357464554154,-0.0008467293290328006,0.0001947360776693584,-0.0006445145876525307,0.0009590332621330041,-0.001085203499765441,0.00245457079380736,0.0010298931233326321,0.0029348026725329987,0.0036235608354814094,0.0017237923113129607,-0.0013668287800244832,0.002368256607179798,-0.0004691099694541992,0.0016399979937362327,0.004111960423943255,0.00020313106236593333,2.8579159770726853e-5,0.015895030558631874,-0.0037393778558966707,0.00244481019808107,0.0039042510492377316,0.004036875612502492,0.006065695334470329,0.010662354600288335,0.008837265252361242,0.005536210597518643,0.011761524032234655,0.0036235608354814094,0.02287309838116379,0.004395153375353665,0.0059979391799980745,0.004854804882513264,0.0008730855449079911,0.003013660228853405,0.009406217286142018,0.00012112681301289056,0.0029162964473611105,0.004194481535273244,0.004707882394705324,-9.304236795462098e-5,0.004114399955971642,0.0032403184895182496,0.002157208205397973,0.0024955941470460596,-0.001714318706529618,0.006329017021465237,0.005390360494427421,0.0017237923113129607,0.004395153375353665,0.006959466842577708,-0.0016795575455373242,0.004416026397378752,0.0022599404045503327,0.0025300246859952915,0.00557573449702365,0.00203716003779289,0.00030143983830148555,-0.0034012940674057216,-0.005772332512648838,0.005959589778788465,0.005639648934036111,0.002384801142148084,0.007907305270890846,0.006132143723590187,0.008025540845850134,-0.0012495010729724467,0.015197998292421737,-0.0013668287800244832,0.0059979391799980745,-0.0016795575455373242,0.018522807261647845,-0.004672281509832659,-0.0038977895372996323,-0.003548456609209616,-0.002181880170748583,-0.0049077775731723415,0.00446713878271297,0.011769379937963191,0.0019588785474256515,-4.2885754594427735e-5,-0.0018279099811586883,0.0033485349202702526,-0.0001237842242279429,0.005893717750690137,0.00629790733253848,0.005841394541037238,-0.005558564650417198,0.002368256607179798,0.004854804882513264,0.004416026397378752,-0.004672281509832659,0.015357242014759808,0.008894654708454885,0.0049163183341028,0.005957433292550016,0.003581464709739749,-0.0019053438753170208,0.005092714427524177,-0.002442210757036057,0.0009723580147139978,0.0007758067961044215,0.0043972905899390125,-0.0015356471968978257,0.005555911530601535,0.010073983182645886,0.003533706439627916,-0.011393225859576733,-0.0004691099694541992,0.0008730855449079911,0.0022599404045503327,-0.0038977895372996323,0.008894654708454885,0.014450744607209725,0.002900438347222635,0.0015866319516674764,0.006782322667223026,-0.0016860655807429939,0.0076956441398974085,0.001391676535872024,-0.0014981127156633925,-0.0005249618523098902,0.00021091491043764648,0.0006140509260309833,0.0036577792947704996,0.0006745245525572781,0.005143586306568339,-0.00536071913603937,0.0016399979937362327,0.003013660228853405,0.0025300246859952915,-0.003548456609209616,0.0049163183341028,0.002900438347222635,0.016450167419215296,0.0031393637837891473,0.005686820207333106,-0.0005612185048335102,0.01283677449836576,0.0031092711354635824,-0.0006797211971540074,0.0032409364493286106,0.003413067388947667,0.0002803252700127458,0.0039239757276775915,-0.0004758293227128691,0.005729818748774363,0.005849003403822624,0.004111960423943255,0.009406217286142018,0.00557573449702365,-0.002181880170748583,0.005957433292550016,0.0015866319516674764,0.0031393637837891473,0.01563189362704537,0.0023204907920470735,0.00023286844383416875,0.0024796037582939696,0.0011295353629771012,-0.001156005209351269,0.0006148896576765339,0.002298891384626526,-0.0035122866792189804,0.002843203928964793,0.001285050461605109,0.00472583327502596,-0.009544524726611905,0.00020313106236593333,0.00012112681301289056,0.00203716003779289,-0.0049077775731723415,0.003581464709739749,0.006782322667223026,0.005686820207333106,0.0023204907920470735,0.01338735963995251,-0.0009112755551827363,0.0011186494940865696,-0.000103091430845668,0.0013533954419366137,0.0036313495668540124,0.0008298393345501093,0.0031088837503146496,0.0027806036449041296,0.001869265712714206,0.0026968711461811193,0.008119601697739022,2.8579159770726853e-5,0.0029162964473611105,0.00030143983830148555,0.00446713878271297,-0.0019053438753170208,-0.0016860655807429939,-0.0005612185048335102,0.00023286844383416875,-0.0009112755551827363,0.003668049251777491
0.04544169596139838,0.0008037432933738378,0.0008164727563020759,-0.007109804522260033,0.00027882324116046544,0.004202455352828987,0.008096885979221466,-0.0010506003775484574,-0.025223217405441943,0.0010314626869882733,-0.005399658427995276,-0.02192137580935359,-0.0020284829816414832,0.005607257082057268,-0.003721960102507394,0.0004214361477029126,-0.0022063514523757233,-0.007881925238101255,0.0004961315047559494,0.004557136467828486,0.0008037432933738378,0.015270667428933161,-0.0010428841204382958,0.0004247307673900401,0.003062220710569793,0.0015790314445240513,0.0004057838161280644,0.006765524323463907,0.007270747864231198,0.0028588741969316845,0.0001304928193404127,0.008042892484019376,0.0022538606901893717,-0.0002615976923116815,-0.0025762048285939082,0.0030638228025635867,0.003413163823236932,0.004297473854253881,0.0007101410727743422,-0.0007478030028797214,0.0008164727563020759,-0.0010428841204382958,0.004624203981261619,0.0021476703630111393,-7.863337916644674e-5,0.0006303041829200113,0.0010004329399403227,0.003783417000147836,0.0007628441534649516,-7.555033847088269e-5,0.0004956282349046298,0.0006880594838712364,0.001123459290610445,-0.0010079022511978934,0.0007159417966928415,8.933177279649848e-5,0.0009056700244533699,0.0018653080037731953,0.0007427468856423938,0.000507978712967426,-0.007109804522260033,0.0004247307673900401,0.0021476703630111393,0.013596309961084409,-0.0017486198881199006,-0.0030019085926204295,0.0009479388045829781,0.004115552308776395,0.007564418731302649,-0.0006752963710548108,0.002445884331451145,0.010167795402399371,0.0007516108304693296,-0.0032732967225742675,0.0012159541784761063,8.12840444889513e-5,0.00044493605988441215,0.004626022584643796,-0.0005561149690001394,-0.002643482888672023,0.00027882324116046544,0.003062220710569793,-7.863337916644674e-5,-0.0017486198881199006,0.006598171389896715,-0.00035939299090792564,-0.0005756220834282554,0.001198422706501578,0.005337054135602867,0.00012117683413563119,0.00021177056933427193,0.0010368047280147129,0.0006726131886311754,-0.0010002352900505495,-0.0008700562180434479,0.0011071489029314476,0.0024173078828409883,6.422716375909155e-5,-0.0004371035326991766,0.0007391821717683065,0.004202455352828987,0.0015790314445240513,0.0006303041829200113,-0.0030019085926204295,-0.00035939299090792564,0.006829846235024128,-0.00010680441850785636,0.0017975823200517057,-0.0014434582947051374,0.0003577408938981759,-0.0011753129767445962,-0.00048331519391448755,-0.0002849122249354377,0.0032233873634390643,-0.0011061050543887062,0.000797141007141161,4.4699330340804285e-5,0.001465071238039546,0.0001167905725882834,0.0005286560696667261,0.008096885979221466,0.0004057838161280644,0.0010004329399403227,0.0009479388045829781,-0.0005756220834282554,-0.00010680441850785636,0.015082023693353791,0.003042562007260236,-0.009930622904771834,0.003416098062158944,-0.00020986044585319624,-0.004757690482922582,0.0010421134546656978,0.00025335592437493774,-0.0010413654797337207,0.0006827990550618303,-0.0004688539426355343,0.0005955344006031242,0.004751077754147194,0.001491333956466885,-0.0010506003775484574,0.006765524323463907,0.003783417000147836,0.004115552308776395,0.001198422706501578,0.0017975823200517057,0.003042562007260236,0.028283175802244515,0.009073405523400593,0.00044259670286099593,0.0024627531272684777,0.009594400803783203,0.0006354478832216959,-0.0022764881162274818,-0.0003095161306521034,0.0004714568712901098,0.001805417036223775,0.005147203317582293,0.0039013927805606075,-0.0007007728999883606,-0.025223217405441943,0.007270747864231198,0.0007628441534649516,0.007564418731302649,0.005337054135602867,-0.0014434582947051374,-0.009930622904771834,0.009073405523400593,0.05385467857484308,-0.0025008333787896833,0.003703183260323133,0.022671410076054593,-0.0009002899282011925,-0.0023003735644921116,0.002939019701994867,0.0006047120372447393,0.005191834122361981,0.010966162779634997,-0.0052059329983508654,-0.004885429000555941,0.0010314626869882733,0.0028588741969316845,-7.555033847088269e-5,-0.0006752963710548108,0.00012117683413563119,0.0003577408938981759,0.003416098062158944,0.00044259670286099593,-0.0025008333787896833,0.02025057869157137,0.00011733332688136221,-0.0032222770461071346,0.0015858599158643507,0.0018571634665723643,0.002200037676692338,-0.00015022215985885503,-0.001574600967575227,0.0012201497470548288,0.0018025031689769353,-0.0002621265662804748,-0.005399658427995276,0.0001304928193404127,0.0004956282349046298,0.002445884331451145,0.00021177056933427193,-0.0011753129767445962,-0.00020986044585319624,0.0024627531272684777,0.003703183260323133,0.00011733332688136221,0.0026859398564885073,0.004389896507427173,0.0005095874885353176,-0.0015532626044745623,0.001223247679952747,0.0003655809124765801,0.0004931597752899424,0.0014197582318423744,0.000407994091577414,-0.0005541671716902397,-0.02192137580935359,0.008042892484019376,0.0006880594838712364,0.010167795402399371,0.0010368047280147129,-0.00048331519391448755,-0.004757690482922582,0.009594400803783203,0.022671410076054593,-0.0032222770461071346,0.004389896507427173,0.03331395746669409,0.002561698629141138,-0.001845627011202038,-0.00042038338351978936,0.003816098826786193,0.007499968656054947,0.01092963715214248,-0.0011234019033599548,-0.0048019413672029,-0.0020284829816414832,0.0022538606901893717,0.001123459290610445,0.0007516108304693296,0.0006726131886311754,-0.0002849122249354377,0.0010421134546656978,0.0006354478832216959,-0.0009002899282011925,0.0015858599158643507,0.0005095874885353176,0.002561698629141138,0.005222631892210967,-0.0008684955338226941,0.0007319883709139893,0.0016027934910253891,0.0016327698719248757,0.0010882290527818017,0.0006655340233370456,0.00039503282729316466,0.005607257082057268,-0.0002615976923116815,-0.0010079022511978934,-0.0032732967225742675,-0.0010002352900505495,0.0032233873634390643,0.00025335592437493774,-0.0022764881162274818,-0.0023003735644921116,0.0018571634665723643,-0.0015532626044745623,-0.001845627011202038,-0.0008684955338226941,0.009561297978837686,0.00048385650391489707,3.493782708923928e-5,-0.0008082964666039923,0.0009653125584514115,7.666934468302886e-5,-0.00012828740138830447,-0.003721960102507394,-0.0025762048285939082,0.0007159417966928415,0.0012159541784761063,-0.0008700562180434479,-0.0011061050543887062,-0.0010413654797337207,-0.0003095161306521034,0.002939019701994867,0.002200037676692338,0.001223247679952747,-0.00042038338351978936,0.0007319883709139893,0.00048385650391489707,0.007451162356179222,-0.0012489087129569894,-0.0026339511474428932,-0.0003074616094301372,-0.00012515781176103416,-0.0003269146891419644,0.0004214361477029126,0.0030638228025635867,8.933177279649848e-5,8.12840444889513e-5,0.0011071489029314476,0.000797141007141161,0.0006827990550618303,0.0004714568712901098,0.0006047120372447393,-0.00015022215985885503,0.0003655809124765801,0.003816098826786193,0.0016027934910253891,3.493782708923928e-5,-0.0012489087129569894,0.005325728158312497,0.0033334874369566644,0.0019588129465224367,-0.0009929496169294694,0.00040931679856038607,-0.0022063514523757233,0.003413163823236932,0.0009056700244533699,0.00044493605988441215,0.0024173078828409883,4.4699330340804285e-5,-0.0004688539426355343,0.001805417036223775,0.005191834122361981,-0.001574600967575227,0.0004931597752899424,0.007499968656054947,0.0016327698719248757,-0.0008082964666039923,-0.0026339511474428932,0.0033334874369566644,0.015883302420956195,0.0028165814287783673,-0.0014758842418820689,0.00022544920431780417,-0.007881925238101255,0.004297473854253881,0.0018653080037731953,0.004626022584643796,6.422716375909155e-5,0.001465071238039546,0.0005955344006031242,0.005147203317582293,0.010966162779634997,0.0012201497470548288,0.0014197582318423744,0.01092963715214248,0.0010882290527818017,0.0009653125584514115,-0.0003074616094301372,0.0019588129465224367,0.0028165814287783673,0.01333715743532212,-0.001246435992429908,-0.0019539476716405363,0.0004961315047559494,0.0007101410727743422,0.0007427468856423938,-0.0005561149690001394,-0.0004371035326991766,0.0001167905725882834,0.004751077754147194,0.0039013927805606075,-0.0052059329983508654,0.0018025031689769353,0.000407994091577414,-0.0011234019033599548,0.0006655340233370456,7.666934468302886e-5,-0.00012515781176103416,-0.0009929496169294694,-0.0014758842418820689,-0.001246435992429908,0.012625608080419275,0.0008447710783884388,0.004557136467828486,-0.0007478030028797214,0.000507978712967426,-0.002643482888672023,0.0007391821717683065,0.0005286560696667261,0.001491333956466885,-0.0007007728999883606,-0.004885429000555941,-0.0002621265662804748,-0.0005541671716902397,-0.0048019413672029,0.00039503282729316466,-0.00012828740138830447,-0.0003269146891419644,0.00040931679856038607,0.00022544920431780417,-0.0019539476716405363,0.0008447710783884388,0.003162126957024161
0.03129260228666983,0.008357835942941044,0.001280813426826394,0.013292814867750014,0.004799642747238103,0.008815062292741184,0.0031728989513854795,0.008346833562838009,0.013379201794772052,0.00019234381814980722,0.004260522901692493,0.005280691892693222,0.004612989510169568,0.008047619016781301,0.006581972635241486,0.002790464960833829,0.007960748875491828,0.0031256025710003923,0.00439491476321841,-0.0013937744252910129,0.008357835942941044,0.032939745398751,0.005412962979512114,0.0249297199009368,0.004222777043016785,0.012775434643947533,0.012682544019530471,0.018899490887671434,0.02822642087695352,-0.001447079801763287,0.0015945585159139017,0.002019861608332244,0.004476865662424777,0.004788428262756441,0.0007060841468502748,0.003019812288612562,0.012044603516472505,0.0023050576140303354,0.015412655645630182,-0.0026255292163315748,0.001280813426826394,0.005412962979512114,0.007240810003812097,0.0065452685615634484,0.0015787443402442013,0.0016052166083480573,-0.0002647548146563947,0.007574439551369304,0.0054054177549137635,0.0024240344087581344,8.16283252189414e-6,0.002485585575209693,-0.0011235579132517545,0.00048499158416236664,-0.0012535055065759815,0.0015225707674224689,0.005124768618690179,-0.005629682365770279,0.0021870075956870057,-0.0002787512502000498,0.013292814867750014,0.0249297199009368,0.0065452685615634484,0.040225910731791666,0.009749215624764983,0.013613641341219224,0.015089516836262792,0.019961586112347385,0.03861961064671499,0.0031466867752578155,0.002225049902249204,0.009618065891178269,0.006158767397489882,0.01232110974340235,0.0060579742024821776,0.004213568791066132,0.018354355350136832,-0.005068864476429741,0.0158266771916983,-0.0029683828831475905,0.004799642747238103,0.004222777043016785,0.0015787443402442013,0.009749215624764983,0.006603994984329946,0.0021102079350312523,0.005129243099177895,0.006306054480123452,0.007734050017455306,0.0031336793864811755,0.00043062351088408264,0.004091145394799682,0.0016339245059473605,0.0044118860167382595,0.0034405721305004,0.000787579672658829,0.004844754114660628,-0.0013996232107987916,0.0033042006193854216,-0.0006916186696046457,0.008815062292741184,0.012775434643947533,0.0016052166083480573,0.013613641341219224,0.0021102079350312523,0.012151847339068957,0.004523919576106518,0.006303249155535942,0.01653626566677881,-0.001578639078190541,0.00275200625267321,0.001661842455118091,0.0025176629454616785,0.005905044460383212,0.002078334057621903,0.0019823639979950737,0.005834056013042347,0.00026705666725455884,0.008210018417580307,-0.0009200483127463227,0.0031728989513854795,0.012682544019530471,-0.0002647548146563947,0.015089516836262792,0.005129243099177895,0.004523919576106518,0.02256978282570753,0.004785016857178878,0.02229460059753579,0.0046955282542421595,0.00020137715686169397,0.0002548502661922135,0.005347887762221293,0.0044163727032884,0.003995914349921017,0.0009105752207934999,0.00469795224831301,0.006904865522217783,0.00735518949171383,-0.0019258448340212365,0.008346833562838009,0.018899490887671434,0.007574439551369304,0.019961586112347385,0.006306054480123452,0.006303249155535942,0.004785016857178878,0.03712248939825953,0.012736184686673695,0.0042665508012822975,0.0007096465748465345,0.0034438094071489326,0.002200843543715876,0.0030196851705447847,-0.00026423245077355616,0.0017677435047002649,0.01658573892466269,-0.007379487838942471,0.007982656047804598,-0.0009746759773758499,0.013379201794772052,0.02822642087695352,0.0054054177549137635,0.03861961064671499,0.007734050017455306,0.01653626566677881,0.02229460059753579,0.012736184686673695,0.06516142549974094,0.002553434741981171,0.002852564438787064,0.008240775642880692,0.00835356120864313,0.014724736785018823,0.006948190688795699,0.003924971325054239,0.01842127873232363,0.0024115304283509656,0.021388119036612065,-0.0029641106892520524,0.00019234381814980722,-0.001447079801763287,0.0024240344087581344,0.0031466867752578155,0.0031336793864811755,-0.001578639078190541,0.0046955282542421595,0.0042665508012822975,0.002553434741981171,0.02481656806988935,0.0005898823909047315,0.001231786762912663,8.095468663172663e-5,0.002081601369166193,0.001422841412179008,0.0022656946828274165,0.0039544668910271846,-0.00360697357547142,-0.002264309995312197,-0.00032510240923005253,0.004260522901692493,0.0015945585159139017,8.16283252189414e-6,0.002225049902249204,0.00043062351088408264,0.00275200625267321,0.00020137715686169397,0.0007096465748465345,0.002852564438787064,0.0005898823909047315,0.002556478965929779,0.0005460821751929905,0.0007285986177828193,0.002280186923430171,0.00021438354037451717,0.000694026518282391,0.001507410080045013,-1.3213737158314137e-5,0.0009620875890481114,-9.460372145774667e-5,0.005280691892693222,0.002019861608332244,0.002485585575209693,0.009618065891178269,0.004091145394799682,0.001661842455118091,0.0002548502661922135,0.0034438094071489326,0.008240775642880692,0.001231786762912663,0.0005460821751929905,0.013132693117406027,0.0001873487956437367,0.00471092593676972,0.003799717907839133,0.0011722739425185755,0.007348015403133643,-0.00438033469602005,0.0036995016765214916,0.00027618506988598044,0.004612989510169568,0.004476865662424777,-0.0011235579132517545,0.006158767397489882,0.0016339245059473605,0.0025176629454616785,0.005347887762221293,0.002200843543715876,0.00835356120864313,8.095468663172663e-5,0.0007285986177828193,0.0001873487956437367,0.006374911209318394,0.002765532574477183,0.0024963674934712615,-2.136644974767496e-5,0.0032423062947196887,0.003943809399690031,0.0031690604474250033,-0.0009504156215999027,0.008047619016781301,0.004788428262756441,0.00048499158416236664,0.01232110974340235,0.0044118860167382595,0.005905044460383212,0.0044163727032884,0.0030196851705447847,0.014724736785018823,0.002081601369166193,0.002280186923430171,0.00471092593676972,0.002765532574477183,0.01435954929759866,0.004478365629509707,0.0020995752349043002,0.006031831752935613,-0.001693580617931764,0.005710563224171958,-0.0006067536047684897,0.006581972635241486,0.0007060841468502748,-0.0012535055065759815,0.0060579742024821776,0.0034405721305004,0.002078334057621903,0.003995914349921017,-0.00026423245077355616,0.006948190688795699,0.001422841412179008,0.00021438354037451717,0.003799717907839133,0.0024963674934712615,0.004478365629509707,0.009040924283864996,0.0004936776982556296,0.0009189033047640024,0.003440131603640424,0.002976740094549039,-0.00047569586858290606,0.002790464960833829,0.003019812288612562,0.0015225707674224689,0.004213568791066132,0.000787579672658829,0.0019823639979950737,0.0009105752207934999,0.0017677435047002649,0.003924971325054239,0.0022656946828274165,0.000694026518282391,0.0011722739425185755,-2.136644974767496e-5,0.0020995752349043002,0.0004936776982556296,0.004495955221861342,0.0035506686459145015,-0.00199976236972454,-0.00030890360832156144,-0.0006227698164910644,0.007960748875491828,0.012044603516472505,0.005124768618690179,0.018354355350136832,0.004844754114660628,0.005834056013042347,0.00469795224831301,0.01658573892466269,0.01842127873232363,0.0039544668910271846,0.001507410080045013,0.007348015403133643,0.0032423062947196887,0.006031831752935613,0.0009189033047640024,0.0035506686459145015,0.028376493870508786,-0.008301238403200762,0.004980996377691082,-0.00023259125501167067,0.0031256025710003923,0.0023050576140303354,-0.005629682365770279,-0.005068864476429741,-0.0013996232107987916,0.00026705666725455884,0.006904865522217783,-0.007379487838942471,0.0024115304283509656,-0.00360697357547142,-1.3213737158314137e-5,-0.00438033469602005,0.003943809399690031,-0.001693580617931764,0.003440131603640424,-0.00199976236972454,-0.008301238403200762,0.01815876788928268,0.003619418288643584,-0.0006781243133823645,0.00439491476321841,0.015412655645630182,0.0021870075956870057,0.0158266771916983,0.0033042006193854216,0.008210018417580307,0.00735518949171383,0.007982656047804598,0.021388119036612065,-0.002264309995312197,0.0009620875890481114,0.0036995016765214916,0.0031690604474250033,0.005710563224171958,0.002976740094549039,-0.00030890360832156144,0.004980996377691082,0.003619418288643584,0.018716478054365243,-0.0008219025406967173,-0.0013937744252910129,-0.0026255292163315748,-0.0002787512502000498,-0.0029683828831475905,-0.0006916186696046457,-0.0009200483127463227,-0.0019258448340212365,-0.0009746759773758499,-0.0029641106892520524,-0.00032510240923005253,-9.460372145774667e-5,0.00027618506988598044,-0.0009504156215999027,-0.0006067536047684897,-0.00047569586858290606,-0.0006227698164910644,-0.00023259125501167067,-0.0006781243133823645,-0.0008219025406967173,0.002600509698281656
