0.00859609124784376,0.0023232870798997524,0.003227173090062515,0.003505047784168745,0.005799712013683207,0.0029543605861468225,0.0019796232965909114,0.0011083551648551578,0.0066231609285496785,0.002646817187197009,0.0015801071720252797,0.0033381472274134393,-0.0004099194580732858,0.005014899604137783,0.0008219040452389354,0.0006442626479551556,0.001932569968889161,-0.00012092544982778437,0.0038663424967345433,0.0032974797296153146,0.0023232870798997524,0.011327671680210118,0.008061284845664464,0.004164596596296456,0.005979949490226551,0.0028331832825285227,0.006427625839565921,0.0012314362924916967,0.0019259384014012415,0.0011330928271047075,-0.0006834421094087448,0.003063598611288459,0.009631571905587203,0.005391051609951205,0.002673856004709473,0.000805199896283226,0.0006258443525864578,-0.00032739969168580913,0.0023404657084696873,0.004389204655746151,0.003227173090062515,0.008061284845664464,0.03803012946716704,0.013282052961647861,0.011820557383329176,0.003299738801331552,0.0068575201795749744,0.0013119956325224804,0.012677439586813857,0.002840400867484068,0.0030807614281835915,0.0038925562540049734,0.009512044972538224,0.006553801485363678,0.0034329704599484114,0.0031245846539182712,0.0013231980403997387,-0.0001035655226356928,0.010687114603509493,0.007332933652542405,0.003505047784168745,0.004164596596296456,0.013282052961647861,0.047448183951362854,0.01448048061490066,0.004590207104747083,0.006883648385243643,0.004269169220967634,0.013392876113627824,0.003185840202286665,0.0034808211443724275,0.009903295082618356,0.01486441789200828,0.007452525121255122,0.008583775713005688,0.004226473196426457,0.0016355007479037676,0.0011060019185113576,0.014657889285350917,0.007738292316485514,0.005799712013683207,0.005979949490226551,0.011820557383329176,0.01448048061490066,0.0371377536123556,0.0034128736603541428,0.0012427022125921306,0.0020060559682951165,0.013282872186400008,0.003777310815729808,0.0026211318161741205,0.010215589951686756,0.008535017340785267,0.007251328001042194,0.0018382838654737285,0.0035586092206264805,0.001376438316873054,-0.004789248981065761,0.009331363813368227,0.0052625980920978175,0.0029543605861468225,0.0028331832825285227,0.003299738801331552,0.004590207104747083,0.0034128736603541428,0.0054101707149909984,0.005028298479199409,0.002055515948138961,0.006005678156193031,0.0016615270912258987,0.0011317607127637277,0.00183735137595534,0.004806659300026793,0.00407588254838613,0.0027228309569970453,0.0008442902000374861,0.0011624332279593396,0.0009704269614176064,0.0035596948882704047,0.0040485855629808255,0.0019796232965909114,0.006427625839565921,0.0068575201795749744,0.006883648385243643,0.0012427022125921306,0.005028298479199409,0.02770009694913485,0.0026769496639769243,0.004195798108006386,0.002429053249732302,0.00046135858471564866,-0.001246449154938848,0.011720652527551396,0.005093832423544272,0.006182847582063228,0.0004937846718094475,0.0011429364937988263,0.0054182464575359465,0.0030749396930800617,0.006372700592343681,0.0011083551648551578,0.0012314362924916967,0.0013119956325224804,0.004269169220967634,0.0020060559682951165,0.002055515948138961,0.0026769496639769243,0.0034081715706066515,0.0021361419396343675,0.0008766030420347393,0.0005207191556799927,0.001595283778824499,0.003853175636785537,0.0016014371666189734,0.001349927168055486,0.000689763859000234,0.0005710358887681228,0.00102815103642988,0.0031793506479593217,0.0026581701614109845,0.0066231609285496785,0.0019259384014012415,0.012677439586813857,0.013392876113627824,0.013282872186400008,0.006005678156193031,0.004195798108006386,0.0021361419396343675,0.030997692318542387,0.003085077640228096,0.003994494099756296,0.006165542225329992,0.00688445588516114,0.004511086633105348,0.004636580022726544,0.0029484351577039256,0.0018603964827829226,-0.0027062620687459352,0.010959419035050131,0.005535134761829421,0.002646817187197009,0.0011330928271047075,0.002840400867484068,0.003185840202286665,0.003777310815729808,0.0016615270912258987,0.002429053249732302,0.0008766030420347393,0.003085077640228096,0.003725491695646425,0.0019254458148422707,0.002131221174228087,-0.0011181265534033163,0.002896451236545542,0.0003200113473855354,0.0008124108623589443,0.001104917683703971,0.0003259623572566141,0.002075881276839028,0.002492426759822754,0.0015801071720252797,-0.0006834421094087448,0.0030807614281835915,0.0034808211443724275,0.0026211318161741205,0.0011317607127637277,0.00046135858471564866,0.0005207191556799927,0.003994494099756296,0.0019254458148422707,0.0040397147889120535,0.0017455120430174282,-0.0023901385814991596,0.0012393051385198462,0.00022449707112040936,0.00043289051647507626,0.0008942233586387294,-0.0002620830364465151,0.002597661248367432,0.0015760628645397072,0.0033381472274134393,0.003063598611288459,0.0038925562540049734,0.009903295082618356,0.010215589951686756,0.00183735137595534,-0.001246449154938848,0.001595283778824499,0.006165542225329992,0.002131221174228087,0.0017455120430174282,0.01209237137872343,0.0011596161261200107,0.003537002116539698,0.0010015006804274253,0.0017501076465109256,0.0018210364278189626,-0.0013296388917282552,0.00575933891155234,0.0025392445736400894,-0.0004099194580732858,0.009631571905587203,0.009512044972538224,0.01486441789200828,0.008535017340785267,0.004806659300026793,0.011720652527551396,0.003853175636785537,0.00688445588516114,-0.0011181265534033163,-0.0023901385814991596,0.0011596161261200107,0.05464108457539996,0.0030150988425398013,0.010842479483624119,0.0022806928455070172,-0.0017384131064510056,0.0027226792918813177,0.005928723225605537,0.0036240843259457067,0.005014899604137783,0.005391051609951205,0.006553801485363678,0.007452525121255122,0.007251328001042194,0.00407588254838613,0.005093832423544272,0.0016014371666189734,0.004511086633105348,0.002896451236545542,0.0012393051385198462,0.003537002116539698,0.0030150988425398013,0.015975547538834747,0.002155590819559897,0.0007735854700922131,0.0017007757337332184,8.868196043914473e-5,0.0035253413335372833,0.005446706071879376,0.0008219040452389354,0.002673856004709473,0.0034329704599484114,0.008583775713005688,0.0018382838654737285,0.0027228309569970453,0.006182847582063228,0.001349927168055486,0.004636580022726544,0.0003200113473855354,0.00022449707112040936,0.0010015006804274253,0.010842479483624119,0.002155590819559897,0.00946465135530187,0.0010254706286471872,0.0006784563603696035,0.0018635160741328845,0.0026326145796751457,0.0031090622433866504,0.0006442626479551556,0.000805199896283226,0.0031245846539182712,0.004226473196426457,0.0035586092206264805,0.0008442902000374861,0.0004937846718094475,0.000689763859000234,0.0029484351577039256,0.0008124108623589443,0.00043289051647507626,0.0017501076465109256,0.0022806928455070172,0.0007735854700922131,0.0010254706286471872,0.0021768290516122005,0.00024853148028684466,-0.0002527045369177901,0.0032805113950754904,0.001574546900564071,0.001932569968889161,0.0006258443525864578,0.0013231980403997387,0.0016355007479037676,0.001376438316873054,0.0011624332279593396,0.0011429364937988263,0.0005710358887681228,0.0018603964827829226,0.001104917683703971,0.0008942233586387294,0.0018210364278189626,-0.0017384131064510056,0.0017007757337332184,0.0006784563603696035,0.00024853148028684466,0.0019910745672098874,0.000286716189728375,0.0013261709444521552,0.0016197345073166,-0.00012092544982778437,-0.00032739969168580913,-0.0001035655226356928,0.0011060019185113576,-0.004789248981065761,0.0009704269614176064,0.0054182464575359465,0.00102815103642988,-0.0027062620687459352,0.0003259623572566141,-0.0002620830364465151,-0.0013296388917282552,0.0027226792918813177,8.868196043914473e-5,0.0018635160741328845,-0.0002527045369177901,0.000286716189728375,0.007786245446670699,-0.0007829604810735565,0.0007181009720441764,0.0038663424967345433,0.0023404657084696873,0.010687114603509493,0.014657889285350917,0.009331363813368227,0.0035596948882704047,0.0030749396930800617,0.0031793506479593217,0.010959419035050131,0.002075881276839028,0.002597661248367432,0.00575933891155234,0.005928723225605537,0.0035253413335372833,0.0026326145796751457,0.0032805113950754904,0.0013261709444521552,-0.0007829604810735565,0.021688132753317622,0.005980767281098011,0.0032974797296153146,0.004389204655746151,0.007332933652542405,0.007738292316485514,0.0052625980920978175,0.0040485855629808255,0.006372700592343681,0.0026581701614109845,0.005535134761829421,0.002492426759822754,0.0015760628645397072,0.0025392445736400894,0.0036240843259457067,0.005446706071879376,0.0031090622433866504,0.001574546900564071,0.0016197345073166,0.0007181009720441764,0.005980767281098011,0.00817692456547513
0.011214715737008045,0.001358444316440089,-0.0012092285925350502,-0.009845275534119638,-0.0010401595056168818,-0.0006996371960148889,0.009857669210130001,0.0008569557013322159,0.012045849586447454,-0.0013635517687208803,-0.0009078726675198013,0.00296985467662491,0.006311010389709487,0.009243556626512004,-0.002370898765916687,-0.0001870579667366325,0.00023924809885118888,0.007137046922192377,-0.0008078350529696519,-0.000599239240163982,0.001358444316440089,0.007693923829417425,-3.77056211319521e-5,0.00033057361841060313,-0.001721537697854754,0.0007178272090711275,0.0035474776567673443,0.0006187779196015614,0.0042927983682115,-0.0013770910889565823,8.818421993603701e-5,0.001704140837633096,0.0056377345164213555,-0.0016907386163018557,-0.0014432722953943346,-0.0006814212696531935,0.001616458274405382,0.0036363085108201826,-0.00044760352805197105,-0.0011703479129444535,-0.0012092285925350502,-3.77056211319521e-5,0.03223050606902126,0.014815784804566162,0.0015044524941099117,0.001979036454762713,-0.011310638319366604,-0.0002045474057675667,0.00035810645559130206,0.0028089629971512677,0.0007581767748343982,-0.002151388672149946,0.004347391249836121,-0.0002816145339523514,0.001169937769118916,0.00030254069572320665,0.0012343944976412626,-0.0027447634288718568,-0.0001481353685778402,0.0025980442709565565,-0.009845275534119638,0.00033057361841060313,0.014815784804566162,0.047988985016994584,-0.0007185277640914254,0.0025054455208045126,-0.020880385336379884,-0.0011940368454493259,-0.008693463579683265,0.002964045943498428,-0.0003626287697261611,-0.00399712635637206,-0.00576665570156538,-0.011921581745138129,0.002817616403389398,0.0008741199903608329,0.0022164983975593807,-0.009493946168627969,-0.0015821031256787112,0.0038352155319937116,-0.0010401595056168818,-0.001721537697854754,0.0015044524941099117,-0.0007185277640914254,0.034766043180519776,-0.002008533989591073,0.008297926540021702,0.001338890068170306,0.0021717883180910518,0.00038352180227833345,0.0024953797607132093,-0.0020291173294160903,-0.009941853943830802,0.007193396243158089,0.004109349369121884,0.0013592791125074145,-0.0020672994622762692,-0.0019673683398974506,0.0014815474069709176,-0.0018151507841765169,-0.0006996371960148889,0.0007178272090711275,0.001979036454762713,0.0025054455208045126,-0.002008533989591073,0.0037093121642455826,-0.0055333203633906956,-0.0010095521152785423,-0.0034709145102227515,0.0006165955129493414,0.0005113344511948989,0.00019201060256955423,0.000843023629308633,-0.0028333128240894513,-0.00035376749575373424,-0.0003147679584054718,0.0009363414258148965,-0.0001372360935690873,0.001215888764620048,0.0014469513590101234,0.009857669210130001,0.0035474776567673443,-0.011310638319366604,-0.020880385336379884,0.008297926540021702,-0.0055333203633906956,0.04311182778075788,0.0041251520980850435,0.022829775540096763,-0.00471535241330224,-0.0016022982211031354,0.007520117058344126,0.0064926108973680716,0.013559967890254588,-0.001221034510818472,-0.0002784356456577216,-0.0004649167439926972,0.010460324713580082,-0.002211068420730047,-0.006146635440880083,0.0008569557013322159,0.0006187779196015614,-0.0002045474057675667,-0.0011940368454493259,0.001338890068170306,-0.0010095521152785423,0.0041251520980850435,0.002506517135994906,0.002718640669506714,-0.0008177846855918402,0.0001403787137301431,0.0001883989136911188,-0.00011224599235343236,8.454247918983072e-5,0.0002460692783647189,-0.0003170216550016124,0.00010370039903187349,0.000491405117121473,-0.0014695129605999252,-0.0012216203787784,0.012045849586447454,0.0042927983682115,0.00035810645559130206,-0.008693463579683265,0.0021717883180910518,-0.0034709145102227515,0.022829775540096763,0.002718640669506714,0.044096091477392955,-0.002404571330576766,-0.005177064309076565,0.006660074386548382,0.013098552755095685,0.01642874340328024,-0.0016722751870185864,-5.5298371497063755e-6,0.0015324346390935605,0.012783940126514105,-0.0019459333471266715,-0.003314852221877795,-0.0013635517687208803,-0.0013770910889565823,0.0028089629971512677,0.002964045943498428,0.00038352180227833345,0.0006165955129493414,-0.00471535241330224,-0.0008177846855918402,-0.002404571330576766,0.003930683522708067,2.912909857968898e-5,-0.0002492441448635151,-0.003323150524135567,0.0008165811907320977,0.0015482238438913431,-0.00012564895176701404,0.0004544144958670821,-0.0034121699829719114,0.002943678169909596,0.0013463345786587323,-0.0009078726675198013,8.818421993603701e-5,0.0007581767748343982,-0.0003626287697261611,0.0024953797607132093,0.0005113344511948989,-0.0016022982211031354,0.0001403787137301431,-0.005177064309076565,2.912909857968898e-5,0.004014053139603215,-0.0018232585385015013,-0.0016591343086655862,-0.0013192151139938169,0.0009550127624485689,6.772582472515817e-5,-0.0005829366588111975,-0.0017095739799927274,0.00035105872917550954,-3.375344759771806e-5,0.00296985467662491,0.001704140837633096,-0.002151388672149946,-0.00399712635637206,-0.0020291173294160903,0.00019201060256955423,0.007520117058344126,0.0001883989136911188,0.006660074386548382,-0.0002492441448635151,-0.0018232585385015013,0.010963584432189024,0.009470775840427652,0.0022579694269888014,-0.0007542102429840665,-0.00042631823696466785,0.0015629647329442188,0.005099867606769175,0.0019420813303110854,-0.0003994211717668856,0.006311010389709487,0.0056377345164213555,0.004347391249836121,-0.00576665570156538,-0.009941853943830802,0.000843023629308633,0.0064926108973680716,-0.00011224599235343236,0.013098552755095685,-0.003323150524135567,-0.0016591343086655862,0.009470775840427652,0.05606049838702249,0.00203363191029175,-0.008021560464054958,0.0018101671096949143,0.003210683560704885,0.012544183649103438,-0.0009507919062403368,0.00016353962061933775,0.009243556626512004,-0.0016907386163018557,-0.0002816145339523514,-0.011921581745138129,0.007193396243158089,-0.0028333128240894513,0.013559967890254588,8.454247918983072e-5,0.01642874340328024,0.0008165811907320977,-0.0013192151139938169,0.0022579694269888014,0.00203363191029175,0.02675880165322909,-0.0011937599831264556,0.0019534416071628597,-0.0019106625433358108,0.005662810983212568,0.001686722093553271,-0.00014720429847811674,-0.002370898765916687,-0.0014432722953943346,0.001169937769118916,0.002817616403389398,0.004109349369121884,-0.00035376749575373424,-0.001221034510818472,0.0002460692783647189,-0.0016722751870185864,0.0015482238438913431,0.0009550127624485689,-0.0007542102429840665,-0.008021560464054958,-0.0011937599831264556,0.007273951960872616,-0.0006172846606012645,-0.0001531028454071294,-0.0033694024411147164,0.0024568229159641743,-0.00037273133049194317,-0.0001870579667366325,-0.0006814212696531935,0.00030254069572320665,0.0008741199903608329,0.0013592791125074145,-0.0003147679584054718,-0.0002784356456577216,-0.0003170216550016124,-5.5298371497063755e-6,-0.00012564895176701404,6.772582472515817e-5,-0.00042631823696466785,0.0018101671096949143,0.0019534416071628597,-0.0006172846606012645,0.002196608152133527,-0.0004824847070743552,8.367009483918189e-6,-0.001454769032229585,0.0008070545720088829,0.00023924809885118888,0.001616458274405382,0.0012343944976412626,0.0022164983975593807,-0.0020672994622762692,0.0009363414258148965,-0.0004649167439926972,0.00010370039903187349,0.0015324346390935605,0.0004544144958670821,-0.0005829366588111975,0.0015629647329442188,0.003210683560704885,-0.0019106625433358108,-0.0001531028454071294,-0.0004824847070743552,0.0024804704463289827,0.0005527870384667698,0.0012332812787043547,0.0003181720805112146,0.007137046922192377,0.0036363085108201826,-0.0027447634288718568,-0.009493946168627969,-0.0019673683398974506,-0.0001372360935690873,0.010460324713580082,0.000491405117121473,0.012783940126514105,-0.0034121699829719114,-0.0017095739799927274,0.005099867606769175,0.012544183649103438,0.005662810983212568,-0.0033694024411147164,8.367009483918189e-6,0.0005527870384667698,0.013478594322736482,-0.0006579403223336568,-0.0016619345842713768,-0.0008078350529696519,-0.00044760352805197105,-0.0001481353685778402,-0.0015821031256787112,0.0014815474069709176,0.001215888764620048,-0.002211068420730047,-0.0014695129605999252,-0.0019459333471266715,0.002943678169909596,0.00035105872917550954,0.0019420813303110854,-0.0009507919062403368,0.001686722093553271,0.0024568229159641743,-0.001454769032229585,0.0012332812787043547,-0.0006579403223336568,0.017806093558973585,0.0001916040851197589,-0.000599239240163982,-0.0011703479129444535,0.0025980442709565565,0.0038352155319937116,-0.0018151507841765169,0.0014469513590101234,-0.006146635440880083,-0.0012216203787784,-0.003314852221877795,0.0013463345786587323,-3.375344759771806e-5,-0.0003994211717668856,0.00016353962061933775,-0.00014720429847811674,-0.00037273133049194317,0.0008070545720088829,0.0003181720805112146,-0.0016619345842713768,0.0001916040851197589,0.004693141526036787
