0.005657045194574606,0.00010132949129189054,0.0011600463400858814,0.000403260818529014,0.002998397592302846,0.001037136022331864,-0.0013993112278339582,0.0001685626134316501,0.0013730833493751844,5.748994672026913e-5,0.0006715600867307995,0.00021298501344862994,0.00045705694756864547,0.0035268915556526696,-0.000505191081794803,9.291407052364276e-5,-0.00011274887197125255,0.000435539979462149,0.0006032407900987136,-0.000266878946418478,0.00010132949129189054,0.003709078756006395,-0.000447531109470347,0.0009982158880809991,0.0020822580979748036,0.0005466218274121969,-0.00010054801987792304,-0.0001800363673071376,0.004176823418434973,7.201031970162272e-5,0.0007460676770922077,-0.0011954373049303485,0.0010716576630543087,0.0005660491329464701,-0.0003475354704154096,0.00011325386277311603,8.157730273588761e-5,-0.0001618558945331185,-0.0017085068793207866,0.000669608221522671,0.0011600463400858814,-0.000447531109470347,0.010633397778970717,0.0025830915374562965,0.0058138540587036195,0.0004891647861723233,0.003867185646575122,1.48405990414065e-5,-0.0035681621975175463,0.0012019287634306133,0.00034883003632619005,0.0008417937424290945,-0.005141015675562891,0.00131020455813457,-0.0015702297936017488,0.0004004499011918708,0.0003372974534422773,0.00045067425261521637,0.0003632210740459079,-0.00011693439210371307,0.000403260818529014,0.0009982158880809991,0.0025830915374562965,0.008657416972632247,0.0030443308754064084,0.001325723124137731,-0.0005912093447408542,-0.0001308011023702032,-0.0037071079463109106,2.3602388381008325e-5,0.0006391878853568434,-0.0020091471203030403,-0.0028982276495907685,0.002781395777572004,0.0008940990816802247,-0.0004201265750639649,-0.0005056771980916616,0.0004937010775542295,0.00044134092299701505,0.002396662601914479,0.002998397592302846,0.0020822580979748036,0.0058138540587036195,0.0030443308754064084,0.01658221208951174,0.0010989995653643602,0.005314006810434531,0.00030115003074017346,0.003976159312868337,-0.0004296333990928577,0.0012358532618183158,-0.002147337810833011,0.0027042311650227156,0.0018283201120720236,0.001997061607447192,-0.000964339897054483,-0.00015910180709615538,0.003109344710261505,0.0001734560543892199,2.781617373986701e-5,0.001037136022331864,0.0005466218274121969,0.0004891647861723233,0.001325723124137731,0.0010989995653643602,0.0022981130338415373,-0.00017234812816877912,0.0009686256655558004,0.0003207251398229976,7.297019320825411e-5,0.0002667913569306331,0.0001296961301105374,-0.0010039135268044151,-4.1983022387444784e-5,0.00026560300571341205,-6.0977975010678486e-5,2.7002111105925333e-5,0.0005925901819493981,-0.00011710091794726396,0.0002069303563664358,-0.0013993112278339582,-0.00010054801987792304,0.003867185646575122,-0.0005912093447408542,0.005314006810434531,-0.00017234812816877912,0.005479854483365358,0.00035329223507506397,-0.0006657167693929502,0.0004503331875460162,0.0008848293238993876,0.00017900552556410353,0.0014900971290130848,-0.0019051627964306265,0.0005622887526534595,-0.0004990995727175369,0.0007357951031461875,0.0009071783851091616,0.0008329901748314593,8.022970801898477e-6,0.0001685626134316501,-0.0001800363673071376,1.48405990414065e-5,-0.0001308011023702032,0.00030115003074017346,0.0009686256655558004,0.00035329223507506397,0.001298006270989677,7.019232611811309e-5,-0.0004215271602398671,0.0002878463565688464,-0.0007162400352433175,-0.001930054214775887,-0.0007113141788440625,0.00043444090539709304,-0.00014608016855720762,2.6745977429444283e-5,-0.00040539902121303965,-0.00038249483207478243,0.0001410328062986097,0.0013730833493751844,0.004176823418434973,-0.0035681621975175463,-0.0037071079463109106,0.003976159312868337,0.0003207251398229976,-0.0006657167693929502,7.019232611811309e-5,0.013025483177243042,-0.0007191298791803633,-0.000660889701793518,0.00030605567193633156,0.0031736042179421947,-0.0016842724781003836,-0.0006062017992354185,-0.000857594574654109,-0.0003044405647867429,-0.0006545794697396569,-0.0030986141638338913,0.0004872971749897737,5.748994672026913e-5,7.201031970162272e-5,0.0012019287634306133,2.3602388381008325e-5,-0.0004296333990928577,7.297019320825411e-5,0.0004503331875460162,-0.0004215271602398671,-0.0007191298791803633,0.0019917539373125056,0.00018727766264757653,-0.00025972369045980533,0.00041354324232054877,0.00032296414718121125,-0.00027537834484488757,0.0001535273048946839,6.069344741150465e-5,-0.00022128423097129247,0.0002610952001833885,0.00012142101251133529,0.0006715600867307995,0.0007460676770922077,0.00034883003632619005,0.0006391878853568434,0.0012358532618183158,0.0002667913569306331,0.0008848293238993876,0.0002878463565688464,-0.000660889701793518,0.00018727766264757653,0.0023254317440374044,-0.00013688619905742966,-0.0012232414797074217,0.0002133986022749671,0.0008523074774271114,0.00013677263047142622,-2.6047868678005226e-5,0.00010145111424401837,0.00030094695850421726,0.0003704115126873241,0.00021298501344862994,-0.0011954373049303485,0.0008417937424290945,-0.0020091471203030403,-0.002147337810833011,0.0001296961301105374,0.00017900552556410353,-0.0007162400352433175,0.00030605567193633156,-0.00025972369045980533,-0.00013688619905742966,0.007341505520684198,0.0011221642057628574,-0.0023764307216963803,-0.0014633923650373836,-5.570619274588209e-5,-6.594780782825666e-5,0.00106075694833173,0.0018868492486514468,-0.00012114165884405681,0.00045705694756864547,0.0010716576630543087,-0.005141015675562891,-0.0028982276495907685,0.0027042311650227156,-0.0010039135268044151,0.0014900971290130848,-0.001930054214775887,0.0031736042179421947,0.00041354324232054877,-0.0012232414797074217,0.0011221642057628574,0.029075500511960766,0.002734781202386635,-0.0017619239821427138,0.0005893363992237519,-0.0008803508140309139,0.002479029613782335,0.00550055183638087,-0.00021894445963375737,0.0035268915556526696,0.0005660491329464701,0.00131020455813457,0.002781395777572004,0.0018283201120720236,-4.1983022387444784e-5,-0.0019051627964306265,-0.0007113141788440625,-0.0016842724781003836,0.00032296414718121125,0.0002133986022749671,-0.0023764307216963803,0.002734781202386635,0.008545672649818255,-0.0018457744683770833,-0.00041773728853422256,-0.0007954617492446429,2.9718652876024106e-5,0.0006850178198644444,-0.0014925273475877125,-0.000505191081794803,-0.0003475354704154096,-0.0015702297936017488,0.0008940990816802247,0.001997061607447192,0.00026560300571341205,0.0005622887526534595,0.00043444090539709304,-0.0006062017992354185,-0.00027537834484488757,0.0008523074774271114,-0.0014633923650373836,-0.0017619239821427138,-0.0018457744683770833,0.0031493321618152994,-7.07682263760359e-5,0.00020410027551008689,0.0010986567509483388,-8.224324606506045e-5,0.0002976935565676546,9.291407052364276e-5,0.00011325386277311603,0.0004004499011918708,-0.0004201265750639649,-0.000964339897054483,-6.0977975010678486e-5,-0.0004990995727175369,-0.00014608016855720762,-0.000857594574654109,0.0001535273048946839,0.00013677263047142622,-5.570619274588209e-5,0.0005893363992237519,-0.00041773728853422256,-7.07682263760359e-5,0.0013675709317248828,-6.484599277157101e-5,0.0001122741786361484,8.433659835343894e-5,-0.00018742548528272794,-0.00011274887197125255,8.157730273588761e-5,0.0003372974534422773,-0.0005056771980916616,-0.00015910180709615538,2.7002111105925333e-5,0.0007357951031461875,2.6745977429444283e-5,-0.0003044405647867429,6.069344741150465e-5,-2.6047868678005226e-5,-6.594780782825666e-5,-0.0008803508140309139,-0.0007954617492446429,0.00020410027551008689,-6.484599277157101e-5,0.0011317381014864308,0.00023843339901179493,-0.00034242109293776955,-0.00017903470189883317,0.000435539979462149,-0.0001618558945331185,0.00045067425261521637,0.0004937010775542295,0.003109344710261505,0.0005925901819493981,0.0009071783851091616,-0.00040539902121303965,-0.0006545794697396569,-0.00022128423097129247,0.00010145111424401837,0.00106075694833173,0.002479029613782335,2.9718652876024106e-5,0.0010986567509483388,0.0001122741786361484,0.00023843339901179493,0.0026888944510890856,0.0009440371049350683,-0.0009925867223840876,0.0006032407900987136,-0.0017085068793207866,0.0003632210740459079,0.00044134092299701505,0.0001734560543892199,-0.00011710091794726396,0.0008329901748314593,-0.00038249483207478243,-0.0030986141638338913,0.0002610952001833885,0.00030094695850421726,0.0018868492486514468,0.00550055183638087,0.0006850178198644444,-8.224324606506045e-5,8.433659835343894e-5,-0.00034242109293776955,0.0009440371049350683,0.0032719687158212184,0.00013589815996075842,-0.000266878946418478,0.000669608221522671,-0.00011693439210371307,0.002396662601914479,2.781617373986701e-5,0.0002069303563664358,8.022970801898477e-6,0.0001410328062986097,0.0004872971749897737,0.00012142101251133529,0.0003704115126873241,-0.00012114165884405681,-0.00021894445963375737,-0.0014925273475877125,0.0002976935565676546,-0.00018742548528272794,-0.00017903470189883317,-0.0009925867223840876,0.00013589815996075842,0.002821529243854309
0.005264175744825166,-0.0005167319088799065,-0.0005739596496185939,-0.002516710040453828,-0.0017472162770202635,0.0002007356769833857,0.00043749965676667213,0.00032664814148943667,0.001111354077016543,0.0005409959114302729,0.00043526379844878536,-0.0011555701572590568,-0.0017928208932556221,0.00037091323691273797,0.00015764764381591683,-0.00020592752698813142,0.0005652522749517604,0.0008841390293724332,-0.0009389536308290376,0.0010368769787552504,-0.0005167319088799065,0.0034322892622761633,0.002114517893608523,-0.0018551860045639907,0.0009766017782490157,0.00017180718248808796,-0.001390129258163213,-0.0005270516520539709,-0.0009987459488403913,0.0007936180466384991,0.00023049831369066604,0.0005907411804233873,-0.00021795949022499254,0.0008404731323940791,-0.0006625918325439468,-0.0010103649561847214,0.00028850431484166373,0.000543499231427358,-0.0005645323952573192,-0.0009601374672473914,-0.0005739596496185939,0.002114517893608523,0.010398037776036588,-0.0030345544632100893,0.003417075813373977,0.0008136550693033371,-0.0054510328249508366,0.001952683368072802,0.0009406249306167781,0.002446059797624027,0.0013669610694073877,0.0006999156634004949,-0.0023946805655678314,0.0015680976844102577,0.0029541347844970495,-0.0008297352162756355,0.0006729857066418645,-0.0009442952766687788,0.0011131802250400249,0.002047561661114695,-0.002516710040453828,-0.0018551860045639907,-0.0030345544632100893,0.031018861900454282,0.0003747466680007641,0.00037956809914788776,-0.001107418818790101,-0.0015075812918171436,0.007697801149674064,0.0023860941057556556,0.0010400095556149166,-0.0008608243668097812,0.006509858710850574,0.001749556940590948,-6.499030563705268e-5,0.001176183779851055,0.0011522557469363164,-0.002824166245949618,0.005321480145069033,0.0021191456261331195,-0.0017472162770202635,0.0009766017782490157,0.003417075813373977,0.0003747466680007641,0.008171860160848424,0.00027324607615256867,-0.0010872505667299868,0.0005364977113256463,-0.0017209101676946047,0.00224081857242755,9.516712301746737e-5,0.0012564010645989216,0.002219070894121702,-0.00036765090852133994,0.0009899716051765166,-4.0461460112191665e-5,5.652433251689793e-5,0.0018693185878646264,-0.002351235662082069,0.0013695999249141051,0.0002007356769833857,0.00017180718248808796,0.0008136550693033371,0.00037956809914788776,0.00027324607615256867,0.0026677419015307775,-8.302306635399566e-5,0.00012511597827830322,0.000977605903969411,0.0005060220209548835,-6.63249473911949e-5,0.001003934938398456,-0.00011655167779347586,-0.0009448231048237747,-0.0003293819503305641,9.844234388990133e-6,0.00043387881161018933,0.0004770276075966277,3.4424031166959836e-5,1.2913704014552496e-5,0.00043749965676667213,-0.001390129258163213,-0.0054510328249508366,-0.001107418818790101,-0.0010872505667299868,-8.302306635399566e-5,0.0065431561453808355,-0.0008781599989785671,0.0026014597333331407,-0.0015005685867038672,0.0003826139389664402,-1.7251070619145783e-5,-0.0019652182364827183,-0.0037293300815415707,-0.0011272013661967634,0.00039544282396119634,-0.0007257967298230019,0.001081420110471207,-0.0011294985259420374,-0.0006151212482537448,0.00032664814148943667,-0.0005270516520539709,0.001952683368072802,-0.0015075812918171436,0.0005364977113256463,0.00012511597827830322,-0.0008781599989785671,0.0023570439368905934,0.0014439352828495037,0.00018746925255570926,0.00026369645541155727,0.00012430542296962163,-0.001500951875961695,0.0001638278694215937,0.0007466547195132445,-1.2243807084353069e-5,0.00039470945507080827,-5.120125758072941e-5,-0.001141462518781652,8.467398330363386e-5,0.001111354077016543,-0.0009987459488403913,0.0009406249306167781,0.007697801149674064,-0.0017209101676946047,0.000977605903969411,0.0026014597333331407,0.0014439352828495037,0.019442360081530018,0.0017232664251332003,0.0013869270378604496,0.002481068305381086,-0.011160749361628005,0.0026539361519031324,0.0005837298565251037,0.0007932397001341069,0.0011665321946451623,0.002199551909858157,0.0005359415000385616,0.0008499136276861526,0.0005409959114302729,0.0007936180466384991,0.002446059797624027,0.0023860941057556556,0.00224081857242755,0.0005060220209548835,-0.0015005685867038672,0.00018746925255570926,0.0017232664251332003,0.002822556606809575,0.0005270540316833626,0.0004530258025932692,-0.00025487079381078325,-0.00012158385406511581,0.0013009086186804926,0.0002833957042098164,0.0005480033520533431,0.00019274594611351983,5.3011569815850914e-5,0.0007741883039361176,0.00043526379844878536,0.00023049831369066604,0.0013669610694073877,0.0010400095556149166,9.516712301746737e-5,-6.63249473911949e-5,0.0003826139389664402,0.00026369645541155727,0.0013869270378604496,0.0005270540316833626,0.002425766068602434,-0.0011878139588499654,-0.0007905714907895559,-0.0002781625360234436,0.0009574843003596412,0.0004568582732878,1.952956083579166e-6,-0.0005549670082805166,0.0003527959960584633,0.0005710223108471213,-0.0011555701572590568,0.0005907411804233873,0.0006999156634004949,-0.0008608243668097812,0.0012564010645989216,0.001003934938398456,-1.7251070619145783e-5,0.00012430542296962163,0.002481068305381086,0.0004530258025932692,-0.0011878139588499654,0.005776199936561756,-0.0033358988256601916,-7.413977074229418e-5,-0.0022196812606898324,0.0004874938468751676,0.0007404068322012905,0.000946371806972673,-0.0006301100794295639,0.0003418462787712192,-0.0017928208932556221,-0.00021795949022499254,-0.0023946805655678314,0.006509858710850574,0.002219070894121702,-0.00011655167779347586,-0.0019652182364827183,-0.001500951875961695,-0.011160749361628005,-0.00025487079381078325,-0.0007905714907895559,-0.0033358988256601916,0.012602202255055431,-0.0022544063499700287,-6.361155356408849e-5,-0.0003823091585288405,-0.0008335001708331423,-0.002434306670955946,0.0006848550066366554,-0.0006239380445882881,0.00037091323691273797,0.0008404731323940791,0.0015680976844102577,0.001749556940590948,-0.00036765090852133994,-0.0009448231048237747,-0.0037293300815415707,0.0001638278694215937,0.0026539361519031324,-0.00012158385406511581,-0.0002781625360234436,-7.413977074229418e-5,-0.0022544063499700287,0.00941782363022963,-0.0007289810564929777,0.00019363567645823768,0.00028340540359347963,0.0022717368463179804,-0.0007623322191025171,9.563923706559622e-5,0.00015764764381591683,-0.0006625918325439468,0.0029541347844970495,-6.499030563705268e-5,0.0009899716051765166,-0.0003293819503305641,-0.0011272013661967634,0.0007466547195132445,0.0005837298565251037,0.0013009086186804926,0.0009574843003596412,-0.0022196812606898324,-6.361155356408849e-5,-0.0007289810564929777,0.003411138525753287,0.00022622154818199752,2.083066555579017e-5,-0.0010083856513159576,0.001362840063852668,0.0008170714752786197,-0.00020592752698813142,-0.0010103649561847214,-0.0008297352162756355,0.001176183779851055,-4.0461460112191665e-5,9.844234388990133e-6,0.00039544282396119634,-1.2243807084353069e-5,0.0007932397001341069,0.0002833957042098164,0.0004568582732878,0.0004874938468751676,-0.0003823091585288405,0.00019363567645823768,0.00022622154818199752,0.0014169926928514587,-4.379528147365467e-5,-0.0002022053934933123,0.00020354499511674985,1.784251367883304e-5,0.0005652522749517604,0.00028850431484166373,0.0006729857066418645,0.0011522557469363164,5.652433251689793e-5,0.00043387881161018933,-0.0007257967298230019,0.00039470945507080827,0.0011665321946451623,0.0005480033520533431,1.952956083579166e-6,0.0007404068322012905,-0.0008335001708331423,0.00028340540359347963,2.083066555579017e-5,-4.379528147365467e-5,0.0016523616582253145,0.0006681741863548681,0.0005447089760443861,0.0002652379700333285,0.0008841390293724332,0.000543499231427358,-0.0009442952766687788,-0.002824166245949618,0.0018693185878646264,0.0004770276075966277,0.001081420110471207,-5.120125758072941e-5,0.002199551909858157,0.00019274594611351983,-0.0005549670082805166,0.000946371806972673,-0.002434306670955946,0.0022717368463179804,-0.0010083856513159576,-0.0002022053934933123,0.0006681741863548681,0.004079707174712795,-0.002662346939699328,-0.00024765652415381894,-0.0009389536308290376,-0.0005645323952573192,0.0011131802250400249,0.005321480145069033,-0.002351235662082069,3.4424031166959836e-5,-0.0011294985259420374,-0.001141462518781652,0.0005359415000385616,5.3011569815850914e-5,0.0003527959960584633,-0.0006301100794295639,0.0006848550066366554,-0.0007623322191025171,0.001362840063852668,0.00020354499511674985,0.0005447089760443861,-0.002662346939699328,0.004844757010635134,0.0009882996593485664,0.0010368769787552504,-0.0009601374672473914,0.002047561661114695,0.0021191456261331195,0.0013695999249141051,1.2913704014552496e-5,-0.0006151212482537448,8.467398330363386e-5,0.0008499136276861526,0.0007741883039361176,0.0005710223108471213,0.0003418462787712192,-0.0006239380445882881,9.563923706559622e-5,0.0008170714752786197,1.784251367883304e-5,0.0002652379700333285,-0.00024765652415381894,0.0009882996593485664,0.0029551475273202512
2.4797589477169306,-0.7252461052020021,7.593828000498616,-4.672363307798969,-2.9652609124634868,2.411128434945122,2.2856849191781383,0.910789242759783,-3.5252475217536214,-0.11078948688653373,1.8103421448577155,0.21011349002146545,2.471637187385332,-1.0957071102572502,-2.7372908980262345,1.9060791195383187,-0.9004473721378905,3.321086910358657,-0.023760960643238613,0.8005766563657686,-0.7252461052020021,0.24154559341794646,-2.237256108918764,1.3749428039326164,0.8664954918463796,-0.7134080881448349,-0.6664568845264013,-0.25678472446488965,1.0337483580063616,0.03104357748193503,-0.5237573306556779,-0.03876915072909477,-0.7162374748647462,0.34239817113130233,0.812376414407159,-0.5640060706755765,0.2630846729653436,-0.9959983043732649,0.0013505604970379644,-0.24620187250759576,7.593828000498616,-2.237256108918764,23.543355922206583,-14.4529358878288,-9.151022833828195,7.425549103857783,7.079912638717052,2.8287012432698586,-10.959740361734472,-0.34521518222502456,5.597079640215845,0.6311551525826745,7.63230200920275,-3.4372144150412662,-8.554327888095003,5.872831481252394,-2.8078106475751734,10.210153986256264,-0.06948191026423046,2.490672523311888,-4.672363307798969,1.3749428039326164,-14.4529358878288,8.881178764043444,5.621719669168034,-4.5656277162553,-4.340527195745176,-1.7382700154961048,6.725227785747384,0.21032742662247886,-3.440821619283665,-0.38956945062588677,-4.689993826633568,2.1058042060271833,5.2461783258600825,-3.6091652294486734,1.7222687122008042,-6.277270314033444,0.0425269758031805,-1.5295726024874252,-2.9652609124634868,0.8664954918463796,-9.151022833828195,5.621719669168034,3.5815691107521843,-2.898513678238657,-2.7600923470766388,-1.1004105023099728,4.248730337540305,0.1371181505424163,-2.1818549739811663,-0.2595703154719845,-2.9723568515774184,1.3268047473977722,3.3052808159245934,-2.2893941834514084,1.0897430168775781,-3.982197840430063,0.03526311635935003,-0.9595703825253584,2.411128434945122,-0.7134080881448349,7.425549103857783,-4.5656277162553,-2.898513678238657,2.3575986858845694,2.23232435817807,0.8911160316426816,-3.445753627212728,-0.10743261860395437,1.7690531838127972,0.2010008225152599,2.410518398000814,-1.0800927684024944,-2.6832377619107413,1.857722544996272,-0.8813520205593175,3.2386103979248153,-0.024497510452633126,0.7848335787139578,2.2856849191781383,-0.6664568845264013,7.079912638717052,-4.340527195745176,-2.7600923470766388,2.23232435817807,2.146089978231008,0.8437942030363362,-3.300231960515597,-0.10975087654575502,1.6819853989017357,0.19823773633015618,2.30341500409975,-1.019890625441508,-2.559126715643985,1.769232953090329,-0.8445168138855212,3.071304229644995,-0.022346709949118054,0.7401863393055381,0.910789242759783,-0.25678472446488965,2.8287012432698586,-1.7382700154961048,-1.1004105023099728,0.8911160316426816,0.8437942030363362,0.3581602080357379,-1.309091499999119,-0.03667367190083936,0.6793597755163259,0.0845693697357075,0.9113459615715533,-0.4180431484315167,-1.038615321179698,0.6959058243142741,-0.33799556932327335,1.208823227113768,-0.01452294617069673,0.297026588641893,-3.5252475217536214,1.0337483580063616,-10.959740361734472,6.725227785747384,4.248730337540305,-3.445753627212728,-3.300231960515597,-1.309091499999119,5.1240746796673475,0.16492603709590806,-2.6017328107138535,-0.29464690257007836,-3.56362778436038,1.584987051020188,3.983872184565167,-2.7364167307007774,1.3109798482718338,-4.74378632059884,0.025185755265072877,-1.1570475865902168,-0.11078948688653373,0.03104357748193503,-0.34521518222502456,0.21032742662247886,0.1371181505424163,-0.10743261860395437,-0.10975087654575502,-0.03667367190083936,0.16492603709590806,0.008860194375458777,-0.08142401823131759,-0.011762112320560661,-0.11678049262559437,0.04399211541007271,0.11968268364692908,-0.0885795306466199,0.04215155628099015,-0.15183443196764806,0.000548562650427061,-0.03340697566365576,1.8103421448577155,-0.5237573306556779,5.597079640215845,-3.440821619283665,-2.1818549739811663,1.7690531838127972,1.6819853989017357,0.6793597755163259,-2.6017328107138535,-0.08142401823131759,1.3389788336303154,0.1587112184048716,1.8187832233378494,-0.8130030487387241,-2.0308191966796425,1.3931453523890145,-0.6674529943962408,2.422844268002328,-0.020407596176357956,0.5890888458376518,0.21011349002146545,-0.03876915072909477,0.6311551525826745,-0.38956945062588677,-0.2595703154719845,0.2010008225152599,0.19823773633015618,0.0845693697357075,-0.29464690257007836,-0.011762112320560661,0.1587112184048716,0.039632924016636595,0.21547968184037508,-0.0733073637935068,-0.2187107867268056,0.15809526504922772,-0.07646411264741305,0.2642979330774464,-0.008799395685784642,0.05486572162496753,2.471637187385332,-0.7162374748647462,7.63230200920275,-4.689993826633568,-2.9723568515774184,2.410518398000814,2.30341500409975,0.9113459615715533,-3.56362778436038,-0.11678049262559437,1.8187832233378494,0.21547968184037508,2.493165125029551,-1.0891440887762112,-2.7559328489868022,1.9103104929620465,-0.9105930528679339,3.3153665873227323,-0.02063971882225173,0.7997803455026833,-1.0957071102572502,0.34239817113130233,-3.4372144150412662,2.1058042060271833,1.3268047473977722,-1.0800927684024944,-1.019890625441508,-0.4180431484315167,1.584987051020188,0.04399211541007271,-0.8130030487387241,-0.0733073637935068,-1.0891440887762112,0.5402813749720945,1.2730087874675238,-0.8477431627738697,0.4095467509084566,-1.4863126797120894,0.011846120619499363,-0.37751188407286657,-2.7372908980262345,0.812376414407159,-8.554327888095003,5.2461783258600825,3.3052808159245934,-2.6832377619107413,-2.559126715643985,-1.038615321179698,3.983872184565167,0.11968268364692908,-2.0308191966796425,-0.2187107867268056,-2.7559328489868022,1.2730087874675238,3.141176107436049,-2.120361473191152,1.0233766319774336,-3.683827784605027,0.02367630237529245,-0.9130666361223612,1.9060791195383187,-0.5640060706755765,5.872831481252394,-3.6091652294486734,-2.2893941834514084,1.857722544996272,1.769232953090329,0.6959058243142741,-2.7364167307007774,-0.0885795306466199,1.3931453523890145,0.15809526504922772,1.9103104929620465,-0.8477431627738697,-2.120361473191152,1.47932865350703,-0.699022316233354,2.5685403882096614,-0.014547572198050373,0.6204372393575064,-0.9004473721378905,0.2630846729653436,-2.8078106475751734,1.7222687122008042,1.0897430168775781,-0.8813520205593175,-0.8445168138855212,-0.33799556932327335,1.3109798482718338,0.04215155628099015,-0.6674529943962408,-0.07646411264741305,-0.9105930528679339,0.4095467509084566,1.0233766319774336,-0.699022316233354,0.33706490417678925,-1.2117940015174828,0.008253937001739833,-0.29636746022397686,3.321086910358657,-0.9959983043732649,10.210153986256264,-6.277270314033444,-3.982197840430063,3.2386103979248153,3.071304229644995,1.208823227113768,-4.74378632059884,-0.15183443196764806,2.422844268002328,0.2642979330774464,3.3153665873227323,-1.4863126797120894,-3.683827784605027,2.5685403882096614,-1.2117940015174828,4.479227051331412,-0.026280080648198346,1.0838996297506966,-0.023760960643238613,0.0013505604970379644,-0.06948191026423046,0.0425269758031805,0.03526311635935003,-0.024497510452633126,-0.022346709949118054,-0.01452294617069673,0.025185755265072877,0.000548562650427061,-0.020407596176357956,-0.008799395685784642,-0.02063971882225173,0.011846120619499363,0.02367630237529245,-0.014547572198050373,0.008253937001739833,-0.026280080648198346,0.006197313136264329,-0.004744452064355427,0.8005766563657686,-0.24620187250759576,2.490672523311888,-1.5295726024874252,-0.9595703825253584,0.7848335787139578,0.7401863393055381,0.297026588641893,-1.1570475865902168,-0.03340697566365576,0.5890888458376518,0.05486572162496753,0.7997803455026833,-0.37751188407286657,-0.9130666361223612,0.6204372393575064,-0.29636746022397686,1.0838996297506966,-0.004744452064355427,0.2735114118448719
