0.0086450884597973,0.0027877429305347224,0.007846919881855463,0.0012503238435367134,0.0009283956612680937,0.0034271288671626292,0.0017376997183582508,0.0013100250602870174,-0.0004349272939687492,0.003529156122357267,0.007073610268781608,0.0008879848065300876,0.0017024022479284065,0.003587785093266633,0.0018526628261020125,0.00272401817023223,0.0022118763598034516,0.0017234841669863418,-0.00042955064383986424,4.0490222510344745e-5,0.0027877429305347224,0.0074065739301998465,0.009392441527573084,-0.0006560312950911909,-0.0021445318072750947,0.004740713044664463,0.0021473113414338402,1.947728486351955e-5,0.001600361084365715,0.002835054570971049,-0.001741568035381406,-0.0033343224813680208,0.0007459697676550137,0.0038223346856548416,0.0005998448595013663,0.005181517676771781,0.002658177028473572,0.00528785275643226,-0.0009186711645080124,-0.00010439312778293098,0.007846919881855463,0.009392441527573084,0.04263339221351789,-0.00017870034099753398,-0.004195393380802194,0.009415596055545969,0.004416363712799631,-1.0461367141368326e-5,0.006962872181510761,0.011523360106275454,-0.007091232303767061,-0.005141128476668226,0.002189809176435349,0.01004204180270964,0.00023561741498413606,0.013857440420861783,0.0044455590931816395,0.013300246512104435,-0.0045340294957055185,-0.00011842787902147122,0.0012503238435367134,-0.0006560312950911909,-0.00017870034099753398,0.0032608260821062607,0.00235971699752611,-0.0006039958496565176,-0.000175732169915487,0.001241191524627437,-0.00042630894250211793,0.002393512547817912,0.005144205208562972,0.0027322511609486405,0.0001238218708020557,0.001053071884123736,0.0010413521746652484,-3.962785441817356e-5,-5.67171997704946e-5,-0.0007089593091665078,0.0013920378766288035,0.0008088590955760151,0.0009283956612680937,-0.0021445318072750947,-0.004195393380802194,0.00235971699752611,0.007051415802123538,-0.003575423802964772,0.0004794062284959955,0.0017425659936738287,-0.0037183060242356146,0.00011483542439428337,0.0072378671334648245,0.0031733142311610183,0.0004703615198370485,-0.0014412531232215068,0.001832845722924476,-0.0013441035739683298,0.000399158394758057,-0.002766863143380256,0.00447004326247182,0.0017080001384088192,0.0034271288671626292,0.004740713044664463,0.009415596055545969,-0.0006039958496565176,-0.003575423802964772,0.015784282941049513,0.0018292474039938106,6.331369111098068e-5,0.002195376394720904,0.003835352631611232,0.0009119108407087267,-0.002735191000169836,-0.00012043960074663979,0.005351455784354727,0.0017368059371371562,0.0038855124453293214,0.0026077043967836057,0.005597051488817714,-0.0020697447939980822,-0.0007301211133179869,0.0017376997183582508,0.0021473113414338402,0.004416363712799631,-0.000175732169915487,0.0004794062284959955,0.0018292474039938106,0.0037918159847291,0.0005147098571862739,0.00046487663615088395,0.0015460322654284138,0.0009275847738361366,-0.0012021996454380521,0.000978393069478694,0.0005470583003355052,0.0009463601653464972,0.002342865407848764,0.002006834620663555,0.0024004636063044357,0.0004778111466467764,0.00029759443393807523,0.0013100250602870174,1.947728486351955e-5,-1.0461367141368326e-5,0.001241191524627437,0.0017425659936738287,6.331369111098068e-5,0.0005147098571862739,0.002786015121621215,-0.0002889642206006269,0.0018665584674716895,0.006629846720791491,0.0013106688264564463,0.0007273803328603131,0.0009181858515293664,0.0005090861006765545,-0.0002634207881352244,0.0006198510918675636,-0.0009527505774879447,0.0012856161420354063,0.000588676920878014,-0.0004349272939687492,0.001600361084365715,0.006962872181510761,-0.00042630894250211793,-0.0037183060242356146,0.002195376394720904,0.00046487663615088395,-0.0002889642206006269,0.011517654727921094,0.003519831050911839,-0.006472187086920832,0.001366241791326525,-0.0002723865880185716,0.0025606587259972948,-0.0016196149063650433,0.0033982586697532636,-0.00033654595124420526,0.0029002136559585926,-0.0026522787166957194,-0.0003297492263945539,0.003529156122357267,0.002835054570971049,0.011523360106275454,0.002393512547817912,0.00011483542439428337,0.003835352631611232,0.0015460322654284138,0.0018665584674716895,0.003519831050911839,0.016590394467088963,-0.00024310862817036177,0.00038021036110140374,0.001897828896403334,0.0024710012137834003,-0.0006760050921795768,0.0038412704399766436,0.0005312776340080306,0.0009374432851207298,-0.001479056438063414,0.001446540015875624,0.007073610268781608,-0.001741568035381406,-0.007091232303767061,0.005144205208562972,0.0072378671334648245,0.0009119108407087267,0.0009275847738361366,0.006629846720791491,-0.006472187086920832,-0.00024310862817036177,0.05420303552596063,0.008448560600144144,0.003356338014837924,0.003793335790029816,0.006119562096054848,-0.005192108566005611,0.002228268248114021,-0.00015141149491748043,0.004905559811088695,-0.00045185553816050274,0.0008879848065300876,-0.0033343224813680208,-0.005141128476668226,0.0027322511609486405,0.0031733142311610183,-0.002735191000169836,-0.0012021996454380521,0.0013106688264564463,0.001366241791326525,0.00038021036110140374,0.008448560600144144,0.017860247503209335,-0.0027872408737394097,0.0011731351489897852,0.0034552284145337752,-0.000878788786693753,-0.0001762388302648161,-0.0014532875663344823,0.0029109683772900827,0.0016357853818694656,0.0017024022479284065,0.0007459697676550137,0.002189809176435349,0.0001238218708020557,0.0004703615198370485,-0.00012043960074663979,0.000978393069478694,0.0007273803328603131,-0.0002723865880185716,0.001897828896403334,0.003356338014837924,-0.0027872408737394097,0.005234035011425416,-0.00014684920797797436,-0.0008033361251360432,-0.0009030621751026968,0.0005894147610146624,0.0005145541889365363,0.0005889300276173735,0.00018959644017266678,0.003587785093266633,0.0038223346856548416,0.01004204180270964,0.001053071884123736,-0.0014412531232215068,0.005351455784354727,0.0005470583003355052,0.0009181858515293664,0.0025606587259972948,0.0024710012137834003,0.003793335790029816,0.0011731351489897852,-0.00014684920797797436,0.017500834826695465,0.0021643163072110924,0.005048513584028318,0.0023976691283226705,0.006958353084505819,0.00035048334271515667,-0.0010176253509310575,0.0018526628261020125,0.0005998448595013663,0.00023561741498413606,0.0010413521746652484,0.001832845722924476,0.0017368059371371562,0.0009463601653464972,0.0005090861006765545,-0.0016196149063650433,-0.0006760050921795768,0.006119562096054848,0.0034552284145337752,-0.0008033361251360432,0.0021643163072110924,0.00511009928263774,0.000585569524639705,0.0020082859151874044,0.0007832446572345887,0.001757928985318408,0.00024813219677888044,0.00272401817023223,0.005181517676771781,0.013857440420861783,-3.962785441817356e-5,-0.0013441035739683298,0.0038855124453293214,0.002342865407848764,-0.0002634207881352244,0.0033982586697532636,0.0038412704399766436,-0.005192108566005611,-0.000878788786693753,-0.0009030621751026968,0.005048513584028318,0.000585569524639705,0.014887732051424563,0.0025546964959066156,0.0056086292768129185,-0.00020397400123549814,1.290055776408816e-5,0.0022118763598034516,0.002658177028473572,0.0044455590931816395,-5.67171997704946e-5,0.000399158394758057,0.0026077043967836057,0.002006834620663555,0.0006198510918675636,-0.00033654595124420526,0.0005312776340080306,0.002228268248114021,-0.0001762388302648161,0.0005894147610146624,0.0023976691283226705,0.0020082859151874044,0.0025546964959066156,0.005012059219864954,0.0029216510494102887,0.0012314860098288098,-0.00018080553288756112,0.0017234841669863418,0.00528785275643226,0.013300246512104435,-0.0007089593091665078,-0.002766863143380256,0.005597051488817714,0.0024004636063044357,-0.0009527505774879447,0.0029002136559585926,0.0009374432851207298,-0.00015141149491748043,-0.0014532875663344823,0.0005145541889365363,0.006958353084505819,0.0007832446572345887,0.0056086292768129185,0.0029216510494102887,0.017853430409472584,-0.0009669204863025417,-0.0006222864126607204,-0.00042955064383986424,-0.0009186711645080124,-0.0045340294957055185,0.0013920378766288035,0.00447004326247182,-0.0020697447939980822,0.0004778111466467764,0.0012856161420354063,-0.0026522787166957194,-0.001479056438063414,0.004905559811088695,0.0029109683772900827,0.0005889300276173735,0.00035048334271515667,0.001757928985318408,-0.00020397400123549814,0.0012314860098288098,-0.0009669204863025417,0.009743177274916517,0.0018339421330888723,4.0490222510344745e-5,-0.00010439312778293098,-0.00011842787902147122,0.0008088590955760151,0.0017080001384088192,-0.0007301211133179869,0.00029759443393807523,0.000588676920878014,-0.0003297492263945539,0.001446540015875624,-0.00045185553816050274,0.0016357853818694656,0.00018959644017266678,-0.0010176253509310575,0.00024813219677888044,1.290055776408816e-5,-0.00018080553288756112,-0.0006222864126607204,0.0018339421330888723,0.004612395509775805
0.005796103832936487,-0.0008847612670510089,0.0017616515651452036,0.00019676146444770056,-0.0002466472710775031,0.00013495501504410943,-0.00037710707046659887,4.01490795061668e-5,0.00037633309399292647,0.0013383854313125574,0.0012174690983169337,-0.0017828064979855365,-0.0003734496436906737,0.0016482529162580597,0.0001731212874454187,6.766244533200062e-5,0.00031958344098946187,-0.0010739799351693255,0.00042749179144966254,0.0005312926344762773,-0.0008847612670510089,0.005500529955095771,0.0004684972377770952,-0.00022554323723189584,0.0018789194886135647,0.0012549075628318996,0.00037988721022590713,0.0008239340932046212,0.0012084707523065499,0.0015796900393717016,0.001603903122636821,0.0025120836916066452,0.0011988809115576339,0.0009863168308705933,0.0017027301602004939,-3.931340731717884e-5,4.057544165091901e-5,0.0025500400522108814,-0.0013397792188228567,0.0010203883432968438,0.0017616515651452036,0.0004684972377770952,0.030267735329563415,0.000803583386242321,-0.00107297421748129,0.0020607226765310157,0.0003001516455926137,-0.0009417416297828813,-0.00019193530310335964,0.004222206632921643,-0.0014195576540265119,0.0023700333949393665,-0.0005790401750073881,0.004470343649491023,0.00018629923707250416,-0.00459432062091002,-0.0025287473173467804,0.0026173482285743645,0.004671463946304968,0.001377370037975321,0.00019676146444770056,-0.00022554323723189584,0.000803583386242321,0.002549272167610862,-0.0007381987786566576,0.0008382034658423124,0.0005929786634814936,-0.0007257769616846577,-0.00023898420357787182,0.002271535531915058,0.0002303336766571861,0.0009297182928009824,0.0006488114835588473,0.0017979056478209785,-0.0005900361954627122,-0.0009586491293693523,0.0008815324118124993,-0.0001757616104174487,0.000216923716161724,5.931873846360167e-5,-0.0002466472710775031,0.0018789194886135647,-0.00107297421748129,-0.0007381987786566576,0.004407411555924447,7.441603993154372e-5,-0.0007343153157012398,0.0012303759473285222,0.00047801549153150916,0.0006893514956257769,0.0010508868019951662,-0.0007556644025492073,0.0005770959014935893,-0.0001168052590428913,0.0012451520417704528,0.0010343990312277175,0.0005846494699694757,0.0018004371412044472,-0.0006154381150325535,0.00036986577435606867,0.00013495501504410943,0.0012549075628318996,0.0020607226765310157,0.0008382034658423124,7.441603993154372e-5,0.014874204906816103,0.002068400470416855,-0.0006853011871140373,0.0031564427953778887,0.005501936355821914,0.003920911416719617,0.0045532217376038076,0.0013973090741606613,0.0030831934739352683,0.000604986420096158,0.001458036707347293,-0.0007047322222506861,0.0031627172003077207,-0.0003054794037910844,0.0003713018122655584,-0.00037710707046659887,0.00037988721022590713,0.0003001516455926137,0.0005929786634814936,-0.0007343153157012398,0.002068400470416855,0.004974609216792298,-0.0014494533991807564,0.0024184517011465487,0.0003412612520281315,0.001327667004628648,0.0023644623472290228,0.0010230353211554322,0.0011679926928790901,-0.00019645555115270887,8.408622764608862e-5,-0.0010619332704184727,0.0012454697501252418,0.0014915505915557607,0.0005082489248526478,4.01490795061668e-5,0.0008239340932046212,-0.0009417416297828813,-0.0007257769616846577,0.0012303759473285222,-0.0006853011871140373,-0.0014494533991807564,0.0026527362535806163,-0.0010910948874153213,-0.0004039921728017032,-0.001306826869603381,-0.000824175685656966,-0.00032801945564160185,-0.0009554718029900586,0.0008161609962304703,0.0005199698276395724,-0.00031871680569050794,-0.00013452725420112454,-0.000844406922094841,1.8763719236717364e-5,0.00037633309399292647,0.0012084707523065499,-0.00019193530310335964,-0.00023898420357787182,0.00047801549153150916,0.0031564427953778887,0.0024184517011465487,-0.0010910948874153213,0.010793956861506944,0.002631945514393166,0.004401427483058485,0.0016730800950259075,0.00020269662572545402,0.0016434537023095382,1.6114876187544517e-5,-7.460866977918371e-5,-0.0009035928071295063,0.003380756722018277,-0.0004040752910777468,0.0014768061947607995,0.0013383854313125574,0.0015796900393717016,0.004222206632921643,0.002271535531915058,0.0006893514956257769,0.005501936355821914,0.0003412612520281315,-0.0004039921728017032,0.002631945514393166,0.022885529269444427,0.005373978071729034,0.001740267645290963,0.0008876233042524589,0.006210636738532293,0.0004112450563146056,-0.0014614178958029067,0.0008660860628886134,0.002427429117115811,-5.848567682652459e-5,0.00016142966975332836,0.0012174690983169337,0.001603903122636821,-0.0014195576540265119,0.0002303336766571861,0.0010508868019951662,0.003920911416719617,0.001327667004628648,-0.001306826869603381,0.004401427483058485,0.005373978071729034,0.026351491889042795,0.003171487628919259,0.0011530587894587815,0.002499065286741016,0.002094410042942202,0.0017350535258600637,0.0008601548575284559,0.002192784108389744,0.0010443280124598458,0.002628767350138392,-0.0017828064979855365,0.0025120836916066452,0.0023700333949393665,0.0009297182928009824,-0.0007556644025492073,0.0045532217376038076,0.0023644623472290228,-0.000824175685656966,0.0016730800950259075,0.001740267645290963,0.003171487628919259,0.012158453650683902,0.0018826781270148032,0.00354819390456989,8.244300982009975e-5,-0.0006306154205063684,-0.0007267696974682978,0.0034162888909391297,-0.0008061192685041089,0.0010813991564343618,-0.0003734496436906737,0.0011988809115576339,-0.0005790401750073881,0.0006488114835588473,0.0005770959014935893,0.0013973090741606613,0.0010230353211554322,-0.00032801945564160185,0.00020269662572545402,0.0008876233042524589,0.0011530587894587815,0.0018826781270148032,0.0038148987350062735,0.0017823882237764503,0.0009123290557301713,0.0009192224914210505,0.0011269698104245226,0.000679419396303542,-0.0006933367692820559,0.00036356283872759107,0.0016482529162580597,0.0009863168308705933,0.004470343649491023,0.0017979056478209785,-0.0001168052590428913,0.0030831934739352683,0.0011679926928790901,-0.0009554718029900586,0.0016434537023095382,0.006210636738532293,0.002499065286741016,0.00354819390456989,0.0017823882237764503,0.015278671024656902,0.00046513415952860015,-0.0021700440063368003,0.0018622962262113958,0.0002738899668804989,3.744202425102366e-6,0.0022192476427071333,0.0001731212874454187,0.0017027301602004939,0.00018629923707250416,-0.0005900361954627122,0.0012451520417704528,0.000604986420096158,-0.00019645555115270887,0.0008161609962304703,1.6114876187544517e-5,0.0004112450563146056,0.002094410042942202,8.244300982009975e-5,0.0009123290557301713,0.00046513415952860015,0.003640859162347314,0.0013782542976024889,-0.0001407890198745696,0.0010547883369600127,-0.0003370895012176099,0.0010111313059969014,6.766244533200062e-5,-3.931340731717884e-5,-0.00459432062091002,-0.0009586491293693523,0.0010343990312277175,0.001458036707347293,8.408622764608862e-5,0.0005199698276395724,-7.460866977918371e-5,-0.0014614178958029067,0.0017350535258600637,-0.0006306154205063684,0.0009192224914210505,-0.0021700440063368003,0.0013782542976024889,0.009222225079102846,0.0008800318121051525,0.0012249103023017891,0.00014342173854117347,0.000146084597776155,0.00031958344098946187,4.057544165091901e-5,-0.0025287473173467804,0.0008815324118124993,0.0005846494699694757,-0.0007047322222506861,-0.0010619332704184727,-0.00031871680569050794,-0.0009035928071295063,0.0008660860628886134,0.0008601548575284559,-0.0007267696974682978,0.0011269698104245226,0.0018622962262113958,-0.0001407890198745696,0.0008800318121051525,0.005115218121914615,-0.00043206905192982886,-0.0012787494125182822,0.0004027301616047126,-0.0010739799351693255,0.0025500400522108814,0.0026173482285743645,-0.0001757616104174487,0.0018004371412044472,0.0031627172003077207,0.0012454697501252418,-0.00013452725420112454,0.003380756722018277,0.002427429117115811,0.002192784108389744,0.0034162888909391297,0.000679419396303542,0.0002738899668804989,0.0010547883369600127,0.0012249103023017891,-0.00043206905192982886,0.01415559944338055,-9.148070545876433e-5,0.00106539252645054,0.00042749179144966254,-0.0013397792188228567,0.004671463946304968,0.000216923716161724,-0.0006154381150325535,-0.0003054794037910844,0.0014915505915557607,-0.000844406922094841,-0.0004040752910777468,-5.848567682652459e-5,0.0010443280124598458,-0.0008061192685041089,-0.0006933367692820559,3.744202425102366e-6,-0.0003370895012176099,0.00014342173854117347,-0.0012787494125182822,-9.148070545876433e-5,0.009437012253909444,0.0007830445968342561,0.0005312926344762773,0.0010203883432968438,0.001377370037975321,5.931873846360167e-5,0.00036986577435606867,0.0003713018122655584,0.0005082489248526478,1.8763719236717364e-5,0.0014768061947607995,0.00016142966975332836,0.002628767350138392,0.0010813991564343618,0.00036356283872759107,0.0022192476427071333,0.0010111313059969014,0.000146084597776155,0.0004027301616047126,0.00106539252645054,0.0007830445968342561,0.004224182469875187
