0.004838394772190824,0.0006391720125784003,0.00031511241929821777,0.0006719800259102678,-0.0004919466050260248,0.0007811856608142874,0.0014013688995315112,0.001794387400507435,0.0014029132100561682,0.0003001396352028906,0.0005453780004776715,0.0019758981669685503,-0.0008139093136615939,0.0009228830279482858,0.0008169591004111511,0.000616004438800715,0.0001988340774045483,0.0003107138559881994,0.000520574652356127,0.00037171097684643624,0.0006391720125784003,0.004634275343704177,0.00037749146410761685,-0.00018102719209179446,0.00012674291425203492,-0.0006588378386397267,0.001620710112288488,-0.0023325593115048463,0.0013082878690494969,0.00020120227885724276,0.0011186631897603487,-0.001836594089096277,0.0005968542570175842,0.0005499789299926932,0.001729938257463101,0.0006474741645133167,8.001600174560442e-5,0.0001345496418095778,-0.00042159582718384776,0.00038123192046354636,0.00031511241929821777,0.00037749146410761685,0.0031787468937526787,0.00020318540046175055,-8.193903716203804e-5,0.0006166276397499991,0.001071609806533614,0.0005639174264221125,0.0008490513580745769,0.0004988912306062706,0.0010054930686469363,0.0015002347011433053,-0.0004946710270786197,0.0008773670107964015,0.00041190183131412203,0.0002691942019471391,0.0006629898706204686,0.0001679939021065744,0.000595099778182917,-0.0008756378368016471,0.0006719800259102678,-0.00018102719209179446,0.00020318540046175055,0.0020976975962048046,-0.0003878786001306646,0.0010161183324409759,0.00115720894251977,0.0002492351340428467,0.00010400493713787185,0.00017069812029248666,-1.7924039109303903e-5,0.0017678699179555194,-0.0008578258512325248,0.0012394966907633578,-0.001299325442436796,-7.627083349500552e-5,0.0002875147702359743,0.00022269379094823507,0.0007725624107591534,0.0002146785970396312,-0.0004919466050260248,0.00012674291425203492,-8.193903716203804e-5,-0.0003878786001306646,0.004016803602222637,-0.0008357553997404552,-0.0007560503919529832,-0.0007396839282217702,-0.0005585218758051215,0.00026163675576394696,-0.0008046413867502647,-0.00011167761776965123,-0.00022087060465105765,-0.00045902099843174535,0.0002474656256919757,-0.00010638987954803908,0.00015914182839201944,0.00047797764226678954,3.217298356704426e-5,-0.001530301556856373,0.0007811856608142874,-0.0006588378386397267,0.0006166276397499991,0.0010161183324409759,-0.0008357553997404552,0.01830265677784724,0.001656117994403424,0.00282982716612678,0.0008275536095977371,0.00192955436440086,0.0006823724912397816,-0.0009066201368883663,-0.0006517207683190941,0.0013323827216714383,0.0010553987687052322,0.002839158770983334,0.0006500496423123446,0.0008332452461734493,0.0018881291696432158,0.0034612312507863938,0.0014013688995315112,0.001620710112288488,0.001071609806533614,0.00115720894251977,-0.0007560503919529832,0.001656117994403424,0.02471813373942006,-0.0009753922953769823,0.0007456345141639079,0.0006082401267571123,0.0011234216417652194,-0.0021633884993711326,0.0016800590784554446,-0.0005477486377693359,0.0027595285000757827,0.0007581186138509402,0.0010801194032098956,-0.0012046996485359153,0.0007727128604946721,0.0018562294701249277,0.001794387400507435,-0.0023325593115048463,0.0005639174264221125,0.0002492351340428467,-0.0007396839282217702,0.00282982716612678,-0.0009753922953769823,0.023066408483069935,-0.0007330101358185553,0.0016132589942191291,0.0014015360558185385,0.00250986975731565,-0.0007298667470501768,-0.0004582073400487249,0.005498885323975473,0.0021206260985504313,6.778547784995092e-6,0.00065586115295783,0.0012200341402728257,0.0028993925620757694,0.0014029132100561682,0.0013082878690494969,0.0008490513580745769,0.00010400493713787185,-0.0005585218758051215,0.0008275536095977371,0.0007456345141639079,-0.0007330101358185553,0.01202916810458256,0.0003561214848021402,0.0023063413963194004,-0.0005292299153715502,0.0016348252715507915,0.0008411305412406961,0.003811961557831081,0.0006405500681029684,-0.0004344151720990466,0.0002753036367734927,-0.0007602589170596011,0.00164213634321377,0.0003001396352028906,0.00020120227885724276,0.0004988912306062706,0.00017069812029248666,0.00026163675576394696,0.00192955436440086,0.0006082401267571123,0.0016132589942191291,0.0003561214848021402,0.003243843579831453,0.0007689554262823653,-0.0001693660400553075,4.8778240846188695e-5,0.0005928193390245562,0.0033231253847771204,0.0015718952895146371,0.0002315967884351041,0.0006651398527638697,0.0013318702420302535,0.002088525194906449,0.0005453780004776715,0.0011186631897603487,0.0010054930686469363,-1.7924039109303903e-5,-0.0008046413867502647,0.0006823724912397816,0.0011234216417652194,0.0014015360558185385,0.0023063413963194004,0.0007689554262823653,0.006185873429543006,-0.002643371383579253,0.00037896823007374785,0.0002239030659345584,0.004597458518744636,0.0013577595200432789,-0.00029414233326703284,0.00022490298621343407,-0.00010431475241353087,0.0018657452961365738,0.0019758981669685503,-0.001836594089096277,0.0015002347011433053,0.0017678699179555194,-0.00011167761776965123,-0.0009066201368883663,-0.0021633884993711326,0.00250986975731565,-0.0005292299153715502,-0.0001693660400553075,-0.002643371383579253,0.022269336943739646,-0.003928361842610421,0.003760128094255173,-0.00602756482766347,-0.0009741175740442596,0.0005345621462483367,0.0018080693608377735,0.0035497205664818785,-0.003543186194454476,-0.0008139093136615939,0.0005968542570175842,-0.0004946710270786197,-0.0008578258512325248,-0.00022087060465105765,-0.0006517207683190941,0.0016800590784554446,-0.0007298667470501768,0.0016348252715507915,4.8778240846188695e-5,0.00037896823007374785,-0.003928361842610421,0.008246421951384678,-0.0014337698826673022,0.005238727382442399,0.0006741164263824428,-0.00022944524365089682,-0.0010312068880719,-0.0016066002497601515,0.004138567874775051,0.0009228830279482858,0.0005499789299926932,0.0008773670107964015,0.0012394966907633578,-0.00045902099843174535,0.0013323827216714383,-0.0005477486377693359,-0.0004582073400487249,0.0008411305412406961,0.0005928193390245562,0.0002239030659345584,0.003760128094255173,-0.0014337698826673022,0.00450923484354568,-0.00237605657111963,0.00016751441348917542,0.0005505505420159978,0.0005968475604706974,0.0015121659510652567,0.001128918597629927,0.0008169591004111511,0.001729938257463101,0.00041190183131412203,-0.001299325442436796,0.0002474656256919757,0.0010553987687052322,0.0027595285000757827,0.005498885323975473,0.003811961557831081,0.0033231253847771204,0.004597458518744636,-0.00602756482766347,0.005238727382442399,-0.00237605657111963,0.03696464423027561,0.0045525379123025084,0.0005124545939488584,0.0016851038517523517,-0.0019976358063160072,0.008900869134538063,0.000616004438800715,0.0006474741645133167,0.0002691942019471391,-7.627083349500552e-5,-0.00010638987954803908,0.002839158770983334,0.0007581186138509402,0.0021206260985504313,0.0006405500681029684,0.0015718952895146371,0.0013577595200432789,-0.0009741175740442596,0.0006741164263824428,0.00016751441348917542,0.0045525379123025084,0.005860354659897626,-8.879104918726446e-5,0.0010739005879407734,0.0009307923008459655,0.002204849442367352,0.0001988340774045483,8.001600174560442e-5,0.0006629898706204686,0.0002875147702359743,0.00015914182839201944,0.0006500496423123446,0.0010801194032098956,6.778547784995092e-6,-0.0004344151720990466,0.0002315967884351041,-0.00029414233326703284,0.0005345621462483367,-0.00022944524365089682,0.0005505505420159978,0.0005124545939488584,-8.879104918726446e-5,0.0018123057930258747,0.000494858735404635,0.0004140007184940547,0.0011925660252881827,0.0003107138559881994,0.0001345496418095778,0.0001679939021065744,0.00022269379094823507,0.00047797764226678954,0.0008332452461734493,-0.0012046996485359153,0.00065586115295783,0.0002753036367734927,0.0006651398527638697,0.00022490298621343407,0.0018080693608377735,-0.0010312068880719,0.0005968475604706974,0.0016851038517523517,0.0010739005879407734,0.000494858735404635,0.0026761935139390397,0.0008350702354001895,0.0012908721624479069,0.000520574652356127,-0.00042159582718384776,0.000595099778182917,0.0007725624107591534,3.217298356704426e-5,0.0018881291696432158,0.0007727128604946721,0.0012200341402728257,-0.0007602589170596011,0.0013318702420302535,-0.00010431475241353087,0.0035497205664818785,-0.0016066002497601515,0.0015121659510652567,-0.0019976358063160072,0.0009307923008459655,0.0004140007184940547,0.0008350702354001895,0.004831590111385976,0.0013527575102480435,0.00037171097684643624,0.00038123192046354636,-0.0008756378368016471,0.0002146785970396312,-0.001530301556856373,0.0034612312507863938,0.0018562294701249277,0.0028993925620757694,0.00164213634321377,0.002088525194906449,0.0018657452961365738,-0.003543186194454476,0.004138567874775051,0.001128918597629927,0.008900869134538063,0.002204849442367352,0.0011925660252881827,0.0012908721624479069,0.0013527575102480435,0.03026759906763694
0.004052357576617304,0.0003485087589641259,0.00017694074597834544,-0.0001200058079339769,0.000469532069798896,0.000650441506948472,0.0007992700883895083,0.002243743732837317,0.0007582928786519399,0.001163124422464783,0.0004632916263658124,-0.0004479575004194924,0.0008657164014348014,0.0010313689430919773,0.0003418948710218313,-0.0008706462137555123,0.0002458768071801997,0.00037122414630327263,0.0006904317480253937,0.0029458519983313223,0.0003485087589641259,0.004782647422557197,-0.00018660391450928604,0.0012586986058904731,0.000319159759896172,-0.0013130263045388452,-1.2370221646443366e-5,0.0032749278201134806,0.001705029795321324,0.0014670575534952153,0.00040555094378759237,0.0013069581734490758,-0.0006837747663285224,-0.0007028234314284489,0.0016444142268570317,-0.0008243373606306814,0.001051303376428567,-0.00010706434499264196,0.0003583463056403111,4.874903729866213e-5,0.00017694074597834544,-0.00018660391450928604,0.0029939130191261056,-1.1746769936277083e-5,0.00024038805001590127,-0.000380089883186941,0.002625233703485717,0.0014524996013627852,-0.0002217009009811802,0.00030134750660311665,0.0001556253618624106,0.0009635331794479978,0.0010032575875502186,0.0006013738397205625,-0.002313566796794466,0.0007646440389830033,-0.0004448177947655986,0.0002375237788530556,0.00046241302572748054,0.003394734899564547,-0.0001200058079339769,0.0012586986058904731,-1.1746769936277083e-5,0.0028433671119779116,0.0010809340947685367,0.002062690633466295,-0.003612754073532588,-0.0002338684321690469,0.00152647743830819,0.0003982067332720296,0.0004721416988380675,0.0009218280089539786,0.0009177506545458801,-0.0003776804593813634,0.001086670496369393,0.001274513944451355,0.0008172901917253449,0.00023634333875961736,0.0005261349217654126,-0.00090876149862153,0.000469532069798896,0.000319159759896172,0.00024038805001590127,0.0010809340947685367,0.006544870747014039,0.0020078536775773453,0.003486927163727529,0.0014763471943685204,0.0036431862987002716,0.0007968366053176161,0.001107849515960508,0.0018130615293875582,0.003147175162679044,0.001518125799149023,0.005188388202918044,0.0004828904759327662,0.0006390239608235258,0.0007065127452331576,0.0008533013553314054,0.0025579517321731816,0.000650441506948472,-0.0013130263045388452,-0.000380089883186941,0.002062690633466295,0.0020078536775773453,0.022167114154802377,-0.0017894376640380486,-0.005374893731974795,0.0021913441927038585,-0.0010135985248818922,0.0005255161380455032,0.005166444183127992,0.00527389481644994,-9.13343032275518e-5,0.005888014399724396,0.0043607825536921,0.0011837111094254082,0.0011763608896828291,0.0007856990960456822,-0.0036343635768269693,0.0007992700883895083,-1.2370221646443366e-5,0.002625233703485717,-0.003612754073532588,0.003486927163727529,-0.0017894376640380486,0.04160085381333721,0.00870483914422844,0.0010853844623947332,0.002525683773974097,0.0021090751332810877,0.010979096724672798,0.004918307298220731,0.004725430420798683,0.009402620160384227,-0.0005742472183841315,-5.3248407903661656e-5,0.0014840435190293356,0.0002447063808679523,0.008739950904545659,0.002243743732837317,0.0032749278201134806,0.0014524996013627852,-0.0002338684321690469,0.0014763471943685204,-0.005374893731974795,0.00870483914422844,0.02892554894131775,-0.00029032677247841634,0.0033536508341019886,0.002037673347207976,0.00014605274279632047,0.000432290918701402,0.00315949464920389,-0.0014841168811512992,-0.00398211748783441,0.0005466125258511893,0.0001323913334895214,0.0010735829908237056,0.009697696161565787,0.0007582928786519399,0.001705029795321324,-0.0002217009009811802,0.00152647743830819,0.0036431862987002716,0.0021913441927038585,0.0010853844623947332,-0.00029032677247841634,0.015728574770613544,0.0004136322802918757,-0.0003310019851975357,0.0029977684720472867,-0.0016029534334610824,-0.0003411330403121181,0.0036032265555244448,0.0013098842110126712,0.0017373203741345698,0.0009597812431863374,0.0001797745845034828,0.0017716926013032878,0.001163124422464783,0.0014670575534952153,0.00030134750660311665,0.0003982067332720296,0.0007968366053176161,-0.0010135985248818922,0.002525683773974097,0.0033536508341019886,0.0004136322802918757,0.0033700867828896186,0.000803818628856883,0.0005422254259910423,0.00155870879604108,0.0006289482661006813,0.002354747327625295,-0.0010642129394037266,0.0005587956722979946,0.00034878686877275357,0.00041489684270247225,0.0017684914970043646,0.0004632916263658124,0.00040555094378759237,0.0001556253618624106,0.0004721416988380675,0.001107849515960508,0.0005255161380455032,0.0021090751332810877,0.002037673347207976,-0.0003310019851975357,0.000803818628856883,0.004595823629213888,0.0020458346318175512,0.0018101637615037624,0.0009374228604514597,0.002463543485060579,-0.0008474253743434096,0.0004492336485780716,1.8718909191358898e-5,0.0009885234335421642,0.003444853903492158,-0.0004479575004194924,0.0013069581734490758,0.0009635331794479978,0.0009218280089539786,0.0018130615293875582,0.005166444183127992,0.010979096724672798,0.00014605274279632047,0.0029977684720472867,0.0005422254259910423,0.0020458346318175512,0.021803334853868237,0.0036824964230932136,-0.0010426010447267134,0.007060848843292618,0.0027393163189840647,0.001158606421072733,0.0013303486741221152,-0.0008376695878366176,-0.0006668633108904585,0.0008657164014348014,-0.0006837747663285224,0.0010032575875502186,0.0009177506545458801,0.003147175162679044,0.00527389481644994,0.004918307298220731,0.000432290918701402,-0.0016029534334610824,0.00155870879604108,0.0018101637615037624,0.0036824964230932136,0.013502490802836692,0.003392041519665259,0.006396143237788304,0.0012554462629713727,9.293790740865805e-5,0.0024992311972743815,0.00029668552828919124,-0.0020964326491740458,0.0010313689430919773,-0.0007028234314284489,0.0006013738397205625,-0.0003776804593813634,0.001518125799149023,-9.13343032275518e-5,0.004725430420798683,0.00315949464920389,-0.0003411330403121181,0.0006289482661006813,0.0009374228604514597,-0.0010426010447267134,0.003392041519665259,0.004670126300008896,0.0013715683132916666,-0.00019197135755591913,-0.00019561108533199727,0.0005430132604184019,0.0007199964151333863,0.001898356307314884,0.0003418948710218313,0.0016444142268570317,-0.002313566796794466,0.001086670496369393,0.005188388202918044,0.005888014399724396,0.009402620160384227,-0.0014841168811512992,0.0036032265555244448,0.002354747327625295,0.002463543485060579,0.007060848843292618,0.006396143237788304,0.0013715683132916666,0.04176887329810177,0.0007211313452774275,0.0022900961701534115,0.001898853952588763,0.0015047405979749448,-0.0038597740473878877,-0.0008706462137555123,-0.0008243373606306814,0.0007646440389830033,0.001274513944451355,0.0004828904759327662,0.0043607825536921,-0.0005742472183841315,-0.00398211748783441,0.0013098842110126712,-0.0010642129394037266,-0.0008474253743434096,0.0027393163189840647,0.0012554462629713727,-0.00019197135755591913,0.0007211313452774275,0.00694795095292083,0.0005606886084485439,0.0006910695613104453,-0.0007431431956862815,-0.0032884512636739936,0.0002458768071801997,0.001051303376428567,-0.0004448177947655986,0.0008172901917253449,0.0006390239608235258,0.0011837111094254082,-5.3248407903661656e-5,0.0005466125258511893,0.0017373203741345698,0.0005587956722979946,0.0004492336485780716,0.001158606421072733,9.293790740865805e-5,-0.00019561108533199727,0.0022900961701534115,0.0005606886084485439,0.0019526031541487725,0.0003008611045941646,-0.0003371007512344484,-0.0009741768481365859,0.00037122414630327263,-0.00010706434499264196,0.0002375237788530556,0.00023634333875961736,0.0007065127452331576,0.0011763608896828291,0.0014840435190293356,0.0001323913334895214,0.0009597812431863374,0.00034878686877275357,1.8718909191358898e-5,0.0013303486741221152,0.0024992311972743815,0.0005430132604184019,0.001898853952588763,0.0006910695613104453,0.0003008611045941646,0.0025515379885926656,-0.00017328041030661762,-0.0014335029715282282,0.0006904317480253937,0.0003583463056403111,0.00046241302572748054,0.0005261349217654126,0.0008533013553314054,0.0007856990960456822,0.0002447063808679523,0.0010735829908237056,0.0001797745845034828,0.00041489684270247225,0.0009885234335421642,-0.0008376695878366176,0.00029668552828919124,0.0007199964151333863,0.0015047405979749448,-0.0007431431956862815,-0.0003371007512344484,-0.00017328041030661762,0.0040763494193792275,0.004626295399481574,0.0029458519983313223,4.874903729866213e-5,0.003394734899564547,-0.00090876149862153,0.0025579517321731816,-0.0036343635768269693,0.008739950904545659,0.009697696161565787,0.0017716926013032878,0.0017684914970043646,0.003444853903492158,-0.0006668633108904585,-0.0020964326491740458,0.001898356307314884,-0.0038597740473878877,-0.0032884512636739936,-0.0009741768481365859,-0.0014335029715282282,0.004626295399481574,0.03868678357061148
