0.01175444406189571,0.0008937111300208187,0.00032756112961133987,-0.0013144397749588687,0.0019089053967541077,0.003483433555112936,0.000916983479626079,0.0016793255368249232,-0.001235277718390214,0.002309981961899951,0.0006004639513658502,-0.002651006506476072,-0.00029297723992258086,-0.0002853944697713336,0.0006887180469162561,5.36906819297746e-6,-0.0009095716220642442,0.002414737709916146,-0.0018094288572907584,-0.0020214545114820865,0.0008937111300208187,0.007695650740130623,-0.0004416016247963601,0.0014601336979696235,0.001293458335534093,-0.0002152263683728738,0.0005750564559882261,0.0014816820298575021,0.0004114291091020088,-0.0021136841247957573,-0.00015464948593960168,-0.0003567075555793145,-0.00018443033413346587,-0.00034960955922190144,-0.00017416283575575673,0.0005352683848292002,-0.0007805777165752113,0.0014066753247407757,0.0015181657164478135,-0.0015327834758635797,0.00032756112961133987,-0.0004416016247963601,0.016139114795742763,-0.0008505372390867469,0.0031970069421951982,0.006865793298266056,0.002033708450836897,-0.0013121368389472769,-0.0012241175028167145,0.0016193263015733266,0.00016364954521602232,-0.0009052063693285207,0.00169976943725171,0.005427980852227218,-0.00020140560557718328,0.00021790639802579198,-6.616780939765402e-5,0.0017004987884908908,0.0005193490697665293,0.0013170743423826675,-0.0013144397749588687,0.0014601336979696235,-0.0008505372390867469,0.006365809418392455,0.0012500381323111353,-0.0019232118156401058,0.0017059780905191418,-0.00020111765914402458,-0.0005710047856274031,-0.000640768478898653,0.0003221533820370447,-0.0003458768347222837,0.0010361717745556122,0.0015932953260856064,-0.0003098698582519082,9.979536132184068e-5,0.0001730909544146405,0.0005684470674342087,0.00043687877349794845,0.0016940058632344533,0.0019089053967541077,0.001293458335534093,0.0031970069421951982,0.0012500381323111353,0.009180883278269117,0.005969704243325109,0.0009555176045311964,0.00111964880725574,-0.000677259778464036,0.00028472850825118185,-4.801979773358893e-5,-0.0019579670065213127,0.0010514618938704742,0.0018693187820782177,0.0008337894605906598,0.0002600775338957725,0.0014859253889264244,0.0014501183364535406,-0.0005069728474175737,-0.0013126969369538191,0.003483433555112936,-0.0002152263683728738,0.006865793298266056,-0.0019232118156401058,0.005969704243325109,0.03938079111727154,0.001122549674915444,0.001992319905114713,0.0015131770620545122,0.0010678209863121948,0.00016404697218267371,0.002966349742732858,0.001854989123716415,0.004174886925931147,-0.0005747240905095553,0.00048016104034235484,0.0011996702588436652,0.005261423608854367,0.0013149680447024099,-0.005832981698672261,0.000916983479626079,0.0005750564559882261,0.002033708450836897,0.0017059780905191418,0.0009555176045311964,0.001122549674915444,0.009447301199078913,-0.0018375614524436359,0.00048534274851398337,0.00047970150970810924,-0.0002377753904545721,-0.00011580135366509334,0.0007209381717972518,0.0006651846811738572,-0.0008784167918762343,-0.00041836748497031104,-0.0006086654465675015,0.0007926877176018782,0.0038974204056056215,-0.00013019260567209066,0.0016793255368249232,0.0014816820298575021,-0.0013121368389472769,-0.00020111765914402458,0.00111964880725574,0.001992319905114713,-0.0018375614524436359,0.0044673311881494645,0.0001981492750108528,-0.0003750516256254084,0.0004159062386106337,-0.0003979969479050843,-0.0006215408968226195,0.0008234001929621676,0.0005895872457815276,0.0005275237250861771,0.0008794279081316817,0.0017085435910072402,-0.0017210382236554009,-0.0006527426663158165,-0.001235277718390214,0.0004114291091020088,-0.0012241175028167145,-0.0005710047856274031,-0.000677259778464036,0.0015131770620545122,0.00048534274851398337,0.0001981492750108528,0.009505298284150343,0.00037862252014635406,-0.001054667776381499,0.0009150809369774702,-0.00035778235436087003,-0.004902392489776286,-0.0006530309737095253,0.0006884782640395045,0.0033030452786229902,-0.002126180921667292,0.004073340576967029,-0.001284721918133266,0.002309981961899951,-0.0021136841247957573,0.0016193263015733266,-0.000640768478898653,0.00028472850825118185,0.0010678209863121948,0.00047970150970810924,-0.0003750516256254084,0.00037862252014635406,0.01900560629988241,0.0005015745150386416,0.0012043231133072655,0.0007251756994083318,0.0010241530763244891,-0.0007625324172277645,0.0003875977643787138,0.0017725608541410709,0.0012138534126975374,-0.003398649028526493,0.004083950524880243,0.0006004639513658502,-0.00015464948593960168,0.00016364954521602232,0.0003221533820370447,-4.801979773358893e-5,0.00016404697218267371,-0.0002377753904545721,0.0004159062386106337,-0.001054667776381499,0.0005015745150386416,0.0018521458792403703,0.00018267315910875807,-0.00017893397735961787,0.002288708662650575,0.00013829485331078346,-0.00021496508160904278,-0.0005857841610419484,0.0016572252596176152,-0.002024706409176509,0.0014133629184285355,-0.002651006506476072,-0.0003567075555793145,-0.0009052063693285207,-0.0003458768347222837,-0.0019579670065213127,0.002966349742732858,-0.00011580135366509334,-0.0003979969479050843,0.0009150809369774702,0.0012043231133072655,0.00018267315910875807,0.013414887229947476,0.0002473930526024037,0.0019672302291524487,-0.0012240413285148407,-3.359170028130969e-5,0.0003062344750454019,0.0009746197212524748,0.004103825419123249,0.003932461729131982,-0.00029297723992258086,-0.00018443033413346587,0.00169976943725171,0.0010361717745556122,0.0010514618938704742,0.001854989123716415,0.0007209381717972518,-0.0006215408968226195,-0.00035778235436087003,0.0007251756994083318,-0.00017893397735961787,0.0002473930526024037,0.0018047770014245669,0.0010698913674332222,-0.0004177286000903043,-8.213635164112918e-6,0.00013617031892133505,0.0002712447403046147,0.0004343425912205363,-0.0006327814813907344,-0.0002853944697713336,-0.00034960955922190144,0.005427980852227218,0.0015932953260856064,0.0018693187820782177,0.004174886925931147,0.0006651846811738572,0.0008234001929621676,-0.004902392489776286,0.0010241530763244891,0.002288708662650575,0.0019672302291524487,0.0010698913674332222,0.02560348609816027,-0.0005162249001307064,-0.0001587717758589748,-0.0021745353898646653,0.005776777629236092,-0.006083229918259036,0.005189075057372192,0.0006887180469162561,-0.00017416283575575673,-0.00020140560557718328,-0.0003098698582519082,0.0008337894605906598,-0.0005747240905095553,-0.0008784167918762343,0.0005895872457815276,-0.0006530309737095253,-0.0007625324172277645,0.00013829485331078346,-0.0012240413285148407,-0.0004177286000903043,-0.0005162249001307064,0.0032100312866790675,0.00021641694418169375,-0.0005390318177441252,0.00043184631512673216,-0.0007173317597872363,1.877959944172675e-5,5.36906819297746e-6,0.0005352683848292002,0.00021790639802579198,9.979536132184068e-5,0.0002600775338957725,0.00048016104034235484,-0.00041836748497031104,0.0005275237250861771,0.0006884782640395045,0.0003875977643787138,-0.00021496508160904278,-3.359170028130969e-5,-8.213635164112918e-6,-0.0001587717758589748,0.00021641694418169375,0.0016382391792469444,2.6341649901382118e-5,-9.112069401748467e-7,-0.00013925713469771988,0.0007055100473581765,-0.0009095716220642442,-0.0007805777165752113,-6.616780939765402e-5,0.0001730909544146405,0.0014859253889264244,0.0011996702588436652,-0.0006086654465675015,0.0008794279081316817,0.0033030452786229902,0.0017725608541410709,-0.0005857841610419484,0.0003062344750454019,0.00013617031892133505,-0.0021745353898646653,-0.0005390318177441252,2.6341649901382118e-5,0.016278575161984745,-0.0005721378794393743,-0.003573233117785638,0.0009519259477451603,0.002414737709916146,0.0014066753247407757,0.0017004987884908908,0.0005684470674342087,0.0014501183364535406,0.005261423608854367,0.0007926877176018782,0.0017085435910072402,-0.002126180921667292,0.0012138534126975374,0.0016572252596176152,0.0009746197212524748,0.0002712447403046147,0.005776777629236092,0.00043184631512673216,-9.112069401748467e-7,-0.0005721378794393743,0.008633087591690817,-0.0028272137866316603,0.0016539351345521386,-0.0018094288572907584,0.0015181657164478135,0.0005193490697665293,0.00043687877349794845,-0.0005069728474175737,0.0013149680447024099,0.0038974204056056215,-0.0017210382236554009,0.004073340576967029,-0.003398649028526493,-0.002024706409176509,0.004103825419123249,0.0004343425912205363,-0.006083229918259036,-0.0007173317597872363,-0.00013925713469771988,-0.003573233117785638,-0.0028272137866316603,0.033445261943035876,-0.003917472903251605,-0.0020214545114820865,-0.0015327834758635797,0.0013170743423826675,0.0016940058632344533,-0.0013126969369538191,-0.005832981698672261,-0.00013019260567209066,-0.0006527426663158165,-0.001284721918133266,0.004083950524880243,0.0014133629184285355,0.003932461729131982,-0.0006327814813907344,0.005189075057372192,1.877959944172675e-5,0.0007055100473581765,0.0009519259477451603,0.0016539351345521386,-0.003917472903251605,0.026759044705805857
0.015921412057783326,0.003135454695505352,0.0002617282384247186,0.0020572491041519333,0.0010681860327551211,0.007689476040088752,0.001345887587701659,-9.422904725700691e-5,0.0018615873072681448,0.004278214016635688,0.0015140521517827557,0.000988227386343801,0.0011934122379025855,0.0035368335017957305,0.0022836722739234833,0.00041162342194212996,0.004178317506622894,0.0020533575081391553,0.006313662936346788,0.0027903743950825986,0.003135454695505352,0.0077604924893440634,-0.0007277681145436667,0.00037652380185081776,0.000945190214075086,0.002779617961168813,0.00040635640982949355,-0.000264167777005112,0.0010535766280450791,0.0018402176820026205,0.0010211921804972116,-0.0005802378346581975,0.0009857266677037132,0.0021762845162052844,0.002194857067339848,-5.902064223257572e-5,0.0022982939172248485,0.000713217953382507,0.0038581913811834893,0.00041711389960532566,0.0002617282384247186,-0.0007277681145436667,0.01958127350551861,0.0025808101517465535,0.0013150826425133847,-0.0007954969997875396,0.0008525760371084899,0.0018249618181558145,0.0021649584171967466,-0.0009982328791879216,0.001331133279389471,0.005856195787376747,-0.0004014106755907086,0.0013689516450547605,-0.0007181078400138656,0.0009856102897973962,0.0023072936935075966,0.002789433758461051,0.008186800282031243,0.0033728285777652415,0.0020572491041519333,0.00037652380185081776,0.0025808101517465535,0.005528209440573345,0.0011054818280046529,0.0038395778483352114,0.0026506321710593472,0.0012293130281279532,0.00018629934554855677,0.002222564218392489,0.0005828624021322899,0.002932101567415607,0.00032514557482993364,0.0012698479044558984,0.0005234287727288267,0.0008762022060750174,0.0021611079382475437,0.001482567693328823,0.002351765802098804,0.002974036599970393,0.0010681860327551211,0.000945190214075086,0.0013150826425133847,0.0011054818280046529,0.0071729573347578445,0.003712048129507404,0.0029208796983393103,0.000972526991692978,0.0018120204177907878,0.00026302984144015276,0.001270349387421236,0.002810025433390543,0.00030478373728675117,0.002657411359559649,0.001800569773565581,0.0005384918680504783,0.0017864560782918798,-0.00010293610087109116,0.0009425917501241223,0.002412744902828906,0.007689476040088752,0.002779617961168813,-0.0007954969997875396,0.0038395778483352114,0.003712048129507404,0.0448117728507417,0.005844720507753305,0.0011613004503856724,0.0019740142397871676,0.004430692138316462,0.0028520624712373983,0.003147210327180276,0.0012266306810679551,0.002927844404975298,0.0038157143546030114,0.001440825459342078,0.0019832961653154756,0.000509140500654324,0.0014160675309435001,0.005431666331263574,0.001345887587701659,0.00040635640982949355,0.0008525760371084899,0.0026506321710593472,0.0029208796983393103,0.005844720507753305,0.009816650856303634,0.003202930721801541,0.000603911421552344,0.0010718984213375555,0.0012500970688719428,0.005318662026930779,0.0008777229598044227,0.004677699853592374,0.0020629927404686296,0.001315532355640174,0.002792409916362994,0.0010274098572784433,-0.003693929370067436,0.0065083499961080425,-9.422904725700691e-5,-0.000264167777005112,0.0018249618181558145,0.0012293130281279532,0.000972526991692978,0.0011613004503856724,0.003202930721801541,0.004341843359852318,0.000983675866257053,-0.000601814392263067,0.0009182421885775415,0.0023836092027609184,0.00028448356125850385,0.0024934636953433185,0.00018264017355294152,0.0005674907200733495,0.0009647537000234648,0.000347814756011743,-0.001801004421297027,0.0038413033725285977,0.0018615873072681448,0.0010535766280450791,0.0021649584171967466,0.00018629934554855677,0.0018120204177907878,0.0019740142397871676,0.000603911421552344,0.000983675866257053,0.008279396236608049,-0.0013550923466534282,0.0015071183155467684,0.0014409151847713693,0.00015851287797145018,0.004012288530016003,0.000695373887202819,0.00011957417647162855,0.002318476719550963,0.00010877875088869968,0.004277421993700832,0.0011560900423393655,0.004278214016635688,0.0018402176820026205,-0.0009982328791879216,0.002222564218392489,0.00026302984144015276,0.004430692138316462,0.0010718984213375555,-0.000601814392263067,-0.0013550923466534282,0.017475559190500776,-0.00032902842942107236,0.0005623822403073647,0.0009817858024663926,0.0008611562419060246,0.0014766294752055044,0.0005445560986667082,0.0025428530068119085,0.0016439716609975362,0.004861164750728857,0.00277531921125342,0.0015140521517827557,0.0010211921804972116,0.001331133279389471,0.0005828624021322899,0.001270349387421236,0.0028520624712373983,0.0012500970688719428,0.0009182421885775415,0.0015071183155467684,-0.00032902842942107236,0.0022153238043934684,0.0015827233775818107,0.0003247225380126989,0.001977062356017899,0.0006891761934616561,0.000366089396339789,0.0011492724059553368,-0.00012926997658408386,0.0013483132498520755,0.0011219641886425057,0.000988227386343801,-0.0005802378346581975,0.005856195787376747,0.002932101567415607,0.002810025433390543,0.003147210327180276,0.005318662026930779,0.0023836092027609184,0.0014409151847713693,0.0005623822403073647,0.0015827233775818107,0.018365665888655302,0.0001263773518292602,0.004525775723303049,0.0017322980069344076,0.0011413274291189627,0.0029727594856502467,0.00245332200853137,0.002943404650822226,0.004757967640742962,0.0011934122379025855,0.0009857266677037132,-0.0004014106755907086,0.00032514557482993364,0.00030478373728675117,0.0012266306810679551,0.0008777229598044227,0.00028448356125850385,0.00015851287797145018,0.0009817858024663926,0.0003247225380126989,0.0001263773518292602,0.0013156327139705127,0.0009385937631014676,0.0007578660421208839,0.00017493689307271305,0.0010171960185142302,0.0006553036538542998,0.0007036912395773899,0.001485068354536458,0.0035368335017957305,0.0021762845162052844,0.0013689516450547605,0.0012698479044558984,0.002657411359559649,0.002927844404975298,0.004677699853592374,0.0024934636953433185,0.004012288530016003,0.0008611562419060246,0.001977062356017899,0.004525775723303049,0.0009385937631014676,0.025142842999305852,0.0033293493482279635,0.0017274293068034472,0.004843684494319474,0.0012195207437497822,0.004410309324825818,0.004173444018405789,0.0022836722739234833,0.002194857067339848,-0.0007181078400138656,0.0005234287727288267,0.001800569773565581,0.0038157143546030114,0.0020629927404686296,0.00018264017355294152,0.000695373887202819,0.0014766294752055044,0.0006891761934616561,0.0017322980069344076,0.0007578660421208839,0.0033293493482279635,0.004886551972762455,0.0002668578174921634,0.0019154288890222216,0.001299829912081077,0.0017070901265896557,0.0007279289209970464,0.00041162342194212996,-5.902064223257572e-5,0.0009856102897973962,0.0008762022060750174,0.0005384918680504783,0.001440825459342078,0.001315532355640174,0.0005674907200733495,0.00011957417647162855,0.0005445560986667082,0.000366089396339789,0.0011413274291189627,0.00017493689307271305,0.0017274293068034472,0.0002668578174921634,0.0015071167094040066,0.0009149105758520669,0.0005482140637090695,0.0002188217805771074,0.0015498077585381093,0.004178317506622894,0.0022982939172248485,0.0023072936935075966,0.0021611079382475437,0.0017864560782918798,0.0019832961653154756,0.002792409916362994,0.0009647537000234648,0.002318476719550963,0.0025428530068119085,0.0011492724059553368,0.0029727594856502467,0.0010171960185142302,0.004843684494319474,0.0019154288890222216,0.0009149105758520669,0.012742272612223014,0.0020358848098498295,0.006091485460180976,0.004073930769364905,0.0020533575081391553,0.000713217953382507,0.002789433758461051,0.001482567693328823,-0.00010293610087109116,0.000509140500654324,0.0010274098572784433,0.000347814756011743,0.00010877875088869968,0.0016439716609975362,-0.00012926997658408386,0.00245332200853137,0.0006553036538542998,0.0012195207437497822,0.001299829912081077,0.0005482140637090695,0.0020358848098498295,0.006988126982614809,0.00434686881355108,0.0020885742641950722,0.006313662936346788,0.0038581913811834893,0.008186800282031243,0.002351765802098804,0.0009425917501241223,0.0014160675309435001,-0.003693929370067436,-0.001801004421297027,0.004277421993700832,0.004861164750728857,0.0013483132498520755,0.002943404650822226,0.0007036912395773899,0.004410309324825818,0.0017070901265896557,0.0002188217805771074,0.006091485460180976,0.00434686881355108,0.04206493709184083,-0.002395173012087159,0.0027903743950825986,0.00041711389960532566,0.0033728285777652415,0.002974036599970393,0.002412744902828906,0.005431666331263574,0.0065083499961080425,0.0038413033725285977,0.0011560900423393655,0.00277531921125342,0.0011219641886425057,0.004757967640742962,0.001485068354536458,0.004173444018405789,0.0007279289209970464,0.0015498077585381093,0.004073930769364905,0.0020885742641950722,-0.002395173012087159,0.02404857367507584
