0.027876095448355263,0.0009962932047941125,0.0030701610017181014,0.002472597945578271,0.0010380035943584826,3.47746035547236e-5,1.359549536155469e-5,0.0005567090418387777,0.0016136488081016523,0.0012002500439560674,0.0021244993896507567,0.0003574659127989265,0.0014774435718615056,0.00015967539457865265,0.0017992923450246045,0.0005297115895374326,-1.942254504527896e-5,0.0009364590645594196,0.001541578878271084,0.005709635202934173,0.0009962932047941125,0.0010664837584324703,-0.00014686100313410948,0.0002887465917985158,0.0005922350439204398,0.0005660206184497397,0.00032561489533548284,2.992352010673942e-5,0.00041404752335514217,0.0001295632097487673,0.0004890045806850729,0.0001664350527271539,0.0004399642454728627,0.0005578229789314227,0.00043122598088657913,7.663761455915506e-5,0.0003824859830617314,0.00018870916135618965,0.0003604791192167624,0.0007265575651221083,0.0030701610017181014,-0.00014686100313410948,0.013577409206169679,0.0007628006291032183,0.002078061077686302,0.002697108936932359,0.0002062998492627801,0.0005973188267251442,0.0005289141676321108,0.0010767817915694625,0.0023334181753947364,0.0006647853971853419,0.00044352129384751137,0.001632836901758286,0.0008422924441400622,0.0005040649990995778,0.0009283604988950776,0.0009942564371394971,0.0005898133547167184,0.002164566485135639,0.002472597945578271,0.0002887465917985158,0.0007628006291032183,0.005096353663175554,0.0009394361319394753,0.00021719397999687187,0.00043173018362387285,0.00014218239359119485,0.0015432403559995926,0.00011924640568857953,0.001503803642952958,6.958447800902263e-5,8.070568921798534e-5,6.568260913477746e-5,0.0004562052370279732,0.00017781923901851696,8.060599879997042e-5,0.0016336799203490221,0.000632063935667,0.0008384067665212023,0.0010380035943584826,0.0005922350439204398,0.002078061077686302,0.0009394361319394753,0.020977588669018343,0.001737043255183588,0.0008297120452496034,0.00013321281799453524,0.0043077177097805164,0.001968702794395619,0.004439249781011725,0.002501916980411033,0.0012033447047747848,0.0001686785312742683,0.002697516484423178,0.0008496796087970509,0.0017509554971199953,0.001337541670139667,0.0003897373448214379,0.0016194191770499537,3.47746035547236e-5,0.0005660206184497397,0.002697108936932359,0.00021719397999687187,0.001737043255183588,0.01566416631026525,0.0014075593277217192,0.0005068369655748811,0.0008953547137009373,0.001445410323999983,0.002086046486274756,0.0004445658332852679,0.0005401072816938712,0.0034726065655043105,0.0015030772550440404,0.0005595890419084437,0.0024726097679896543,0.0020678245434571944,0.0012093286870118803,0.002938470324852309,1.359549536155469e-5,0.00032561489533548284,0.0002062998492627801,0.00043173018362387285,0.0008297120452496034,0.0014075593277217192,0.0025432685435013156,0.0002845441582357041,0.0010554295862486875,0.0003686743199348109,0.0009602019201800142,0.0007702854647888661,8.783273045909418e-5,0.0011275593766855697,0.0008701855116086841,0.0002993956272872205,0.0006345369629516704,0.0009876876328269901,0.0005061423267449066,0.0015466096616632943,0.0005567090418387777,2.992352010673942e-5,0.0005973188267251442,0.00014218239359119485,0.00013321281799453524,0.0005068369655748811,0.0002845441582357041,0.0009621410948715188,-6.775776984096297e-5,0.00016144369218069473,0.0007801294993767721,0.0005367756940281869,0.00013050828738059555,0.0001709364405442334,0.00028826028488893843,8.055034110108941e-5,0.000535554535678977,0.0004063862627826289,2.5854066596780435e-6,0.0012220470814928255,0.0016136488081016523,0.00041404752335514217,0.0005289141676321108,0.0015432403559995926,0.0043077177097805164,0.0008953547137009373,0.0010554295862486875,-6.775776984096297e-5,0.015562076924044571,0.0006138250975445828,0.0018509525046995217,0.0021279794921087534,0.001089793595001992,0.0029074392812591275,0.0012607874501862947,0.000644997821603627,-0.00016464980032700113,0.0010686686774199399,0.0010144574094285567,0.0020714675374877175,0.0012002500439560674,0.0001295632097487673,0.0010767817915694625,0.00011924640568857953,0.001968702794395619,0.001445410323999983,0.0003686743199348109,0.00016144369218069473,0.0006138250975445828,0.0030506402328104023,0.001057496720102896,0.0007359876713219334,0.0003703839558956458,0.0013177413822010003,0.0003351800532916438,0.00021942299279302584,0.0008108748967182423,0.0008573762074964784,0.000361932860982448,0.0011498344683129763,0.0021244993896507567,0.0004890045806850729,0.0023334181753947364,0.001503803642952958,0.004439249781011725,0.002086046486274756,0.0009602019201800142,0.0007801294993767721,0.0018509525046995217,0.001057496720102896,0.025358267528037656,0.0011257326253127393,0.0006511404236411516,0.0001405336876589544,0.001462369201406792,0.0005908098612627027,0.002879395419169927,0.0026661647981908315,3.5521454198241064e-5,0.00440057061275901,0.0003574659127989265,0.0001664350527271539,0.0006647853971853419,6.958447800902263e-5,0.002501916980411033,0.0004445658332852679,0.0007702854647888661,0.0005367756940281869,0.0021279794921087534,0.0007359876713219334,0.0011257326253127393,0.008324710167938093,0.0008111857484471674,0.00026392553415234565,0.0008781017414663355,0.0002734760384181515,0.0002321127811089809,1.749814259182332e-5,-0.0005272476841760381,0.0028252730761824225,0.0014774435718615056,0.0004399642454728627,0.00044352129384751137,8.070568921798534e-5,0.0012033447047747848,0.0005401072816938712,8.783273045909418e-5,0.00013050828738059555,0.001089793595001992,0.0003703839558956458,0.0006511404236411516,0.0008111857484471674,0.002754118469495086,0.0008969600083234823,0.0006884705189096569,0.00021995343737227723,0.000827050924915544,0.0004198153166540096,0.00033467255533043593,0.001154192397040722,0.00015967539457865265,0.0005578229789314227,0.001632836901758286,6.568260913477746e-5,0.0001686785312742683,0.0034726065655043105,0.0011275593766855697,0.0001709364405442334,0.0029074392812591275,0.0013177413822010003,0.0001405336876589544,0.00026392553415234565,0.0008969600083234823,0.018467052886585594,5.018293349762434e-5,0.00077711466796984,0.00071888190574372,0.0012302050492566411,0.0017657227433200166,0.0011541883637503692,0.0017992923450246045,0.00043122598088657913,0.0008422924441400622,0.0004562052370279732,0.002697516484423178,0.0015030772550440404,0.0008701855116086841,0.00028826028488893843,0.0012607874501862947,0.0003351800532916438,0.001462369201406792,0.0008781017414663355,0.0006884705189096569,5.018293349762434e-5,0.014147722647550149,0.0006209128805610604,0.0010115474374237136,0.0016820748556954962,0.0014766287061461765,0.002934500416793648,0.0005297115895374326,7.663761455915506e-5,0.0005040649990995778,0.00017781923901851696,0.0008496796087970509,0.0005595890419084437,0.0002993956272872205,8.055034110108941e-5,0.000644997821603627,0.00021942299279302584,0.0005908098612627027,0.0002734760384181515,0.00021995343737227723,0.00077711466796984,0.0006209128805610604,0.0011740491618305612,0.0005175713683933887,0.0003130015953389985,0.0001844994698166929,0.000526567955715756,-1.942254504527896e-5,0.0003824859830617314,0.0009283604988950776,8.060599879997042e-5,0.0017509554971199953,0.0024726097679896543,0.0006345369629516704,0.000535554535678977,-0.00016464980032700113,0.0008108748967182423,0.002879395419169927,0.0002321127811089809,0.000827050924915544,0.00071888190574372,0.0010115474374237136,0.0005175713683933887,0.009821164792135344,0.000585331425874294,-0.000703105900474437,0.0033282820584682703,0.0009364590645594196,0.00018870916135618965,0.0009942564371394971,0.0016336799203490221,0.001337541670139667,0.0020678245434571944,0.0009876876328269901,0.0004063862627826289,0.0010686686774199399,0.0008573762074964784,0.0026661647981908315,1.749814259182332e-5,0.0004198153166540096,0.0012302050492566411,0.0016820748556954962,0.0003130015953389985,0.000585331425874294,0.013590124991576632,0.0006094044349140594,0.0013413493232480194,0.001541578878271084,0.0003604791192167624,0.0005898133547167184,0.000632063935667,0.0003897373448214379,0.0012093286870118803,0.0005061423267449066,2.5854066596780435e-6,0.0010144574094285567,0.000361932860982448,3.5521454198241064e-5,-0.0005272476841760381,0.00033467255533043593,0.0017657227433200166,0.0014766287061461765,0.0001844994698166929,-0.000703105900474437,0.0006094044349140594,0.004661905840597253,0.0011651010408749807,0.005709635202934173,0.0007265575651221083,0.002164566485135639,0.0008384067665212023,0.0016194191770499537,0.002938470324852309,0.0015466096616632943,0.0012220470814928255,0.0020714675374877175,0.0011498344683129763,0.00440057061275901,0.0028252730761824225,0.001154192397040722,0.0011541883637503692,0.002934500416793648,0.000526567955715756,0.0033282820584682703,0.0013413493232480194,0.0011651010408749807,0.03084430176057573
