0.02146564349464404,0.005451428853987258,0.0005060647054657577,0.0003883907164944967,0.00226008707362996,0.0007337916111821337,0.0014476966218868405,0.0007770378030287827,0.007481104745524618,0.0015023420679941765,0.00365715246216646,0.0016387153913647134,0.0012466992861043804,0.0021690203808348574,-0.00016054204505001616,0.000679680606324563,-1.7676753919999057e-5,0.004380256385425515,0.0030320671008246293,-0.0005335890821448643,0.005451428853987258,0.015553767111866096,0.0009294542250729478,0.0009447768686860504,0.0035963292170026347,0.0012295278079646843,0.0012065403409389087,-0.0003391906660317692,0.0011208503830606208,0.005488532428521559,0.000256418549143481,-0.00010374323051084343,0.0008646284516976319,-0.00055105149089273,0.00010776447493402743,0.001440662074616432,0.00023382582451957404,-6.42214725935499e-5,-0.0012256738263591983,-0.00044971847248784095,0.0005060647054657577,0.0009294542250729478,0.0019387315339254028,0.0011069348829374208,0.0005383695431044825,0.0006784908789673548,0.0004241788178471203,0.00042992790439346624,0.0003819362694647504,0.0005090737146481415,0.00041815500827355255,-0.0004925519629554766,-0.00016620067546450494,0.0005123349554758852,6.312191305880415e-5,0.0008106176238482426,-2.8049793816664107e-7,0.00024216981885784585,-0.000663425003736894,0.0002780326852445236,0.0003883907164944967,0.0009447768686860504,0.0011069348829374208,0.01645104770192716,4.2081645907285616e-5,4.478406601621756e-5,-0.0010035099800000293,0.0007110775586215581,0.001877434718419353,-0.000561007243174503,-0.0003485132830347194,-0.0004929999305153113,0.0001652818821300941,0.0005405169758255796,0.0008976473030896884,0.0008762975019871312,0.0006825418794940307,-0.0011970262150715434,8.688115412455526e-5,0.0003952770392632925,0.00226008707362996,0.0035963292170026347,0.0005383695431044825,4.2081645907285616e-5,0.02126585902553047,0.0015475367762246566,0.0025242543197140943,0.00046045578014528943,0.0011340357954257565,0.003554380172159011,0.00022423840429152195,0.0009020935391012504,0.0028563619117395753,-0.0015032063864028043,-0.0008807571956043964,0.0012532815031621692,-0.0001608109539181398,0.00023488423106195823,2.5337107394909048e-5,0.0013217682385757617,0.0007337916111821337,0.0012295278079646843,0.0006784908789673548,4.478406601621756e-5,0.0015475367762246566,0.004663525194682352,0.0011312129075393184,0.001193160682298734,0.002768464432024543,0.001920712506066341,0.000729733421744256,0.0005218158145460363,0.002791804093980467,0.0008964549557178448,-0.0003875083324109423,0.0008610593804157425,0.0010694670143745707,0.0004462185083905293,0.002951222696888568,0.00043315980979043595,0.0014476966218868405,0.0012065403409389087,0.0004241788178471203,-0.0010035099800000293,0.0025242543197140943,0.0011312129075393184,0.006828888979267007,0.0006969212889057607,0.0036891313473786528,0.0032775412619830578,0.0004561223177418682,0.0009836696476408625,0.001372545680448281,-0.0013457692612205577,0.00031634918243638593,0.0001786540664341644,0.0006691711067828463,0.0017774124928966292,0.001052527367076388,0.0013719312310076996,0.0007770378030287827,-0.0003391906660317692,0.00042992790439346624,0.0007110775586215581,0.00046045578014528943,0.001193160682298734,0.0006969212889057607,0.0031122480259442777,0.0011461184674448621,-0.00024238829952604927,0.0005345617384280092,0.0007629404049664262,0.0014556863505548736,6.221648799730969e-5,-0.00030528047004100666,0.0006697531096866505,0.0006355711335710868,0.001528839786857208,0.0021732435231957524,0.0003574568962069134,0.007481104745524618,0.0011208503830606208,0.0003819362694647504,0.001877434718419353,0.0011340357954257565,0.002768464432024543,0.0036891313473786528,0.0011461184674448621,0.049589450234294896,0.012001462668947182,0.0002587966697820774,0.004386038380584351,0.00070623081289879,0.008013115130330841,-0.0029936193912801857,0.00140296731204992,0.0008205748592347109,0.013108861448319617,0.003537942796616782,-0.0005502249009135576,0.0015023420679941765,0.005488532428521559,0.0005090737146481415,-0.000561007243174503,0.003554380172159011,0.001920712506066341,0.0032775412619830578,-0.00024238829952604927,0.012001462668947182,0.022605554499363405,0.0008219798088192445,0.0009034245563705105,0.0018166350953221088,0.003193092073803044,-0.0009324054432619407,0.0009901163526528586,0.00073367768151777,0.004787467211892716,0.0018759479666683016,0.001162175726390852,0.00365715246216646,0.000256418549143481,0.00041815500827355255,-0.0003485132830347194,0.00022423840429152195,0.000729733421744256,0.0004561223177418682,0.0005345617384280092,0.0002587966697820774,0.0008219798088192445,0.007819464338627739,-0.0002220799518670782,0.0009575565868906533,0.0009213340135234439,0.0005646296151736356,-6.344072238528568e-5,0.000595718260725954,0.0017221356108253556,0.0032525449452504903,-3.851269736757803e-5,0.0016387153913647134,-0.00010374323051084343,-0.0004925519629554766,-0.0004929999305153113,0.0009020935391012504,0.0005218158145460363,0.0009836696476408625,0.0007629404049664262,0.004386038380584351,0.0009034245563705105,-0.0002220799518670782,0.004328508280626484,0.0015386693293244695,0.0006544782619333433,-0.0007094863162833032,5.608634975861541e-6,0.0005409004110074574,0.0019517686283640665,0.002497123835754496,0.0002976314796364002,0.0012466992861043804,0.0008646284516976319,-0.00016620067546450494,0.0001652818821300941,0.0028563619117395753,0.002791804093980467,0.001372545680448281,0.0014556863505548736,0.00070623081289879,0.0018166350953221088,0.0009575565868906533,0.0015386693293244695,0.01276473377741131,0.000943908766607403,-0.0009780225127819548,0.0016046925382637444,0.001883139242116967,0.0007596232933664502,0.006175765887954886,0.0009956136411454859,0.0021690203808348574,-0.00055105149089273,0.0005123349554758852,0.0005405169758255796,-0.0015032063864028043,0.0008964549557178448,-0.0013457692612205577,6.221648799730969e-5,0.008013115130330841,0.003193092073803044,0.0009213340135234439,0.0006544782619333433,0.000943908766607403,0.018515320777658058,-0.0007943299658874358,0.0011426652045228,0.0009152472267261308,0.0022214731944242023,0.0039013907317936875,-0.001016319960389321,-0.00016054204505001616,0.00010776447493402743,6.312191305880415e-5,0.0008976473030896884,-0.0008807571956043964,-0.0003875083324109423,0.00031634918243638593,-0.00030528047004100666,-0.0029936193912801857,-0.0009324054432619407,0.0005646296151736356,-0.0007094863162833032,-0.0009780225127819548,-0.0007943299658874358,0.00410838731632154,0.00012175247664620025,0.00037935703089209404,-0.0019106108928857455,0.0006500209505599446,0.00026809749654687644,0.000679680606324563,0.001440662074616432,0.0008106176238482426,0.0008762975019871312,0.0012532815031621692,0.0008610593804157425,0.0001786540664341644,0.0006697531096866505,0.00140296731204992,0.0009901163526528586,-6.344072238528568e-5,5.608634975861541e-6,0.0016046925382637444,0.0011426652045228,0.00012175247664620025,0.014003935125388335,0.002138139790157663,0.0013963319656574704,0.000847858032264935,0.0004259086095852757,-1.7676753919999057e-5,0.00023382582451957404,-2.8049793816664107e-7,0.0006825418794940307,-0.0001608109539181398,0.0010694670143745707,0.0006691711067828463,0.0006355711335710868,0.0008205748592347109,0.00073367768151777,0.000595718260725954,0.0005409004110074574,0.001883139242116967,0.0009152472267261308,0.00037935703089209404,0.002138139790157663,0.0046382602601544795,0.0004517910643447958,0.003983205341786994,0.00041623324237839005,0.004380256385425515,-6.42214725935499e-5,0.00024216981885784585,-0.0011970262150715434,0.00023488423106195823,0.0004462185083905293,0.0017774124928966292,0.001528839786857208,0.013108861448319617,0.004787467211892716,0.0017221356108253556,0.0019517686283640665,0.0007596232933664502,0.0022214731944242023,-0.0019106108928857455,0.0013963319656574704,0.0004517910643447958,0.01625615301133075,0.000977010269446226,0.00018104775789763152,0.0030320671008246293,-0.0012256738263591983,-0.000663425003736894,8.688115412455526e-5,2.5337107394909048e-5,0.002951222696888568,0.001052527367076388,0.0021732435231957524,0.003537942796616782,0.0018759479666683016,0.0032525449452504903,0.002497123835754496,0.006175765887954886,0.0039013907317936875,0.0006500209505599446,0.000847858032264935,0.003983205341786994,0.000977010269446226,0.034259252752702564,0.0002659353012739506,-0.0005335890821448643,-0.00044971847248784095,0.0002780326852445236,0.0003952770392632925,0.0013217682385757617,0.00043315980979043595,0.0013719312310076996,0.0003574568962069134,-0.0005502249009135576,0.001162175726390852,-3.851269736757803e-5,0.0002976314796364002,0.0009956136411454859,-0.001016319960389321,0.00026809749654687644,0.0004259086095852757,0.00041623324237839005,0.00018104775789763152,0.0002659353012739506,0.0029969476955355474
0.019932317414843664,0.0004031831994623531,-0.00039714628521888065,0.005167542943007515,-0.0008851266966762798,-0.001313707053015758,0.000732123825325851,0.0014380862035525785,0.003513903674580976,0.005702834425095209,-0.0005464838480573266,-0.0027950235437421917,0.0024504087720751567,-0.006306972293615508,0.0008378546046148852,-0.003150334236995016,0.003110799189575089,-0.0020311680656236626,0.006970012331878412,4.425122047375371e-5,0.0004031831994623531,0.013975542284191334,0.0010641743930559606,-0.0011489031877895263,0.0009868496468518268,0.0008427372094109245,-0.0010369566763949924,0.0022099294620102038,0.005722434352245644,-0.001084523215894158,0.0002069710486850148,0.00027881205644310694,0.0007545979295154196,0.0036516648523145217,-0.0015473307817851967,-0.003708338941569411,0.0018840206462071775,-6.663494393550623e-5,0.00436532872930544,0.000887913732723705,-0.00039714628521888065,0.0010641743930559606,0.003093896646258419,0.0026024402891077084,0.0006647308334095923,0.0003382536045316211,0.00097553723011967,-5.3643509748002965e-5,-0.0012305422293972074,0.0015278693031490192,0.001280886049968869,0.0018837212391345426,-0.0010494065841253012,0.0023393978874937695,0.0004466528031027948,-0.001059784376275894,0.00014476996411947221,0.0007500451928583211,0.004579931531974514,0.0003235649434416845,0.005167542943007515,-0.0011489031877895263,0.0026024402891077084,0.023978256959661333,0.006474343573037693,0.0006663527598834967,0.004726842089809664,0.0007317350293743368,0.003267249118484525,0.0035517141659371443,0.001758992278679073,0.0012877823938895246,-0.0016174896869069247,0.0019690571825606504,-0.00018685245252018663,-0.0007786948972186041,0.001476077398683727,0.00290966769749919,0.011675513428128104,0.0017243977989442054,-0.0008851266966762798,0.0009868496468518268,0.0006647308334095923,0.006474343573037693,0.029946535890500454,0.003305282696130199,-0.0010188380573832186,0.004197382751360934,0.011278877875102181,-0.0026396620194849476,-0.004473506362207155,0.000712691364549164,0.0012313423607059398,0.005777351473455444,0.0005598177006608304,-0.006277928338741072,0.0007421588874150159,0.007419486171494552,0.009145056707837211,0.006067758386712891,-0.001313707053015758,0.0008427372094109245,0.0003382536045316211,0.0006663527598834967,0.003305282696130199,0.003839787610720604,0.0001520124786704322,0.00037374257904180077,0.001864894074108306,-0.0008763046758260018,0.0004582105553142233,0.00036886434841674684,2.8399985915884506e-5,0.002006651771508889,0.0007994576627238252,-0.001130576040490883,-0.00013049800669146557,0.0017950213346429648,0.0015128387008462494,0.0012166270432498198,0.000732123825325851,-0.0010369566763949924,0.00097553723011967,0.004726842089809664,-0.0010188380573832186,0.0001520124786704322,0.009784635917870961,-0.0028201589462158016,-0.003087334775733924,0.0029355635502079118,0.001455758197739459,0.0016252581774738983,-0.0017057819590735957,-0.0002815379486261146,0.002168043697359803,0.004486158333120497,-4.310614513243025e-5,0.0020457650246446385,0.0014165487991080858,-0.0005566389724054009,0.0014380862035525785,0.0022099294620102038,-5.3643509748002965e-5,0.0007317350293743368,0.004197382751360934,0.00037374257904180077,-0.0028201589462158016,0.005987266560014527,0.008322252489927351,0.0002778588292716006,-0.0014019323699920598,-0.001856065910079007,0.0019636206738406366,0.0012970930114115662,-0.0013699808472649282,-0.005500394598946575,0.0023133686237822087,-5.409658488197031e-5,0.004027046940585754,0.00259555173052645,0.003513903674580976,0.005722434352245644,-0.0012305422293972074,0.003267249118484525,0.011278877875102181,0.001864894074108306,-0.003087334775733924,0.008322252489927351,0.05110767157156912,-0.003159575020771628,-0.005237389146527025,-0.007477577377183159,0.007278608193740819,-0.0010872718344197422,-0.0015888917013856607,-0.007244367029225185,0.00782483251729386,0.002637836653072244,0.005811878406967149,0.0036021843777688713,0.005702834425095209,-0.001084523215894158,0.0015278693031490192,0.0035517141659371443,-0.0026396620194849476,-0.0008763046758260018,0.0029355635502079118,0.0002778588292716006,-0.003159575020771628,0.02191810645758641,0.004180814623666277,-0.0005563658403024696,0.001461789603070201,-0.007252935089582761,0.0027283654848638795,9.654185916966346e-5,0.001845581365417011,-0.002082716039531413,0.003616710454113703,-0.00025698416420422284,-0.0005464838480573266,0.0002069710486850148,0.001280886049968869,0.001758992278679073,-0.004473506362207155,0.0004582105553142233,0.001455758197739459,-0.0014019323699920598,-0.005237389146527025,0.004180814623666277,0.012211781217252131,0.0019125296664667807,0.00022312533161423267,-0.00035378502142816807,0.0015492862518981334,0.003514021582151949,-0.001055558580473941,-0.00327146519943874,0.0020012562038062387,-0.0004991575974916223,-0.0027950235437421917,0.00027881205644310694,0.0018837212391345426,0.0012877823938895246,0.000712691364549164,0.00036886434841674684,0.0016252581774738983,-0.001856065910079007,-0.007477577377183159,-0.0005563658403024696,0.0019125296664667807,0.00631391548393523,-0.0030599168785749352,0.004230236902472457,0.0003124023274964098,0.001957909541767366,-0.0017630856080974673,-0.00021569678689388835,0.002427490007333237,-0.0005726014830513581,0.0024504087720751567,0.0007545979295154196,-0.0010494065841253012,-0.0016174896869069247,0.0012313423607059398,2.8399985915884506e-5,-0.0017057819590735957,0.0019636206738406366,0.007278608193740819,0.001461789603070201,0.00022312533161423267,-0.0030599168785749352,0.011113136243041223,-0.0024256511033132313,0.0005317434208046174,-0.0001512126910559102,0.001237104212428832,-1.5970236543971572e-5,-0.004290976947039165,0.0008585226559157996,-0.006306972293615508,0.0036516648523145217,0.0023393978874937695,0.0019690571825606504,0.005777351473455444,0.002006651771508889,-0.0002815379486261146,0.0012970930114115662,-0.0010872718344197422,-0.007252935089582761,-0.00035378502142816807,0.004230236902472457,-0.0024256511033132313,0.023122937849987344,-0.0025398015422054203,-0.0032846883612495407,-0.0015053282562118861,0.0023501847589002126,0.004962296011399415,0.003241832850697915,0.0008378546046148852,-0.0015473307817851967,0.0004466528031027948,-0.00018685245252018663,0.0005598177006608304,0.0007994576627238252,0.002168043697359803,-0.0013699808472649282,-0.0015888917013856607,0.0027283654848638795,0.0015492862518981334,0.0003124023274964098,0.0005317434208046174,-0.0025398015422054203,0.005081097329423081,0.0005927178320112445,-0.0004359465506062988,0.001960452277494584,0.00015952479359138783,-7.51464946360801e-5,-0.003150334236995016,-0.003708338941569411,-0.001059784376275894,-0.0007786948972186041,-0.006277928338741072,-0.001130576040490883,0.004486158333120497,-0.005500394598946575,-0.007244367029225185,9.654185916966346e-5,0.003514021582151949,0.001957909541767366,-0.0001512126910559102,-0.0032846883612495407,0.0005927178320112445,0.020987224876770714,-0.001978868214145584,-0.0019665932646047574,-0.01019368073167563,-0.003812896351338264,0.003110799189575089,0.0018840206462071775,0.00014476996411947221,0.001476077398683727,0.0007421588874150159,-0.00013049800669146557,-4.310614513243025e-5,0.0023133686237822087,0.00782483251729386,0.001845581365417011,-0.001055558580473941,-0.0017630856080974673,0.001237104212428832,-0.0015053282562118861,-0.0004359465506062988,-0.001978868214145584,0.005778335882408694,0.00017139628174190027,0.0019529273563035914,0.0012238684134527164,-0.0020311680656236626,-6.663494393550623e-5,0.0007500451928583211,0.00290966769749919,0.007419486171494552,0.0017950213346429648,0.0020457650246446385,-5.409658488197031e-5,0.002637836653072244,-0.002082716039531413,-0.00327146519943874,-0.00021569678689388835,-1.5970236543971572e-5,0.0023501847589002126,0.001960452277494584,-0.0019665932646047574,0.00017139628174190027,0.01350301523276195,0.0018974125878251438,0.0026790064969670767,0.006970012331878412,0.00436532872930544,0.004579931531974514,0.011675513428128104,0.009145056707837211,0.0015128387008462494,0.0014165487991080858,0.004027046940585754,0.005811878406967149,0.003616710454113703,0.0020012562038062387,0.002427490007333237,-0.004290976947039165,0.004962296011399415,0.00015952479359138783,-0.01019368073167563,0.0019529273563035914,0.0018974125878251438,0.04898892403167738,0.004319349004211177,4.425122047375371e-5,0.000887913732723705,0.0003235649434416845,0.0017243977989442054,0.006067758386712891,0.0012166270432498198,-0.0005566389724054009,0.00259555173052645,0.0036021843777688713,-0.00025698416420422284,-0.0004991575974916223,-0.0005726014830513581,0.0008585226559157996,0.003241832850697915,-7.51464946360801e-5,-0.003812896351338264,0.0012238684134527164,0.0026790064969670767,0.004319349004211177,0.005355718797762437
