0.007786793461342261,5.5281852562939275e-5,-0.0003634388985628846,0.0006321745912569452,4.469190692791033e-5,0.003578616836744598,0.0016489213318503742,1.563082542617253e-5,0.00031950762076321206,0.0027114251080812913,0.007974960896972905,0.0039061866738429574,-0.0003490577607647321,0.0037012582969543546,0.0009761014297650747,0.0021190005420005133,0.0014090328591536692,0.0010593120555279683,0.0036281938297497082,-0.0014219127859972395,5.5281852562939275e-5,0.005269148142632456,0.008252853296859958,0.0004997104243466171,0.0005527684512484689,-0.0004181541275413329,0.00039137260105595476,0.0019067557768914704,0.0003887759623180608,2.4676351475281128e-6,0.0016425291083988587,-0.0009376290203275107,0.0019942936356543333,0.003998256537777241,-0.00021889989358987022,0.002669604039969321,0.0030450153061052894,0.0039765834851507005,0.002216973157159066,0.0028687931321374326,-0.0003634388985628846,0.008252853296859958,0.037861266005007506,0.0006183825333947875,0.0016826184698251951,-0.003487901395434372,0.0012402811468787554,0.005584671981126378,0.0014316689431788424,-0.00384280640244413,0.0018453034389924916,-0.0048438336596434775,0.004376861462422723,0.007603038000009344,0.0007939335066108001,0.006206166336629321,0.009114903310744485,0.011550415019907622,0.002419910707582601,0.005731088969814097,0.0006321745912569452,0.0004997104243466171,0.0006183825333947875,0.0021537957593169947,0.0006974569672800507,0.000693004213403028,0.0003441571387010004,-3.243801685845038e-5,0.0006107410054111795,0.002497528131827533,0.001467718832873043,0.0017526892235068274,0.0005441615495907742,-9.213198851604855e-6,0.0009924816123660645,0.0014881968947412169,0.0005219138685519618,0.0014231627290717801,0.0006762281540867178,0.0002928749857997377,4.469190692791033e-5,0.0005527684512484689,0.0016826184698251951,0.0006974569672800507,0.0037120834557286806,0.0023992725815738126,0.0004514479054001429,0.0006385345707077908,0.0006213338816110049,0.0025998896002155146,0.0019315866842673135,0.0007802018808980744,0.0018396077003977073,0.0019058779842679855,0.001196764936092408,0.0004390132730041897,0.00041549401997363053,0.001998003623439802,0.0002079842220056421,0.0010469458284850213,0.003578616836744598,-0.0004181541275413329,-0.003487901395434372,0.000693004213403028,0.0023992725815738126,0.015316313907476963,0.002477490574723556,6.198778178998861e-5,0.0016203498956849957,0.00797609525557226,0.004826330195534941,0.004367766304216839,0.0023336609485747947,0.001986690769926875,0.002607750430399087,0.0013049252033970754,-0.0004391050701716543,0.004373257066444354,0.001009420567220446,0.002532858769710521,0.0016489213318503742,0.00039137260105595476,0.0012402811468787554,0.0003441571387010004,0.0004514479054001429,0.002477490574723556,0.0035778774676579117,0.0003465159501561117,0.0007804476124727388,0.0022511338395838736,0.004991103655422231,0.0023927317318424924,0.0007054308092274081,0.0013993696633272682,0.0007831731131414959,0.0014337858747869281,0.0007830805117265275,0.0024367391323312716,0.0013090336971720593,-0.0003388109425607994,1.563082542617253e-5,0.0019067557768914704,0.005584671981126378,-3.243801685845038e-5,0.0006385345707077908,6.198778178998861e-5,0.0003465159501561117,0.0025082612684594356,0.00020481165356165624,0.0002451800541660653,0.002236197133412573,-0.0008144880491498172,0.0015661848524189464,0.0021575360773630316,0.0001831682123368535,0.001944266047031335,0.002422081107713208,0.002253388836765534,0.0011446768222200063,0.001459108712298865,0.00031950762076321206,0.0003887759623180608,0.0014316689431788424,0.0006107410054111795,0.0006213338816110049,0.0016203498956849957,0.0007804476124727388,0.00020481165356165624,0.008999049279570199,0.00011308062867230705,0.001981379132423507,0.0014829484268504482,0.0015407748098704682,0.001952816113828577,0.001190474911521161,0.0013258713734030849,0.00024073108872350803,-0.0007834893930309876,-0.0005365163402305014,0.0004752356949226078,0.0027114251080812913,2.4676351475281128e-6,-0.00384280640244413,0.002497528131827533,0.0025998896002155146,0.00797609525557226,0.0022511338395838736,0.0002451800541660653,0.00011308062867230705,0.020722409591798076,0.007217360980610137,0.0038292926686771312,0.0037783413375762015,-0.0017643020906475118,0.003464802575390987,0.004318529079259933,-0.0007275345482328959,0.004819986356670414,0.0025682007060489316,0.0014696379257209673,0.007974960896972905,0.0016425291083988587,0.0018453034389924916,0.001467718832873043,0.0019315866842673135,0.004826330195534941,0.004991103655422231,0.002236197133412573,0.001981379132423507,0.007217360980610137,0.04140803123632388,0.004134230822899704,0.0028044649305171646,0.006345790474847165,0.002276648023151321,0.0034259884626009745,0.0038918124755604596,0.006206014389124643,0.006109762656597347,-0.004655397627944452,0.0039061866738429574,-0.0009376290203275107,-0.0048438336596434775,0.0017526892235068274,0.0007802018808980744,0.004367766304216839,0.0023927317318424924,-0.0008144880491498172,0.0014829484268504482,0.0038292926686771312,0.004134230822899704,0.011242593032801639,-0.0006095898412359752,0.0017559757191283316,0.002031013175312997,0.002733995832357168,-0.0003895435644100481,0.0004893713222999788,0.002550691949959535,-0.0012277292728529706,-0.0003490577607647321,0.0019942936356543333,0.004376861462422723,0.0005441615495907742,0.0018396077003977073,0.0023336609485747947,0.0007054308092274081,0.0015661848524189464,0.0015407748098704682,0.0037783413375762015,0.0028044649305171646,-0.0006095898412359752,0.005645188012904718,0.002791038853747014,0.0007333553820396122,0.0013334920770859274,0.001534152291805209,0.003731251253676773,0.0005295939050603216,0.0032085523578360264,0.0037012582969543546,0.003998256537777241,0.007603038000009344,-9.213198851604855e-6,0.0019058779842679855,0.001986690769926875,0.0013993696633272682,0.0021575360773630316,0.001952816113828577,-0.0017643020906475118,0.006345790474847165,0.0017559757191283316,0.002791038853747014,0.02099365478828022,-0.00012466924113834244,0.006648411052738841,0.003357751496243842,0.003919309346000554,0.005976787484930417,0.0026018181533347326,0.0009761014297650747,-0.00021889989358987022,0.0007939335066108001,0.0009924816123660645,0.001196764936092408,0.002607750430399087,0.0007831731131414959,0.0001831682123368535,0.001190474911521161,0.003464802575390987,0.002276648023151321,0.002031013175312997,0.0007333553820396122,-0.00012466924113834244,0.0029757512915280786,0.001001545270043949,0.00047142547664328315,0.0015644703505589613,0.0002469383086922312,0.0001557268132053709,0.0021190005420005133,0.002669604039969321,0.006206166336629321,0.0014881968947412169,0.0004390132730041897,0.0013049252033970754,0.0014337858747869281,0.001944266047031335,0.0013258713734030849,0.004318529079259933,0.0034259884626009745,0.002733995832357168,0.0013334920770859274,0.006648411052738841,0.001001545270043949,0.012361075738746665,0.002787197684478517,0.0034508484007268517,0.0034280217932591995,0.001964420010240108,0.0014090328591536692,0.0030450153061052894,0.009114903310744485,0.0005219138685519618,0.00041549401997363053,-0.0004391050701716543,0.0007830805117265275,0.002422081107713208,0.00024073108872350803,-0.0007275345482328959,0.0038918124755604596,-0.0003895435644100481,0.001534152291805209,0.003357751496243842,0.00047142547664328315,0.002787197684478517,0.006197352922023796,0.00444521065805264,0.0030175435540894125,0.0015804950908784024,0.0010593120555279683,0.0039765834851507005,0.011550415019907622,0.0014231627290717801,0.001998003623439802,0.004373257066444354,0.0024367391323312716,0.002253388836765534,-0.0007834893930309876,0.004819986356670414,0.006206014389124643,0.0004893713222999788,0.003731251253676773,0.003919309346000554,0.0015644703505589613,0.0034508484007268517,0.00444521065805264,0.018118566052678677,0.0028846962294944998,0.003507759264664361,0.0036281938297497082,0.002216973157159066,0.002419910707582601,0.0006762281540867178,0.0002079842220056421,0.001009420567220446,0.0013090336971720593,0.0011446768222200063,-0.0005365163402305014,0.0025682007060489316,0.006109762656597347,0.002550691949959535,0.0005295939050603216,0.005976787484930417,0.0002469383086922312,0.0034280217932591995,0.0030175435540894125,0.0028846962294944998,0.008672981868200383,0.00019927914044872368,-0.0014219127859972395,0.0028687931321374326,0.005731088969814097,0.0002928749857997377,0.0010469458284850213,0.002532858769710521,-0.0003388109425607994,0.001459108712298865,0.0004752356949226078,0.0014696379257209673,-0.004655397627944452,-0.0012277292728529706,0.0032085523578360264,0.0026018181533347326,0.0001557268132053709,0.001964420010240108,0.0015804950908784024,0.003507759264664361,0.00019927914044872368,0.007438847623086768
0.0045469160885686175,0.0006353880651411277,0.001471132175513631,3.4043235923028725e-5,0.0003823862556814513,0.0007568015056961308,0.0003619427611016142,0.0005317736342192153,0.00030999538528635293,-0.0010081032459955744,-0.0006008772926419266,4.198608703976359e-5,0.00039626305845855164,0.0001637236704835545,0.00045194346848363763,0.0009215490586619859,-0.00011074804816185155,0.00039547520100677986,-6.123108309693836e-5,0.0003879024442074283,0.0006353880651411277,0.0036450534785857133,-0.00014257334135163257,-0.0002644182681414343,0.0001981120762281693,0.0006509332534961886,0.00039848399209168814,0.00023487917393001824,0.0007626025133722467,0.0002417638782495452,0.0009039622542073914,0.0004695186806360789,7.18871494671641e-5,-0.0002805447874155434,0.0003560560224677268,0.00036389838329377235,-0.00030610433702053384,0.0003155447173209001,0.00013013048348283927,0.00027442200070795883,0.001471132175513631,-0.00014257334135163257,0.022178804099196876,0.00015513984187192595,-0.0002302268593593327,0.004097978465628619,-0.0007576223428639977,-0.001142979420258553,-0.0002820782819931634,0.004092187192447794,-0.00015639209215708355,0.0013788536325807003,9.258555064359719e-5,0.0006389429046717339,8.903558427346964e-5,0.00042749827533809,-0.00033696431556229996,0.00045513572952888664,0.0018630476476999627,0.0007271081230667477,3.4043235923028725e-5,-0.0002644182681414343,0.00015513984187192595,0.0019932881270454186,1.5074448745350637e-5,0.0004429527493174622,0.00011333578592839623,4.9572142904112215e-5,-0.0005492972507948567,0.0007710944618434577,4.697988505901895e-6,-0.00020654458860948601,7.213470646419439e-5,0.0013158308403961542,0.00016656369685781418,-0.00018769014164693953,0.00036152431512087905,0.00025173602848662616,0.0007654670118621091,1.9805213935357857e-5,0.0003823862556814513,0.0001981120762281693,-0.0002302268593593327,1.5074448745350637e-5,0.00255550379807602,-0.0001931680383965081,0.00034155654102438753,0.0001856090926072394,0.0005030528925279954,0.00011084229478747378,0.00023614361497468697,3.0892050216483575e-5,0.0001987300047757898,0.0002795293320899475,2.840023492519961e-5,0.0006261407697072756,0.00023825776375511885,0.00048045753996544833,0.00043227810925118977,0.00029892899843577905,0.0007568015056961308,0.0006509332534961886,0.004097978465628619,0.0004429527493174622,-0.0001931680383965081,0.010719686330849897,0.00046360554714774407,0.0002457051615162619,0.00045404997800352066,0.0032378424064696334,0.0018725654672269577,-0.0004297214357545598,0.00015133447872047937,0.001065608557397056,-2.221219953703777e-5,0.0013070970354200268,-0.00017574655816817987,4.5104156813464605e-5,-8.027117704699399e-5,-5.9452643830584494e-5,0.0003619427611016142,0.00039848399209168814,-0.0007576223428639977,0.00011333578592839623,0.00034155654102438753,0.00046360554714774407,0.0024167493497941777,0.0002983659199426037,0.0006474134165949158,0.0002416297367882216,0.0006764363959914556,-0.00014840364730156093,0.0002969111846163304,0.0003732926254429186,0.000145684914116194,0.0006665851670437727,0.0001275023097721586,-0.00033536524205408035,0.00033648096423475,0.00017841727158147145,0.0005317736342192153,0.00023487917393001824,-0.001142979420258553,4.9572142904112215e-5,0.0001856090926072394,0.0002457051615162619,0.0002983659199426037,0.0017075922373988662,0.00044817074440874245,0.00036163751257160977,0.0001754802001635745,0.00034485801532590675,-0.00011819947745296816,0.00034071076724945964,0.0001654764866153466,0.00025126939768485454,-0.00026445393387260674,0.00022832805592497824,-0.0005219798167135602,0.00021699986468833214,0.00030999538528635293,0.0007626025133722467,-0.0002820782819931634,-0.0005492972507948567,0.0005030528925279954,0.00045404997800352066,0.0006474134165949158,0.00044817074440874245,0.008260018525765966,0.00019229190667398966,0.002903543762450521,0.00036193957023905783,0.00037917161530228415,-0.0010219972644591206,4.568209105528556e-5,0.0001281068324152673,-0.0007028170583308316,0.0011573254888297517,0.00017654228070399923,0.0007099552165627014,-0.0010081032459955744,0.0002417638782495452,0.004092187192447794,0.0007710944618434577,0.00011084229478747378,0.0032378424064696334,0.0002416297367882216,0.00036163751257160977,0.00019229190667398966,0.013736830389895847,0.002121175056564526,0.00017281863674168082,2.7147761954878366e-5,0.002236780889225835,5.2739363187488016e-5,0.0009222136655835198,0.0001985943992482611,-0.0010475362796674484,-0.000796155380323854,-5.761886629763385e-5,-0.0006008772926419266,0.0009039622542073914,-0.00015639209215708355,4.697988505901895e-6,0.00023614361497468697,0.0018725654672269577,0.0006764363959914556,0.0001754802001635745,0.002903543762450521,0.002121175056564526,0.02073552496617108,0.0007887756389582507,0.0004885734006672049,0.00117380026187861,0.0004550746254669276,0.001175665212984272,-0.0006261011528943214,0.0027539700866977424,0.0013513043202284948,0.0009453944133856479,4.198608703976359e-5,0.0004695186806360789,0.0013788536325807003,-0.00020654458860948601,3.0892050216483575e-5,-0.0004297214357545598,-0.00014840364730156093,0.00034485801532590675,0.00036193957023905783,0.00017281863674168082,0.0007887756389582507,0.007955973334709425,-0.0003310822330547504,9.5316214619552e-5,0.00015713604412168164,0.0006803968025473315,0.00040822144604763997,0.0005564308698565704,0.0005679211256357141,0.0009487610131684065,0.00039626305845855164,7.18871494671641e-5,9.258555064359719e-5,7.213470646419439e-5,0.0001987300047757898,0.00015133447872047937,0.0002969111846163304,-0.00011819947745296816,0.00037917161530228415,2.7147761954878366e-5,0.0004885734006672049,-0.0003310822330547504,0.0027967739363176226,0.00012977100166181938,0.00011064656240047357,0.0005573500852860499,0.00033507973086810584,-0.00016688063198314296,0.0003290274454763052,-0.00020049469446800652,0.0001637236704835545,-0.0002805447874155434,0.0006389429046717339,0.0013158308403961542,0.0002795293320899475,0.001065608557397056,0.0003732926254429186,0.00034071076724945964,-0.0010219972644591206,0.002236780889225835,0.00117380026187861,9.5316214619552e-5,0.00012977100166181938,0.010148457663804183,0.0003519416756646704,0.0005746903773558605,0.0014473010455003437,0.0007165467153617172,0.0004608318507716351,0.0003609559280424216,0.00045194346848363763,0.0003560560224677268,8.903558427346964e-5,0.00016656369685781418,2.840023492519961e-5,-2.221219953703777e-5,0.000145684914116194,0.0001654764866153466,4.568209105528556e-5,5.2739363187488016e-5,0.0004550746254669276,0.00015713604412168164,0.00011064656240047357,0.0003519416756646704,0.0024920433932385517,0.0003251649628008624,-0.00021949780803649026,0.0002063439898075731,0.00043988141938798667,0.0004537739895495791,0.0009215490586619859,0.00036389838329377235,0.00042749827533809,-0.00018769014164693953,0.0006261407697072756,0.0013070970354200268,0.0006665851670437727,0.00025126939768485454,0.0001281068324152673,0.0009222136655835198,0.001175665212984272,0.0006803968025473315,0.0005573500852860499,0.0005746903773558605,0.0003251649628008624,0.007448718656283371,0.0006787293402105589,-0.00039760284907995873,0.00036470220727737826,0.0006393456858341346,-0.00011074804816185155,-0.00030610433702053384,-0.00033696431556229996,0.00036152431512087905,0.00023825776375511885,-0.00017574655816817987,0.0001275023097721586,-0.00026445393387260674,-0.0007028170583308316,0.0001985943992482611,-0.0006261011528943214,0.00040822144604763997,0.00033507973086810584,0.0014473010455003437,-0.00021949780803649026,0.0006787293402105589,0.003383326490567134,0.00014195958004897298,0.00035552630156136973,-7.801309806592848e-5,0.00039547520100677986,0.0003155447173209001,0.00045513572952888664,0.00025173602848662616,0.00048045753996544833,4.5104156813464605e-5,-0.00033536524205408035,0.00022832805592497824,0.0011573254888297517,-0.0010475362796674484,0.0027539700866977424,0.0005564308698565704,-0.00016688063198314296,0.0007165467153617172,0.0002063439898075731,-0.00039760284907995873,0.00014195958004897298,0.010060302798542904,-8.59695284598477e-5,0.0009210379004431517,-6.123108309693836e-5,0.00013013048348283927,0.0018630476476999627,0.0007654670118621091,0.00043227810925118977,-8.027117704699399e-5,0.00033648096423475,-0.0005219798167135602,0.00017654228070399923,-0.000796155380323854,0.0013513043202284948,0.0005679211256357141,0.0003290274454763052,0.0004608318507716351,0.00043988141938798667,0.00036470220727737826,0.00035552630156136973,-8.59695284598477e-5,0.006788737718531289,0.0006833147400642343,0.0003879024442074283,0.00027442200070795883,0.0007271081230667477,1.9805213935357857e-5,0.00029892899843577905,-5.9452643830584494e-5,0.00017841727158147145,0.00021699986468833214,0.0007099552165627014,-5.761886629763385e-5,0.0009453944133856479,0.0009487610131684065,-0.00020049469446800652,0.0003609559280424216,0.0004537739895495791,0.0006393456858341346,-7.801309806592848e-5,0.0009210379004431517,0.0006833147400642343,0.003779443054836242
