0.0203702774279858,0.004546353070817922,-0.003380511106576346,-0.0013697774790069673,0.002217551014153581,0.009734687482628925,-0.0005099065861516091,-0.00014775291586233976,0.001056392415877211,-0.0004411387093850481,-0.0013967276465182104,0.0025392226335156365,-0.00041286871016578,-0.006474560185604289,0.0020242318504174505,-0.0003130613787108471,0.007708657954155384,0.004054911493779097,-4.615256884754181e-5,0.0040913197584212585,0.004546353070817922,0.009843899006381532,0.00021239050604368245,-0.0020875707626286763,0.004881824829208814,0.005968311863034861,0.00260817335653306,-0.0003474474769407321,0.0029347300711927505,0.0022318846583573877,0.0016847457902309658,0.005192103563918681,-9.793635072630476e-5,0.004476038279687487,0.002888556349271895,0.0009727191209459916,0.002820889755591102,0.0035753714902732516,0.009701797969254414,0.0007438613713434846,-0.003380511106576346,0.00021239050604368245,0.0531604831091703,0.009722155076257212,0.008103433706103128,0.01906195809788521,0.006049294850635684,-0.0005618978418499187,0.018884474044824844,0.009795183682952537,0.006846767064328813,-0.000568640678943552,-0.0005319568675219489,0.029488616117987986,0.00754797171156032,0.0004941192897234038,0.008246004225431085,0.021675768383312047,0.04039992507901437,-0.012890224937018666,-0.0013697774790069673,-0.0020875707626286763,0.009722155076257212,0.008756587295057863,-0.0023174833457896343,0.0056777846008829016,0.0006916202974549268,-0.0004373408468527433,0.0031783685893865855,0.0030888775612252757,0.0011941084386032125,-0.00222922565165851,0.0016986011705921685,0.008780923477075778,0.001076020731426785,0.000668818980000249,-7.041947127899343e-5,0.006076720807633807,0.007685609744026401,-0.000775046049534426,0.002217551014153581,0.004881824829208814,0.008103433706103128,-0.0023174833457896343,0.016689609626175616,0.01060197841008605,0.005004687056824437,0.002067192949374317,0.006035107963225493,-0.0004508623774137125,0.002541189114127245,0.00770121120846111,-0.0017682573694432365,0.004747718612303694,0.00344215854405737,0.002565477270523142,0.004901519312503071,0.002331245485512196,0.016650084195865077,0.005387694162559861,0.009734687482628925,0.005968311863034861,0.01906195809788521,0.0056777846008829016,0.01060197841008605,0.06717833599610726,0.011136621660421524,0.0011713608884609552,0.010705769039541457,0.009516653033871166,0.008021855316623633,0.008971942443310002,0.0021836663881789485,0.013734047393458963,0.008958247454778363,0.004206605489982407,0.008043673802614431,0.013918132592414098,0.037083595179159906,0.007847868366051008,-0.0005099065861516091,0.00260817335653306,0.006049294850635684,0.0006916202974549268,0.005004687056824437,0.011136621660421524,0.012161095227344761,0.002918086803840356,0.0037656469190930127,0.007152264126565061,0.0029594270957578515,0.0060844806166365775,0.001052830523614023,0.009067340014622716,0.002094921777116855,0.003385443834253817,0.001274614968691459,0.0016947003969510562,0.014956969033815026,0.0023494874611155914,-0.00014775291586233976,-0.0003474474769407321,-0.0005618978418499187,-0.0004373408468527433,0.002067192949374317,0.0011713608884609552,0.002918086803840356,0.007174577635904527,0.0004087034934484318,0.0005724483693785688,0.0002667015037134007,0.0005736605746038182,0.0011702695994851187,0.0011222093538481013,-0.0009925497517982392,0.0025908207330575094,0.0013077665890330141,-0.000838015130594305,-0.0012549578850702457,-0.0005747566017017349,0.001056392415877211,0.0029347300711927505,0.018884474044824844,0.0031783685893865855,0.006035107963225493,0.010705769039541457,0.0037656469190930127,0.0004087034934484318,0.016251591061655062,0.0017054180541040968,0.0033204893733845796,0.0009905385306752529,-9.02720745095904e-6,0.01638133684205461,0.004160210447279647,0.001022727114873287,0.0067537800895925565,0.011636501491459388,0.020436565306157284,-0.004256688779793913,-0.0004411387093850481,0.0022318846583573877,0.009795183682952537,0.0030888775612252757,-0.0004508623774137125,0.009516653033871166,0.007152264126565061,0.0005724483693785688,0.0017054180541040968,0.024933696888932967,0.0028745319841199627,0.0046597008929544215,0.0014076172434229163,0.014985705854150641,0.004041043753826768,0.0025887775127863962,-0.00043531285663253507,0.007702342461859715,0.01632476243940903,-0.008739925191632504,-0.0013967276465182104,0.0016847457902309658,0.006846767064328813,0.0011941084386032125,0.002541189114127245,0.008021855316623633,0.0029594270957578515,0.0002667015037134007,0.0033204893733845796,0.0028745319841199627,0.0037656319483264263,0.0020274447570047785,0.0005833287372810119,0.007274169999333491,0.002431589955334739,0.001369373853387007,0.0011391818063178519,0.003241657320093543,0.011205281414057428,0.0007831831369720961,0.0025392226335156365,0.005192103563918681,-0.000568640678943552,-0.00222922565165851,0.00770121120846111,0.008971942443310002,0.0060844806166365775,0.0005736605746038182,0.0009905385306752529,0.0046597008929544215,0.0020274447570047785,0.021890858417824906,-0.001133893671638059,0.006889675906700939,0.004621666732551915,0.0028478632656303146,-0.0006324087446387895,0.004132119470886087,0.013875700244161975,0.001600576619560026,-0.00041286871016578,-9.793635072630476e-5,-0.0005319568675219489,0.0016986011705921685,-0.0017682573694432365,0.0021836663881789485,0.001052830523614023,0.0011702695994851187,-9.02720745095904e-6,0.0014076172434229163,0.0005833287372810119,-0.001133893671638059,0.0025551970777818555,0.0016663231385159656,-7.169330587237632e-5,0.0008461316046594967,0.00020951571454547977,0.0006622388732170683,0.0003844207010162436,0.0018211303605703928,-0.006474560185604289,0.004476038279687487,0.029488616117987986,0.008780923477075778,0.004747718612303694,0.013734047393458963,0.009067340014622716,0.0011222093538481013,0.01638133684205461,0.014985705854150641,0.007274169999333491,0.006889675906700939,0.0016663231385159656,0.0566638880385746,0.008024992303585492,0.003332208763943964,-0.0011821471249954408,0.02381693486693086,0.03994572500414422,-0.014736871089062006,0.0020242318504174505,0.002888556349271895,0.00754797171156032,0.001076020731426785,0.00344215854405737,0.008958247454778363,0.002094921777116855,-0.0009925497517982392,0.004160210447279647,0.004041043753826768,0.002431589955334739,0.004621666732551915,-7.169330587237632e-5,0.008024992303585492,0.006813293368246372,0.000627256893291841,0.002695424808292955,0.006001549348731921,0.011833703026896522,-0.0037280975677425592,-0.0003130613787108471,0.0009727191209459916,0.0004941192897234038,0.000668818980000249,0.002565477270523142,0.004206605489982407,0.003385443834253817,0.0025908207330575094,0.001022727114873287,0.0025887775127863962,0.001369373853387007,0.0028478632656303146,0.0008461316046594967,0.003332208763943964,0.000627256893291841,0.003049214316184609,9.809199472147708e-5,0.0006001264579712465,0.004897438981387312,0.0018316864062108335,0.007708657954155384,0.002820889755591102,0.008246004225431085,-7.041947127899343e-5,0.004901519312503071,0.008043673802614431,0.001274614968691459,0.0013077665890330141,0.0067537800895925565,-0.00043531285663253507,0.0011391818063178519,-0.0006324087446387895,0.00020951571454547977,-0.0011821471249954408,0.002695424808292955,9.809199472147708e-5,0.018329037416251786,0.0049136170064398845,0.006176119078981374,0.006067108636279655,0.004054911493779097,0.0035753714902732516,0.021675768383312047,0.006076720807633807,0.002331245485512196,0.013918132592414098,0.0016947003969510562,-0.000838015130594305,0.011636501491459388,0.007702342461859715,0.003241657320093543,0.004132119470886087,0.0006622388732170683,0.02381693486693086,0.006001549348731921,0.0006001264579712465,0.0049136170064398845,0.025844069061547695,0.029569928516644986,-0.013594156070199818,-4.615256884754181e-5,0.009701797969254414,0.04039992507901437,0.007685609744026401,0.016650084195865077,0.037083595179159906,0.014956969033815026,-0.0012549578850702457,0.020436565306157284,0.01632476243940903,0.011205281414057428,0.013875700244161975,0.0003844207010162436,0.03994572500414422,0.011833703026896522,0.004897438981387312,0.006176119078981374,0.029569928516644986,0.08884992031980402,-0.011083031328901913,0.0040913197584212585,0.0007438613713434846,-0.012890224937018666,-0.000775046049534426,0.005387694162559861,0.007847868366051008,0.0023494874611155914,-0.0005747566017017349,-0.004256688779793913,-0.008739925191632504,0.0007831831369720961,0.001600576619560026,0.0018211303605703928,-0.014736871089062006,-0.0037280975677425592,0.0018316864062108335,0.006067108636279655,-0.013594156070199818,-0.011083031328901913,0.050014636842316725
0.02325044735843236,0.0028403371417216727,-0.00342085463933239,0.0053866582776192305,-0.0004773717829571147,0.007861891425723083,0.003923029215178486,0.002415299346876571,0.0017446186075583462,0.008938421512281886,0.006015095667093279,0.0105688654908812,0.002207240481953185,0.007892587822605424,0.0019463915914762196,-0.0014165735461192258,0.006291997478849089,-0.002466517554481488,0.01130007510418873,-0.0042852372905966656,0.0028403371417216727,0.00911601350126784,0.0007350433630324795,0.001408636828927127,-0.0011209870171737441,0.0033189393259519108,0.0006238629788760395,0.001739078630956337,0.0006992967490034921,-0.0035032317649828604,0.0018097463602426136,0.0010523283112622535,0.0005456767537642814,0.004133501525172747,0.001020649608065869,-0.0012676449768645776,0.0022638594905629436,-0.0010253362212149177,0.0016165619752057676,-0.00482646364033193,-0.00342085463933239,0.0007350433630324795,0.02262408230786093,-0.004721547294202978,0.005540471100849814,0.00032273683318461387,0.0015549457636154632,-0.0013487786222381767,0.0020406547751404634,-0.004071791954395176,-0.0026703083154203814,-0.004999340244519045,-0.0004902220675282664,-0.002277202552356341,-0.002569296074005661,0.002664370804076307,-0.005594725697903599,0.003306759812157112,-0.00447847576321354,0.007114243885615393,0.0053866582776192305,0.001408636828927127,-0.004721547294202978,0.012147479086802325,-0.0027689312931716533,0.00035660811133972304,0.0030594353569715627,0.0012069293819088759,0.0019088257280633718,0.0068836875947466195,0.0036533891953671968,0.007584718858585676,0.0022375986743236815,0.008123119306285842,0.0012830466484894491,-0.0018412656038466757,0.011643396558517358,-0.003198216555419412,0.005534302622793636,-0.003990614656054206,-0.0004773717829571147,-0.0011209870171737441,0.005540471100849814,-0.0027689312931716533,0.011595339039973795,0.0007314608377909303,0.0023463805032792606,-0.0027371420142323255,-0.0004846841615475225,-0.004171266395677187,-0.002140336002668171,-0.0042762771628118935,-0.00043024163633419274,-0.0041275984431656376,-0.0013401960006283568,0.0026167064718794894,-0.003016672593653169,0.0043131474662181,0.00011026570503673447,0.003693034299852869,0.007861891425723083,0.0033189393259519108,0.00032273683318461387,0.00035660811133972304,0.0007314608377909303,0.04401473932072718,0.00291430297656244,0.0011293414472573061,0.005801137638441101,-9.28027565094843e-5,0.0029587394813466545,0.005169746917402846,0.0022718403311792644,0.004626388733904061,0.0031024897972240398,-0.003441982563520513,0.0037007612145343463,-0.004335918950348725,0.004974293027654866,-0.008758547998097343,0.003923029215178486,0.0006238629788760395,0.0015549457636154632,0.0030594353569715627,0.0023463805032792606,0.00291430297656244,0.011393806688162695,-0.0016731486464542523,0.0018959059890434641,-0.002215399979289514,0.00014296855548099903,0.002878002630504511,0.0019987125497353325,0.00034521667841940135,-0.0001576570656376101,0.0010552049562893495,0.003057227229908945,0.0038518470046987373,0.006334764229875377,-0.002242890729927456,0.002415299346876571,0.001739078630956337,-0.0013487786222381767,0.0012069293819088759,-0.0027371420142323255,0.0011293414472573061,-0.0016731486464542523,0.005334486271600298,0.0008750475957288845,0.003336194812814667,0.0014620550892990689,0.0016168139888536588,-0.0009798397200707098,0.002393162074593979,0.0018393349864473892,-0.0015495884970971921,-0.001398576064706048,-0.001827445957379055,0.0017782130765210517,-0.0008779311521286484,0.0017446186075583462,0.0006992967490034921,0.0020406547751404634,0.0019088257280633718,-0.0004846841615475225,0.005801137638441101,0.0018959059890434641,0.0008750475957288845,0.009958269136224393,0.0037261721126174655,3.779547375960728e-5,-0.001010908037112154,0.00033691622687990905,-0.00031901408379712967,0.0012323976555939859,-0.0013524620675151246,0.002767108118935108,-0.0016128772086217028,0.005017482601416068,0.0005401259043770412,0.008938421512281886,-0.0035032317649828604,-0.004071791954395176,0.0068836875947466195,-0.004171266395677187,-9.28027565094843e-5,-0.002215399979289514,0.003336194812814667,0.0037261721126174655,0.0331381903938979,0.003925329753833244,0.008978992246395544,0.00010769029502194374,0.0012944989898671243,0.0009717463127203533,-0.0042388170976776504,0.0003626849894917757,-0.00712365820207335,0.0073493729420274784,0.0002139002438392004,0.006015095667093279,0.0018097463602426136,-0.0026703083154203814,0.0036533891953671968,-0.002140336002668171,0.0029587394813466545,0.00014296855548099903,0.0014620550892990689,3.779547375960728e-5,0.003925329753833244,0.004312356061457362,0.006174313691705289,0.0013136092891678657,0.0058540702883902295,0.0008736545378617768,-0.0015743197904221598,0.004959058676347935,-0.0033498463529609865,0.0032993411089476603,-0.00411248542909437,0.0105688654908812,0.0010523283112622535,-0.004999340244519045,0.007584718858585676,-0.0042762771628118935,0.005169746917402846,0.002878002630504511,0.0016168139888536588,-0.001010908037112154,0.008978992246395544,0.006174313691705289,0.023835682830043094,0.0037584971447387995,0.010270442375313955,0.0009185480889177345,-0.0005500549524552498,0.010757164587276097,-0.0030678423843985675,0.01166425234520713,-0.003223887292596564,0.002207240481953185,0.0005456767537642814,-0.0004902220675282664,0.0022375986743236815,-0.00043024163633419274,0.0022718403311792644,0.0019987125497353325,-0.0009798397200707098,0.00033691622687990905,0.00010769029502194374,0.0013136092891678657,0.0037584971447387995,0.0027366333307307757,0.003737030834623775,1.560228027575782e-5,0.00033566506526773454,0.00488436775332762,-0.00036280090616742835,0.002070601360768753,0.0006093942566984355,0.007892587822605424,0.004133501525172747,-0.002277202552356341,0.008123119306285842,-0.0041275984431656376,0.004626388733904061,0.00034521667841940135,0.002393162074593979,-0.00031901408379712967,0.0012944989898671243,0.0058540702883902295,0.010270442375313955,0.003737030834623775,0.03196167992327691,0.002766647573140697,-0.00016880609175218622,0.018095967850023584,-0.002091762933215251,-0.0008437338761509532,-0.001601378356656357,0.0019463915914762196,0.001020649608065869,-0.002569296074005661,0.0012830466484894491,-0.0013401960006283568,0.0031024897972240398,-0.0001576570656376101,0.0018393349864473892,0.0012323976555939859,0.0009717463127203533,0.0008736545378617768,0.0009185480889177345,1.560228027575782e-5,0.002766647573140697,0.005086269871475913,-0.0019924976185248357,0.0001427537767400369,-0.002178518443551672,0.001821490726255527,0.0005216576467062948,-0.0014165735461192258,-0.0012676449768645776,0.002664370804076307,-0.0018412656038466757,0.0026167064718794894,-0.003441982563520513,0.0010552049562893495,-0.0015495884970971921,-0.0013524620675151246,-0.0042388170976776504,-0.0015743197904221598,-0.0005500549524552498,0.00033566506526773454,-0.00016880609175218622,-0.0019924976185248357,0.0052433008881728185,0.00033720006838543367,0.004996916506853553,-0.0009448161520777777,0.005699431655389246,0.006291997478849089,0.0022638594905629436,-0.005594725697903599,0.011643396558517358,-0.003016672593653169,0.0037007612145343463,0.003057227229908945,-0.001398576064706048,0.002767108118935108,0.0003626849894917757,0.004959058676347935,0.010757164587276097,0.00488436775332762,0.018095967850023584,0.0001427537767400369,0.00033720006838543367,0.034133255834522265,-0.0037111390973025623,0.002632929616693018,-0.004541020037110828,-0.002466517554481488,-0.0010253362212149177,0.003306759812157112,-0.003198216555419412,0.0043131474662181,-0.004335918950348725,0.0038518470046987373,-0.001827445957379055,-0.0016128772086217028,-0.00712365820207335,-0.0033498463529609865,-0.0030678423843985675,-0.00036280090616742835,-0.002091762933215251,-0.002178518443551672,0.004996916506853553,-0.0037111390973025623,0.013177832636065702,-0.00046519699968184275,0.0037559184101344503,0.01130007510418873,0.0016165619752057676,-0.00447847576321354,0.005534302622793636,0.00011026570503673447,0.004974293027654866,0.006334764229875377,0.0017782130765210517,0.005017482601416068,0.0073493729420274784,0.0032993411089476603,0.01166425234520713,0.002070601360768753,-0.0008437338761509532,0.001821490726255527,-0.0009448161520777777,0.002632929616693018,-0.00046519699968184275,0.043529532951753755,0.001391145058252525,-0.0042852372905966656,-0.00482646364033193,0.007114243885615393,-0.003990614656054206,0.003693034299852869,-0.008758547998097343,-0.002242890729927456,-0.0008779311521286484,0.0005401259043770412,0.0002139002438392004,-0.00411248542909437,-0.003223887292596564,0.0006093942566984355,-0.001601378356656357,0.0005216576467062948,0.005699431655389246,-0.004541020037110828,0.0037559184101344503,0.001391145058252525,0.03993373206963506
0.027658192014787124,-0.004914763442088712,0.009247660490457298,0.0003984297392547816,-0.004998334719444554,-0.0012540855055391442,0.0023523984893425104,-0.002471027414799638,-0.007791126649284139,-0.0030067718493429125,-0.003296922484327753,0.004926992227307139,-0.0006674997824186098,0.005758072552988729,-0.002054358452518516,-0.0016258457146728755,-0.0026536793686106554,0.0005968838982365805,0.004584615674047591,0.007609269662857212,-0.004914763442088712,0.011152050098566504,-0.004675628568153306,-0.0035177837609176106,0.0005103275232613217,-0.0035040533155870916,0.0006037488503794876,0.0012268708194827583,0.000737232187994951,-0.0023549509617202865,0.0008589295066894255,0.0009931602400101067,-1.333221018925279e-5,-0.0008646142340214671,0.0023626648856106417,0.002026502109554503,0.003908543683944898,0.0021009953485858256,-0.005157488483520772,0.0038846408034362376,0.009247660490457298,-0.004675628568153306,0.028079126935159564,0.004910906335967427,0.0038038199423265123,0.0072410260154322885,0.002156204182646203,0.0014611197915827998,-0.005057289861698606,0.006508424107643447,0.0005827640246963558,0.003654528606122532,0.0010269804398421304,-0.0003133446263114119,0.0018852549598123588,-0.0004764375609682619,0.00020058345902579638,0.0018520233169625165,0.008686480896242965,0.011014269049328982,0.0003984297392547816,-0.0035177837609176106,0.004910906335967427,0.00897475266097026,0.003484574375885882,0.008956910582797632,0.00010264939189616093,0.001497510227721953,0.0001736763241026976,0.004379394575337042,0.00020996158869235633,-0.0008924669136234238,0.00041854184601700713,0.000574938260916293,0.000296354848850945,0.0006988901244662867,-0.0011883697616986268,-0.00023646229644140094,0.0027919673803910236,0.0029198956511524527,-0.004998334719444554,0.0005103275232613217,0.0038038199423265123,0.003484574375885882,0.014630272615360094,0.010072111242060214,0.0027663791215067537,0.004284862912076621,-0.0011908939774782155,0.007728955444612906,0.0013015619131062331,-0.003224115779336733,0.0032490371655037476,0.0004399859905190098,0.005049159268761908,0.0005778773878063627,0.00760156534689547,0.003796869538006395,-0.0020206884785651568,0.003995704590420809,-0.0012540855055391442,-0.0035040533155870916,0.0072410260154322885,0.008956910582797632,0.010072111242060214,0.06369137725904435,0.006257079757132843,0.003952490571817725,-0.004884169746470941,0.012959162709192876,-0.00028341977423652453,-0.008853112028863347,0.0005530348325624554,0.0029715973993586255,0.0015769583309375528,0.0035886075234984787,0.004901425875321486,0.0014951013355679883,0.00951740897285413,0.0031513517510100442,0.0023523984893425104,0.0006037488503794876,0.002156204182646203,0.00010264939189616093,0.0027663791215067537,0.006257079757132843,0.009496328133995292,0.00015094803494763016,-0.004775165349131672,0.0032628975292112077,-0.0001325637785423024,-0.0008147418541279239,-0.00043576538139928516,0.0033409326462127695,0.0015068654079808265,-6.803730940669209e-5,0.00366909495246792,0.002072412264794033,0.0004546511766277967,0.005104941097169165,-0.002471027414799638,0.0012268708194827583,0.0014611197915827998,0.001497510227721953,0.004284862912076621,0.003952490571817725,0.00015094803494763016,0.005035543854776041,0.0028952824736478127,0.002170368075764499,0.0007861978221744536,8.622966255389389e-5,0.0015551188536341277,0.00020019365479645652,0.0009721458387668054,0.00044430668362468236,0.004906862725591333,0.0005458874768565228,-0.002116521136537849,0.0034306544461680686,-0.007791126649284139,0.000737232187994951,-0.005057289861698606,0.0001736763241026976,-0.0011908939774782155,-0.004884169746470941,-0.004775165349131672,0.0028952824736478127,0.01765183492150308,0.000929241200076665,0.0020432698862749396,0.005317399128284082,0.0017864679366044619,-0.005999125556998993,-0.002124386645058308,-0.0002106792562905486,0.0024656780614293354,-0.001749860635372581,-0.002003242069645577,-0.006270960500292868,-0.0030067718493429125,-0.0023549509617202865,0.006508424107643447,0.004379394575337042,0.007728955444612906,0.012959162709192876,0.0032628975292112077,0.002170368075764499,0.000929241200076665,0.02747919904435771,0.001252931178470198,-0.0047937903059035655,0.002123444503852952,-0.002853513434268193,0.005037320428876338,0.0005692186532712102,0.006235374561081907,0.0037994217169544492,0.00576277332715437,-0.000297290152965484,-0.003296922484327753,0.0008589295066894255,0.0005827640246963558,0.00020996158869235633,0.0013015619131062331,-0.00028341977423652453,-0.0001325637785423024,0.0007861978221744536,0.0020432698862749396,0.001252931178470198,0.00191849428673415,-0.0001084391519948365,0.0003297681565905141,-0.002526381641893183,0.0012201242199489644,0.0002533062858007919,0.0007160608473443372,0.0008997017174801464,-0.0008049811140385276,-0.0005564861131391145,0.004926992227307139,0.0009931602400101067,0.003654528606122532,-0.0008924669136234238,-0.003224115779336733,-0.008853112028863347,-0.0008147418541279239,8.622966255389389e-5,0.005317399128284082,-0.0047937903059035655,-0.0001084391519948365,0.02167706920439371,0.0007117481393621583,0.0007458948786036392,-0.0028021011970093186,-0.0016376111104356072,-0.0009406126256327099,-0.0010800365533816703,-0.0018579370243477574,0.007066166364778635,-0.0006674997824186098,-1.333221018925279e-5,0.0010269804398421304,0.00041854184601700713,0.0032490371655037476,0.0005530348325624554,-0.00043576538139928516,0.0015551188536341277,0.0017864679366044619,0.002123444503852952,0.0003297681565905141,0.0007117481393621583,0.002738449634230226,-0.0016494883958939402,0.0012489570000707888,-0.00030174226982090176,0.003323103181224884,0.0014981500437116777,-0.0002609242905296848,-0.0005241859551751548,0.005758072552988729,-0.0008646142340214671,-0.0003133446263114119,0.000574938260916293,0.0004399859905190098,0.0029715973993586255,0.0033409326462127695,0.00020019365479645652,-0.005999125556998993,-0.002853513434268193,-0.002526381641893183,0.0007458948786036392,-0.0016494883958939402,0.032170419062659196,-0.0022575717440955333,0.00012170075887074335,0.0026370844323576345,-0.002691086640293558,0.0021118584955040114,0.012645684986099831,-0.002054358452518516,0.0023626648856106417,0.0018852549598123588,0.000296354848850945,0.005049159268761908,0.0015769583309375528,0.0015068654079808265,0.0009721458387668054,-0.002124386645058308,0.005037320428876338,0.0012201242199489644,-0.0028021011970093186,0.0012489570000707888,-0.0022575717440955333,0.007620819070905329,0.0012360299060151445,0.003156649791435735,0.004650018565568331,-0.0019049565259454655,0.0015793881759471854,-0.0016258457146728755,0.002026502109554503,-0.0004764375609682619,0.0006988901244662867,0.0005778773878063627,0.0035886075234984787,-6.803730940669209e-5,0.00044430668362468236,-0.0002106792562905486,0.0005692186532712102,0.0002533062858007919,-0.0016376111104356072,-0.00030174226982090176,0.00012170075887074335,0.0012360299060151445,0.0026931829617588376,0.0008024616513988549,0.00038097060115436967,-0.002671234113830224,0.0018438751141114612,-0.0026536793686106554,0.003908543683944898,0.00020058345902579638,-0.0011883697616986268,0.00760156534689547,0.004901425875321486,0.00366909495246792,0.004906862725591333,0.0024656780614293354,0.006235374561081907,0.0007160608473443372,-0.0009406126256327099,0.003323103181224884,0.0026370844323576345,0.003156649791435735,0.0008024616513988549,0.02293884841020967,0.0025619023942272654,-0.00674140292456979,0.007401247493168823,0.0005968838982365805,0.0021009953485858256,0.0018520233169625165,-0.00023646229644140094,0.003796869538006395,0.0014951013355679883,0.002072412264794033,0.0005458874768565228,-0.001749860635372581,0.0037994217169544492,0.0008997017174801464,-0.0010800365533816703,0.0014981500437116777,-0.002691086640293558,0.004650018565568331,0.00038097060115436967,0.0025619023942272654,0.01004299832712149,-0.0013681120009244882,0.0031180449876560407,0.004584615674047591,-0.005157488483520772,0.008686480896242965,0.0027919673803910236,-0.0020206884785651568,0.00951740897285413,0.0004546511766277967,-0.002116521136537849,-0.002003242069645577,0.00576277332715437,-0.0008049811140385276,-0.0018579370243477574,-0.0002609242905296848,0.0021118584955040114,-0.0019049565259454655,-0.002671234113830224,-0.00674140292456979,-0.0013681120009244882,0.04229878555778598,-0.004686366754895276,0.007609269662857212,0.0038846408034362376,0.011014269049328982,0.0029198956511524527,0.003995704590420809,0.0031513517510100442,0.005104941097169165,0.0034306544461680686,-0.006270960500292868,-0.000297290152965484,-0.0005564861131391145,0.007066166364778635,-0.0005241859551751548,0.012645684986099831,0.0015793881759471854,0.0018438751141114612,0.007401247493168823,0.0031180449876560407,-0.004686366754895276,0.040822503617088605
