0.01100928364941555,-0.0001419021710224318,6.184698650490426e-5,0.0009512848426268866,-9.481281095223626e-5,0.0015640210042571988,0.00010056262893283374,0.0002370770135892894,0.000433999054748072,0.003700903563724131,0.00021014510832587297,0.00031353060667932463,0.0003753026144275699,0.0005703487819776853,-0.00041534279610725404,-0.00024510674071965356,0.0006453432049709977,0.0009086498933685615,0.001468367681095635,-0.0006662191639841974,-0.0001419021710224318,0.004975905041793951,0.0003288334124569765,0.00018197557889949157,-6.831791178889713e-5,-0.0010734686571827199,0.00014669640884202822,0.0005016063124473281,-0.00012065479654351909,0.0004188751626014082,-9.187969658674605e-6,-0.00028397408011854287,-1.6157916006420744e-5,0.00026169721069955456,-0.0001869926641561987,0.00025765774839188986,0.0003601309060216963,0.00025044226256858295,-8.230300565450199e-5,0.0001687020874891167,6.184698650490426e-5,0.0003288334124569765,0.012970710176376514,0.0007744016421242849,0.0010858824458637795,-0.0003349305798974092,0.0012101310115082999,0.0001325183953971898,0.0005346464908669598,0.0005374738072759682,0.0005809124439749865,0.001370530657556968,0.0006076554137173032,0.0015640951032779515,-8.313622494955892e-5,0.0003085995622654678,0.0009265026081861072,0.0014791072008106293,0.0038190029988201656,0.0025642135968909976,0.0009512848426268866,0.00018197557889949157,0.0007744016421242849,0.004217147780628353,0.0006016577968794186,0.0008532859256214283,0.000774413052802589,0.00035306350242854693,0.00020169937880796355,0.000995780659957784,0.00011000274198192644,-0.0003061917209665356,0.00031803462861187373,0.0002781618092327773,0.00015002309180413357,3.9610190378958646e-5,0.0012151416698433447,0.0008394051529794931,0.0015225157047683894,0.0013586818233238965,-9.481281095223626e-5,-6.831791178889713e-5,0.0010858824458637795,0.0006016577968794186,0.0059974979210863,0.001561067291630013,0.0008347121963665474,0.0003676047618357325,0.0005572966770206775,0.00023301980104941465,0.0003979992867620312,0.0008685495368720398,0.0001757762945873256,0.0013737241772489007,0.0006219690717588478,0.0004848443936918888,0.0005746483751892122,0.0002292569056998459,0.0015392606196095466,0.0004336104704580295,0.0015640210042571988,-0.0010734686571827199,-0.0003349305798974092,0.0008532859256214283,0.001561067291630013,0.033263510833327174,0.0020531523590349423,0.0007118715434343726,0.0010170669233833629,0.0025941554659143985,0.0009783916210965968,0.0009337369994968749,0.0008457381455028105,0.0009892337356694773,0.0004635383882448925,0.0007959913777794039,0.0009313738482230876,0.0009320085492281205,0.003445560901330475,-0.0024165918676382517,0.00010056262893283374,0.00014669640884202822,0.0012101310115082999,0.000774413052802589,0.0008347121963665474,0.0020531523590349423,0.004777682257978393,-7.880761867438336e-5,-2.3219232665226626e-5,0.00037181968895788403,-2.350682558184227e-5,0.0010539528019197749,0.00017497705036164862,0.0018840447735142072,0.0001069004673013299,0.0004148615663868714,0.0002856563944934544,0.0009102323682294777,0.0007262120352611516,0.002308402719292145,0.0002370770135892894,0.0005016063124473281,0.0001325183953971898,0.00035306350242854693,0.0003676047618357325,0.0007118715434343726,-7.880761867438336e-5,0.002439199602147505,0.00022614773320608057,-0.00037274061965660753,0.00013533172393548438,1.8327375090152395e-5,0.00012016959776116269,0.0004619552816228256,-5.286838503615078e-5,3.404927274931841e-5,0.0003077628249599742,0.0002576069316716499,-0.0002773758073045055,-0.00011279529738087652,0.000433999054748072,-0.00012065479654351909,0.0005346464908669598,0.00020169937880796355,0.0005572966770206775,0.0010170669233833629,-2.3219232665226626e-5,0.00022614773320608057,0.006132724673717603,0.00024853550267271533,0.00010741671682798932,0.00038305586900413903,3.675800362531571e-5,0.00011470137729718216,-0.0004723711952449954,0.00011072698701784575,0.0008294804897178439,-5.071975921714888e-5,0.0010764248081794906,-0.000431195664360431,0.003700903563724131,0.0004188751626014082,0.0005374738072759682,0.000995780659957784,0.00023301980104941465,0.0025941554659143985,0.00037181968895788403,-0.00037274061965660753,0.00024853550267271533,0.015341069401064852,0.00018268503820796197,0.0009456890559348004,0.0005995715078603379,0.00047381469060006804,7.337665338290599e-5,-9.734028885287102e-5,3.581925084501512e-5,0.001244441642010975,0.0017402866149609413,-0.00023957095893165716,0.00021014510832587297,-9.187969658674605e-6,0.0005809124439749865,0.00011000274198192644,0.0003979992867620312,0.0009783916210965968,-2.350682558184227e-5,0.00013533172393548438,0.00010741671682798932,0.00018268503820796197,0.001379716111253069,0.0005434961887068952,9.315187490668214e-5,0.0006750603176431545,0.00011369267689598896,0.00011309176513243329,-7.985689103764517e-5,0.0001238383820363241,0.0010893049334411643,0.0004087037560530238,0.00031353060667932463,-0.00028397408011854287,0.001370530657556968,-0.0003061917209665356,0.0008685495368720398,0.0009337369994968749,0.0010539528019197749,1.8327375090152395e-5,0.00038305586900413903,0.0009456890559348004,0.0005434961887068952,0.011818004089233053,6.24891267535186e-5,0.002392974801394261,0.0003485564642431866,0.00013743068404109012,0.0007686415269607097,0.0009653236047822571,0.002773575312984268,0.003542622208976475,0.0003753026144275699,-1.6157916006420744e-5,0.0006076554137173032,0.00031803462861187373,0.0001757762945873256,0.0008457381455028105,0.00017497705036164862,0.00012016959776116269,3.675800362531571e-5,0.0005995715078603379,9.315187490668214e-5,6.24891267535186e-5,0.0010748918844019632,0.0004153083239520071,0.00010859167623474878,2.7364229369603027e-5,0.0004590836022935756,0.000425290397219168,0.0002903876231615247,0.00023565747423013962,0.0005703487819776853,0.00026169721069955456,0.0015640951032779515,0.0002781618092327773,0.0013737241772489007,0.0009892337356694773,0.0018840447735142072,0.0004619552816228256,0.00011470137729718216,0.00047381469060006804,0.0006750603176431545,0.002392974801394261,0.0004153083239520071,0.01887331045109518,0.000556924510032945,0.00023155821615999142,0.00048237003757406255,0.00015681706169938953,-0.0009712520817935185,0.002159453745239483,-0.00041534279610725404,-0.0001869926641561987,-8.313622494955892e-5,0.00015002309180413357,0.0006219690717588478,0.0004635383882448925,0.0001069004673013299,-5.286838503615078e-5,-0.0004723711952449954,7.337665338290599e-5,0.00011369267689598896,0.0003485564642431866,0.00010859167623474878,0.000556924510032945,0.0028695366144845654,0.00017399954979005461,4.221629184243428e-6,0.0006232601747701831,-9.269231251878835e-5,0.0004892688499894282,-0.00024510674071965356,0.00025765774839188986,0.0003085995622654678,3.9610190378958646e-5,0.0004848443936918888,0.0007959913777794039,0.0004148615663868714,3.404927274931841e-5,0.00011072698701784575,-9.734028885287102e-5,0.00011309176513243329,0.00013743068404109012,2.7364229369603027e-5,0.00023155821615999142,0.00017399954979005461,0.0013264378794533526,2.7437205088630318e-5,0.00033802753812578153,0.00035348263574404466,0.0006125982784469255,0.0006453432049709977,0.0003601309060216963,0.0009265026081861072,0.0012151416698433447,0.0005746483751892122,0.0009313738482230876,0.0002856563944934544,0.0003077628249599742,0.0008294804897178439,3.581925084501512e-5,-7.985689103764517e-5,0.0007686415269607097,0.0004590836022935756,0.00048237003757406255,4.221629184243428e-6,2.7437205088630318e-5,0.009559458680738169,0.0009268808574894336,-0.0003770305728004892,0.00143246346248701,0.0009086498933685615,0.00025044226256858295,0.0014791072008106293,0.0008394051529794931,0.0002292569056998459,0.0009320085492281205,0.0009102323682294777,0.0002576069316716499,-5.071975921714888e-5,0.001244441642010975,0.0001238383820363241,0.0009653236047822571,0.000425290397219168,0.00015681706169938953,0.0006232601747701831,0.00033802753812578153,0.0009268808574894336,0.005319946776450515,0.0009519831589191736,0.001459825960100985,0.001468367681095635,-8.230300565450199e-5,0.0038190029988201656,0.0015225157047683894,0.0015392606196095466,0.003445560901330475,0.0007262120352611516,-0.0002773758073045055,0.0010764248081794906,0.0017402866149609413,0.0010893049334411643,0.002773575312984268,0.0002903876231615247,-0.0009712520817935185,-9.269231251878835e-5,0.00035348263574404466,-0.0003770305728004892,0.0009519831589191736,0.030967871794584295,0.0006990546850214879,-0.0006662191639841974,0.0001687020874891167,0.0025642135968909976,0.0013586818233238965,0.0004336104704580295,-0.0024165918676382517,0.002308402719292145,-0.00011279529738087652,-0.000431195664360431,-0.00023957095893165716,0.0004087037560530238,0.003542622208976475,0.00023565747423013962,0.002159453745239483,0.0004892688499894282,0.0006125982784469255,0.00143246346248701,0.001459825960100985,0.0006990546850214879,0.019988947425925437
