0.011956642453565258,0.004589208932324904,0.0006027053327436636,0.0012442402416088713,-0.0009216991783370691,0.000474581267069809,-0.0006830838262339159,0.0007607573190438079,-0.0002614331630856918,-0.0008586720519825016,-0.0019682815371220874,0.0027344609551707222,0.0008311061872376309,0.003818598186388694,0.0011313864685333992,0.003278670580751036,0.00202642597892623,0.0007782286896937905,0.0005099879905325251,0.0028343520399662253,0.004589208932324904,0.02176343032313957,0.0014087115183717826,-1.4909745850917425e-5,-0.001216433817346766,0.0010491803696718227,0.003578311559151304,0.00182072187807645,-0.0017199385397168646,-0.0005271234666520395,-0.004532098613615003,0.0012376080704826742,-0.0014004204611884233,0.005592815747969711,-0.00397076598587119,0.002061249159331384,0.0007312115906702825,2.6611674904501063e-5,-0.0061025859279270804,-0.0008595842370664884,0.0006027053327436636,0.0014087115183717826,0.002575721769651766,-9.225314701908339e-5,0.000503035829302392,0.000922990559143808,0.0015536819291971306,0.00023568685104755072,-0.0009571356529320688,0.0007830313646243678,0.0004960514895086773,-0.0009452723231883147,0.0005079210966377758,0.0017266647562951187,-0.00038871131884104496,-0.0006693014773603073,0.0008211894298200916,0.00032125256380152116,0.00039792206270188344,0.0007212939319628457,0.0012442402416088713,-1.4909745850917425e-5,-9.225314701908339e-5,0.005068486902611665,-0.00012221302024412393,-0.0005857881795899585,-0.0012084985112301586,0.0005838056027858572,-0.0008725606789891955,-0.000509948099978107,-0.00029160584851739535,-0.0006356547736106148,-0.0004435387282452159,0.0015222910241079932,0.00016339972404594597,-0.0012257241689386834,0.0024678753114052987,-8.23218130191938e-5,0.0009021126278314707,-0.002477546051413433,-0.0009216991783370691,-0.001216433817346766,0.000503035829302392,-0.00012221302024412393,0.002740186199060095,0.0002335714500109675,0.0030799116358668534,7.195046097300251e-5,0.00021592174256147275,0.0010823866683475388,0.002278534723628084,-0.0007918987945439702,0.0005312632595887153,-0.0005784423522105696,0.0011121395521728615,-0.001796217731469562,0.00017480191264513455,0.00043767570519000643,0.002116152886484787,-0.00014409011968854213,0.000474581267069809,0.0010491803696718227,0.000922990559143808,-0.0005857881795899585,0.0002335714500109675,0.002710716816493463,0.001331964731200121,-0.00011354528957875167,0.000264020582334546,0.0008629411857572861,0.0008912822608794967,-0.00025340559945346446,0.0006091473638863037,0.0014296137255711545,-0.00040127578659328967,0.0002277215346098107,-0.0005178244120887883,0.0004476324311823907,0.0004295187550319632,0.0004930864856620703,-0.0006830838262339159,0.003578311559151304,0.0015536819291971306,-0.0012084985112301586,0.0030799116358668534,0.001331964731200121,0.04736948009426327,-0.0020935246616610973,0.002077473986844664,0.004547445316009081,0.0003712703239365151,-0.0011604452344368232,0.005369344674900153,-0.0002521775828557746,-0.0028803680709987155,-0.004046036924277687,0.0024926165126014812,0.00036639711312507563,0.003904214175982218,-0.004537754600281894,0.0007607573190438079,0.00182072187807645,0.00023568685104755072,0.0005838056027858572,7.195046097300251e-5,-0.00011354528957875167,-0.0020935246616610973,0.0032953645048786825,0.00019273936946666545,-8.51948436122779e-5,0.001339677890389978,-9.240352834480266e-5,-0.0006645790746796579,2.1819838165806057e-5,-0.0004899099751764821,0.0016541144114053975,-8.640466840187952e-5,-0.0005470391004881344,-0.0004128478092040597,0.002003344960844774,-0.0002614331630856918,-0.0017199385397168646,-0.0009571356529320688,-0.0008725606789891955,0.00021592174256147275,0.000264020582334546,0.002077473986844664,0.00019273936946666545,0.007878201074941785,0.0005496432730396896,0.0025516935064994898,0.0010250506702781147,0.0004184737018323272,-0.0001250177248977548,-0.0011854701999392358,0.001905042685456313,-0.0012977068863533104,-0.00015715557507117825,0.0009727305023807729,0.001103620353286673,-0.0008586720519825016,-0.0005271234666520395,0.0007830313646243678,-0.000509948099978107,0.0010823866683475388,0.0008629411857572861,0.004547445316009081,-8.51948436122779e-5,0.0005496432730396896,0.005678528035381759,0.0011240159181335695,-0.0009136998455084233,-9.988416234442112e-5,4.465238109605818e-5,-0.0005428177180946321,0.0008518823592906838,0.0003249151207446523,-7.988783751996212e-5,0.0017872176323856848,-0.0009200204683803136,-0.0019682815371220874,-0.004532098613615003,0.0004960514895086773,-0.00029160584851739535,0.002278534723628084,0.0008912822608794967,0.0003712703239365151,0.001339677890389978,0.0025516935064994898,0.0011240159181335695,0.020230938031695695,-0.0008040580527334301,0.0009207151679315223,-0.0016422231681510317,0.0011260778720839366,-0.004994076652187041,0.000561247578671973,0.0003906615887148538,0.00709225380152475,0.002648000410232282,0.0027344609551707222,0.0012376080704826742,-0.0009452723231883147,-0.0006356547736106148,-0.0007918987945439702,-0.00025340559945346446,-0.0011604452344368232,-9.240352834480266e-5,0.0010250506702781147,-0.0009136998455084233,-0.0008040580527334301,0.00814498514695634,0.0013809615394859425,0.0006954749563768,0.001665487530682003,0.001709520251833596,0.0011662249265770776,0.0002602853237797926,-0.0005648844980488277,0.0028440063512837283,0.0008311061872376309,-0.0014004204611884233,0.0005079210966377758,-0.0004435387282452159,0.0005312632595887153,0.0006091473638863037,0.005369344674900153,-0.0006645790746796579,0.0004184737018323272,-9.988416234442112e-5,0.0009207151679315223,0.0013809615394859425,0.01054793191042948,8.302375793530493e-5,0.0025213540191402705,-0.001848180048494066,0.000590725636078981,0.0009231780423766836,0.002731282329972597,0.003665329417116489,0.003818598186388694,0.005592815747969711,0.0017266647562951187,0.0015222910241079932,-0.0005784423522105696,0.0014296137255711545,-0.0002521775828557746,2.1819838165806057e-5,-0.0001250177248977548,4.465238109605818e-5,-0.0016422231681510317,0.0006954749563768,8.302375793530493e-5,0.015135374321744863,-0.001122958534967031,0.002224314977179012,0.0042121929929573865,0.00130701387230092,0.0003250952770281675,-0.002473381407831526,0.0011313864685333992,-0.00397076598587119,-0.00038871131884104496,0.00016339972404594597,0.0011121395521728615,-0.00040127578659328967,-0.0028803680709987155,-0.0004899099751764821,-0.0011854701999392358,-0.0005428177180946321,0.0011260778720839366,0.001665487530682003,0.0025213540191402705,-0.001122958534967031,0.009611226675688127,-0.0002918553021761392,0.0018155212358481857,0.0010912415811142103,0.005024153890071151,0.002516345019305719,0.003278670580751036,0.002061249159331384,-0.0006693014773603073,-0.0012257241689386834,-0.001796217731469562,0.0002277215346098107,-0.004046036924277687,0.0016541144114053975,0.001905042685456313,0.0008518823592906838,-0.004994076652187041,0.001709520251833596,-0.001848180048494066,0.002224314977179012,-0.0002918553021761392,0.021471401517795342,-0.0018060570158842629,-0.0006730347287502764,-0.0038266290018318873,0.004207331579329581,0.00202642597892623,0.0007312115906702825,0.0008211894298200916,0.0024678753114052987,0.00017480191264513455,-0.0005178244120887883,0.0024926165126014812,-8.640466840187952e-5,-0.0012977068863533104,0.0003249151207446523,0.000561247578671973,0.0011662249265770776,0.000590725636078981,0.0042121929929573865,0.0018155212358481857,-0.0018060570158842629,0.008645631854380364,0.0005631962202655451,0.0028519420548668087,-0.0015738947264809415,0.0007782286896937905,2.6611674904501063e-5,0.00032125256380152116,-8.23218130191938e-5,0.00043767570519000643,0.0004476324311823907,0.00036639711312507563,-0.0005470391004881344,-0.00015715557507117825,-7.988783751996212e-5,0.0003906615887148538,0.0002602853237797926,0.0009231780423766836,0.00130701387230092,0.0010912415811142103,-0.0006730347287502764,0.0005631962202655451,0.0015904639186095123,0.0015436878956544887,0.0005750146861513107,0.0005099879905325251,-0.0061025859279270804,0.00039792206270188344,0.0009021126278314707,0.002116152886484787,0.0004295187550319632,0.003904214175982218,-0.0004128478092040597,0.0009727305023807729,0.0017872176323856848,0.00709225380152475,-0.0005648844980488277,0.002731282329972597,0.0003250952770281675,0.005024153890071151,-0.0038266290018318873,0.0028519420548668087,0.0015436878956544887,0.017080132499381315,0.00022736157959353515,0.0028343520399662253,-0.0008595842370664884,0.0007212939319628457,-0.002477546051413433,-0.00014409011968854213,0.0004930864856620703,-0.004537754600281894,0.002003344960844774,0.001103620353286673,-0.0009200204683803136,0.002648000410232282,0.0028440063512837283,0.003665329417116489,-0.002473381407831526,0.002516345019305719,0.004207331579329581,-0.0015738947264809415,0.0005750146861513107,0.00022736157959353515,0.028747507688307868
0.012547993427603925,0.0009281938191834162,0.000720531954400817,-8.619709782916933e-5,0.0009787761995151802,-0.000748378913888062,0.0060363052744936575,0.0013054810745179214,-0.0013653679886163192,0.0010151668758587831,0.005293113680540425,-0.0013153260830063866,-0.001549584008785889,0.0051961786365178975,-0.0007468399419781471,-0.001801816201114543,0.0008747297616166942,-0.0008655726651681452,0.0006814513356837563,0.0005931251417467217,0.0009281938191834162,0.012357401697317248,-0.0005550870704884568,-0.00036111249569953233,-0.0002037372552270982,0.0010067833387204374,0.002103097044016676,-2.8870772353157097e-5,-0.0009066442291664476,-0.0021481691812256136,-0.0003773216035677598,0.002420644892897411,-0.0006364001756873003,9.454618108751807e-5,0.0008294168640296587,-0.0011844093759708304,0.000961615586819538,-0.0005005815271926384,0.0046217408154348785,-0.00257778136939411,0.000720531954400817,-0.0005550870704884568,0.00247708701838271,0.0005291575289216636,0.0006586468524478189,-0.0004833916956071269,-0.0012287014651486262,0.0008298864575253897,-0.000458833079409763,0.0006004208918576191,0.002233785195951885,0.0005358319348161101,-0.0003729591011182933,0.0020158641095507435,0.000104972799918454,0.0006382535006489369,-0.0004580219299970806,-0.00010759167479831581,-0.00023638392899175183,0.0013474966056721883,-8.619709782916933e-5,-0.00036111249569953233,0.0005291575289216636,0.005354854535094264,-0.0007496317676792944,0.0008548943253065403,0.0018308427532595485,0.0009287519334436997,0.0009561000670937514,0.0010484991399930975,-0.0002958117129815039,0.0016920435156910908,0.0010204895760963961,-0.0014096869725440365,-0.0004268287660571473,-0.0013105073920288367,0.0006255166503653456,1.674894217770119e-5,-0.0009265347768952204,0.0017714173815152898,0.0009787761995151802,-0.0002037372552270982,0.0006586468524478189,-0.0007496317676792944,0.0029421374906948156,-0.0005991732547331232,-0.0017770365138393665,0.0008939641839251836,-5.2539873438465746e-5,0.0007079688134122554,0.0009196381214284152,0.00017590990458441158,-0.0004294154214607317,0.0016923835576545668,0.0010440335605131003,0.0007160207950822385,0.00045318602373550234,-0.0007075956779637469,0.0010945198981297248,0.0002270748805878903,-0.000748378913888062,0.0010067833387204374,-0.0004833916956071269,0.0008548943253065403,-0.0005991732547331232,0.0025939074525126015,0.0020856757353936166,0.00019573040993799774,0.0001828630453531266,-0.000457314295718941,-0.0009786202764327993,0.0014359475596885953,0.00037891419577844993,-0.0014094501886699187,-0.0005218750713321363,-0.00018695093495683728,0.0012373164878539563,0.00026474013859146986,0.0004708322843997064,0.00010263805344088993,0.0060363052744936575,0.002103097044016676,-0.0012287014651486262,0.0018308427532595485,-0.0017770365138393665,0.0020856757353936166,0.039961090067691885,-0.0014124407134585878,-0.0033192396247705373,-0.00020633147218784468,0.006132648460809547,0.002024153837912328,0.00015357859019799955,0.0053154265034605795,-0.002703272293417367,0.0008494559303978012,0.0022735301282070922,-0.00023730130164980722,0.0018981021482609543,-0.0004422037176599723,0.0013054810745179214,-2.8870772353157097e-5,0.0008298864575253897,0.0009287519334436997,0.0008939641839251836,0.00019573040993799774,-0.0014124407134585878,0.0036857279983088785,0.0005082179596359658,6.50962805948439e-5,-0.00033454704273347,0.0004318575530131359,0.0005594761004054662,0.0022666173225333684,7.127998904176309e-6,-0.00034145844048233734,0.0008431884050756084,-1.4283459155909522e-5,0.002337912589675233,0.0020533835945755825,-0.0013653679886163192,-0.0009066442291664476,-0.000458833079409763,0.0009561000670937514,-5.2539873438465746e-5,0.0001828630453531266,-0.0033192396247705373,0.0005082179596359658,0.010264763072120396,0.0002543698039311823,-0.00535230365385319,-5.651659250820588e-5,0.0006924692529432422,-0.003577663366195475,0.0015481266618471716,-0.00015666804046696393,0.0013818869864272642,0.0011779030982248528,0.0006479810639020247,0.0035671756747940953,0.0010151668758587831,-0.0021481691812256136,0.0006004208918576191,0.0010484991399930975,0.0007079688134122554,-0.000457314295718941,-0.00020633147218784468,6.50962805948439e-5,0.0002543698039311823,0.007622093715657731,0.002514990524758973,0.0009473419599408002,0.0003985094912856771,0.0013254262135098888,0.0016036718857951964,0.0003351014581085387,0.0010434225911205085,-0.00031192028632077637,-0.0029178069618763245,0.0007256519482012102,0.005293113680540425,-0.0003773216035677598,0.002233785195951885,-0.0002958117129815039,0.0009196381214284152,-0.0009786202764327993,0.006132648460809547,-0.00033454704273347,-0.00535230365385319,0.002514990524758973,0.023112382175741596,-0.0016291019284810867,0.0002929005936959605,0.006424791201852171,-0.00032219683712543306,0.0023914262158449494,-0.0011982481664527163,-0.0014839149753449947,-0.004904983276782161,0.001077411425305757,-0.0013153260830063866,0.002420644892897411,0.0005358319348161101,0.0016920435156910908,0.00017590990458441158,0.0014359475596885953,0.002024153837912328,0.0004318575530131359,-5.651659250820588e-5,0.0009473419599408002,-0.0016291019284810867,0.010732459192922827,0.00017189666071503766,-0.0022064858294682374,0.001026588096243496,-0.0014441056414512608,0.00044626945653774376,0.0001107542332472682,0.002659277844607403,-0.0007111033736141592,-0.001549584008785889,-0.0006364001756873003,-0.0003729591011182933,0.0010204895760963961,-0.0004294154214607317,0.00037891419577844993,0.00015357859019799955,0.0005594761004054662,0.0006924692529432422,0.0003985094912856771,0.0002929005936959605,0.00017189666071503766,0.00920145702970292,0.0014615454270714874,-0.0001701210643652266,0.0025255222144749514,0.0007009830038108407,0.0013669049812219563,0.00044754172985439706,-0.0012077516807913256,0.0051961786365178975,9.454618108751807e-5,0.0020158641095507435,-0.0014096869725440365,0.0016923835576545668,-0.0014094501886699187,0.0053154265034605795,0.0022666173225333684,-0.003577663366195475,0.0013254262135098888,0.006424791201852171,-0.0022064858294682374,0.0014615454270714874,0.017207302906587712,-5.468937446648094e-6,0.0020065720466825926,0.0003670200036965756,-0.00012604052289092764,0.002414464103601856,3.863158639339955e-5,-0.0007468399419781471,0.0008294168640296587,0.000104972799918454,-0.0004268287660571473,0.0010440335605131003,-0.0005218750713321363,-0.002703272293417367,7.127998904176309e-6,0.0015481266618471716,0.0016036718857951964,-0.00032219683712543306,0.001026588096243496,-0.0001701210643652266,-5.468937446648094e-6,0.006308102042452613,0.00019803824274881887,-0.00011172223951838868,-0.0008356383312317804,0.0005988330287652094,-0.001430494495433279,-0.001801816201114543,-0.0011844093759708304,0.0006382535006489369,-0.0013105073920288367,0.0007160207950822385,-0.00018695093495683728,0.0008494559303978012,-0.00034145844048233734,-0.00015666804046696393,0.0003351014581085387,0.0023914262158449494,-0.0014441056414512608,0.0025255222144749514,0.0020065720466825926,0.00019803824274881887,0.013699873710803551,-0.0009318295618572692,0.001035600621469081,-0.00038370688785868814,0.0036383220293191533,0.0008747297616166942,0.000961615586819538,-0.0004580219299970806,0.0006255166503653456,0.00045318602373550234,0.0012373164878539563,0.0022735301282070922,0.0008431884050756084,0.0013818869864272642,0.0010434225911205085,-0.0011982481664527163,0.00044626945653774376,0.0007009830038108407,0.0003670200036965756,-0.00011172223951838868,-0.0009318295618572692,0.0068019702014718054,9.881200370181868e-6,0.0001748391532866156,0.0009884183293547499,-0.0008655726651681452,-0.0005005815271926384,-0.00010759167479831581,1.674894217770119e-5,-0.0007075956779637469,0.00026474013859146986,-0.00023730130164980722,-1.4283459155909522e-5,0.0011779030982248528,-0.00031192028632077637,-0.0014839149753449947,0.0001107542332472682,0.0013669049812219563,-0.00012604052289092764,-0.0008356383312317804,0.001035600621469081,9.881200370181868e-6,0.002234464188721433,-7.873938219622658e-5,0.0008776901367944607,0.0006814513356837563,0.0046217408154348785,-0.00023638392899175183,-0.0009265347768952204,0.0010945198981297248,0.0004708322843997064,0.0018981021482609543,0.002337912589675233,0.0006479810639020247,-0.0029178069618763245,-0.004904983276782161,0.002659277844607403,0.00044754172985439706,0.002414464103601856,0.0005988330287652094,-0.00038370688785868814,0.0001748391532866156,-7.873938219622658e-5,0.01719817475837433,0.00036933645992571774,0.0005931251417467217,-0.00257778136939411,0.0013474966056721883,0.0017714173815152898,0.0002270748805878903,0.00010263805344088993,-0.0004422037176599723,0.0020533835945755825,0.0035671756747940953,0.0007256519482012102,0.001077411425305757,-0.0007111033736141592,-0.0012077516807913256,3.863158639339955e-5,-0.001430494495433279,0.0036383220293191533,0.0009884183293547499,0.0008776901367944607,0.00036933645992571774,0.03011943912007796
0.017343012880156276,0.008562684611468443,0.00058022393661282,0.003253767545900993,0.004584420000923571,0.0032425058362417917,0.015464263221740035,0.0032315639311430635,0.0030576340443156896,0.002519542695934125,0.008605276346449312,0.009456828734322291,0.004785385040768983,0.01467654609453839,0.007099688429029957,0.006296681365240649,-0.0018283446321366603,0.0007676457942510265,0.004717381660213479,0.008915611113460141,0.008562684611468443,0.02280915639602105,0.0030737623773749185,0.007414791328439892,0.006862494207952902,0.0024775590720092205,0.025715723921358475,0.0016287124260337138,0.0032912108219020214,0.007389127598269081,0.011228105087920413,0.00687760073464723,0.0028895960977764097,0.005710494044004399,0.006315022542751767,0.010650213027465702,0.0009453760983309586,0.0026289407342355445,0.008713144660721815,0.01544752315648509,0.00058022393661282,0.0030737623773749185,0.004806868091558578,0.0025521422895647514,0.002208112473594274,0.0011190637601463092,0.010529325237056113,0.000332952809541577,0.003078347278383159,0.0025185456590215505,0.0022475527531526955,0.0023212464442407014,6.844661556305794e-5,-0.0024903473850310625,0.002444146127990254,0.0067981297425084,0.003753862150571108,0.0020572217574135864,0.0038894236136375604,-0.0006360955974055964,0.003253767545900993,0.007414791328439892,0.0025521422895647514,0.009899312500988215,0.004989313944509486,0.0018499256565098618,0.019234343132596858,0.0017575437155434464,0.0021698724875900645,0.0037011056043047925,0.008718988013629525,0.005462415482144773,-1.7959832096047652e-5,0.0054541698719732905,0.004709140141681771,0.008647034442269535,0.001469649183653918,0.0027774938373375576,0.0074862214163046205,0.009695969740956573,0.004584420000923571,0.006862494207952902,0.002208112473594274,0.004989313944509486,0.006402691898582768,0.0025111492580102697,0.013327967118587324,0.0012631635176256996,0.0037298117720352924,0.0022195718582895445,0.005008392618971437,0.006157487408849378,0.0019100864739072013,0.004824814097134205,0.004068814255183987,0.0069490015682680106,0.001775924561079705,0.0016418651170535985,0.00447794229641307,0.0031920882746069787,0.0032425058362417917,0.0024775590720092205,0.0011190637601463092,0.0018499256565098618,0.0025111492580102697,0.003951851714560071,0.004599824873824732,0.0012570404431034412,0.0030761791660536874,0.0006988537450866238,0.0018300238552922433,0.0036769923558522513,0.0018927549395572846,0.0038550402677215963,0.0030806485546191276,0.0029630944030825737,0.0003828688047582167,0.0002872182957936096,0.0017951539224430255,-0.00011375627136346039,0.015464263221740035,0.025715723921358475,0.010529325237056113,0.019234343132596858,0.013327967118587324,0.004599824873824732,0.09664594235900532,0.004681055340366417,0.0071135792432277445,0.011852617550863132,0.02956007601747361,0.016823142204890253,-0.003243459921710769,0.011808051791291324,0.018585202504784706,0.027780541817445686,0.006215487589080679,0.011142711864038934,0.02407679530973441,0.036589346412203974,0.0032315639311430635,0.0016287124260337138,0.000332952809541577,0.0017575437155434464,0.0012631635176256996,0.0012570404431034412,0.004681055340366417,0.003628205448425378,0.0016577119480825813,0.0004494627580493382,0.0017809703776416287,0.0037736353042146366,0.0021230453173708835,0.005720288080015754,0.00292302338990386,0.0021834472128826974,-0.0004792779763233127,0.00015835418147192414,0.0013137079217463488,0.0032363928683148135,0.0030576340443156896,0.0032912108219020214,0.003078347278383159,0.0021698724875900645,0.0037298117720352924,0.0030761791660536874,0.0071135792432277445,0.0016577119480825813,0.011850194801599502,0.0017544601337929626,-0.0002723911474464674,0.003773346907381706,0.0025994880222936344,0.0010113743208458098,0.003226942794600206,0.005808319750243683,0.0032034242292822606,0.000754579762552452,0.0010631217623919807,-0.007626598503176721,0.002519542695934125,0.007389127598269081,0.0025185456590215505,0.0037011056043047925,0.0022195718582895445,0.0006988537450866238,0.011852617550863132,0.0004494627580493382,0.0017544601337929626,0.007870919782181655,0.005546359722498995,0.0019083749591911588,-0.000346047825561994,-0.00044198033023943337,0.0028118040515605174,0.005707138572708451,0.0022032648611274726,0.002075551928072611,0.004855588165354587,0.005029304814459189,0.008605276346449312,0.011228105087920413,0.0022475527531526955,0.008718988013629525,0.005008392618971437,0.0018300238552922433,0.02956007601747361,0.0017809703776416287,-0.0002723911474464674,0.005546359722498995,0.033547978920799665,0.008737621209197126,-0.0032618230013507043,0.00819987944497605,0.010098117146228906,0.013194377788367505,0.002025938744126792,0.0042987521957805995,0.010940125378025058,0.021128355489827985,0.009456828734322291,0.00687760073464723,0.0023212464442407014,0.005462415482144773,0.006157487408849378,0.0036769923558522513,0.016823142204890253,0.0037736353042146366,0.003773346907381706,0.0019083749591911588,0.008737621209197126,0.016058035626305287,0.0030275145126149915,0.015626303339877086,0.007210670866528381,0.007881094872613341,0.001061429373285527,0.0014596216144923723,0.0065706027953227435,0.0059397359792866655,0.004785385040768983,0.0028895960977764097,6.844661556305794e-5,-1.7959832096047652e-5,0.0019100864739072013,0.0018927549395572846,-0.003243459921710769,0.0021230453173708835,0.0025994880222936344,-0.000346047825561994,-0.0032618230013507043,0.0030275145126149915,0.011713932179383001,0.0059129125859120404,0.0023619027725061076,0.0005778180085705939,-0.0016151500446745543,-0.001557984137380528,-0.001673751472816219,-0.0017504460201780187,0.01467654609453839,0.005710494044004399,-0.0024903473850310625,0.0054541698719732905,0.004824814097134205,0.0038550402677215963,0.011808051791291324,0.005720288080015754,0.0010113743208458098,-0.00044198033023943337,0.00819987944497605,0.015626303339877086,0.0059129125859120404,0.0370745820333591,0.006952546498234964,0.0033474873083495895,-0.006697089205488683,-0.0012651390527253113,0.007004279473319178,0.014468769904319143,0.007099688429029957,0.006315022542751767,0.002444146127990254,0.004709140141681771,0.004068814255183987,0.0030806485546191276,0.018585202504784706,0.00292302338990386,0.003226942794600206,0.0028118040515605174,0.010098117146228906,0.007210670866528381,0.0023619027725061076,0.006952546498234964,0.011332691278708132,0.00850702064578637,0.0005870351722439483,0.0018411650886154805,0.003466316794925289,0.007984863912096844,0.006296681365240649,0.010650213027465702,0.0067981297425084,0.008647034442269535,0.0069490015682680106,0.0029630944030825737,0.027780541817445686,0.0021834472128826974,0.005808319750243683,0.005707138572708451,0.013194377788367505,0.007881094872613341,0.0005778180085705939,0.0033474873083495895,0.00850702064578637,0.024557242648442248,0.004525595883444207,0.004260090690484473,0.00890882265995934,0.0073799303913725045,-0.0018283446321366603,0.0009453760983309586,0.003753862150571108,0.001469649183653918,0.001775924561079705,0.0003828688047582167,0.006215487589080679,-0.0004792779763233127,0.0032034242292822606,0.0022032648611274726,0.002025938744126792,0.001061429373285527,-0.0016151500446745543,-0.006697089205488683,0.0005870351722439483,0.004525595883444207,0.009696359180438988,0.0024826829058197395,0.0028943607560967897,3.6180311004903663e-5,0.0007676457942510265,0.0026289407342355445,0.0020572217574135864,0.0027774938373375576,0.0016418651170535985,0.0002872182957936096,0.011142711864038934,0.00015835418147192414,0.000754579762552452,0.002075551928072611,0.0042987521957805995,0.0014596216144923723,-0.001557984137380528,-0.0012651390527253113,0.0018411650886154805,0.004260090690484473,0.0024826829058197395,0.0029656001865612726,0.003389235455864584,0.0043385255443741146,0.004717381660213479,0.008713144660721815,0.0038894236136375604,0.0074862214163046205,0.00447794229641307,0.0017951539224430255,0.02407679530973441,0.0013137079217463488,0.0010631217623919807,0.004855588165354587,0.010940125378025058,0.0065706027953227435,-0.001673751472816219,0.007004279473319178,0.003466316794925289,0.00890882265995934,0.0028943607560967897,0.003389235455864584,0.01709444602391522,0.01283003363264422,0.008915611113460141,0.01544752315648509,-0.0006360955974055964,0.009695969740956573,0.0031920882746069787,-0.00011375627136346039,0.036589346412203974,0.0032363928683148135,-0.007626598503176721,0.005029304814459189,0.021128355489827985,0.0059397359792866655,-0.0017504460201780187,0.014468769904319143,0.007984863912096844,0.0073799303913725045,3.6180311004903663e-5,0.0043385255443741146,0.01283003363264422,0.059776113364801646
