0.006949196152417511,0.002638649854707143,0.006778187442456328,0.0015821888050240492,0.0017461808868273572,0.003405208036339298,0.002981559772151857,0.001943041227457692,0.0020192894643053924,0.0024370206290741363,0.007203233980595943,0.005226377958049231,0.002875595324638734,0.004654019384503889,0.002373529569460936,0.003998103696932487,0.00257850540553174,0.002223111310262556,0.004762633828499053,0.001167506790455376,0.002638649854707143,0.004936583482634187,0.004907838719098188,0.0012735713659194176,0.0015684305315201762,0.003764923123467002,0.0025290834030839812,0.0013335641728347333,0.001730698084102992,0.0037438443950395884,0.0047764664612556535,0.004738099507399573,0.0027803749356307473,0.004799778241197874,0.0017080249573538054,0.00239135362748291,0.0012837483741590244,0.0021370488706278293,0.004226564880036246,0.0011269379381948076,0.006778187442456328,0.004907838719098188,0.03598454600199913,0.0027077435568533858,0.005202507849473018,0.011572808158914944,0.0067397379935336035,0.0036335797470273936,0.009934400317518747,0.0061491354449499476,0.02006214953145792,0.009983252738981136,0.007046438705882533,0.00426799022653312,0.005363626575140798,0.00637512785873438,0.003575611842356963,0.012884869027438422,0.007809374044614177,0.001324966571674106,0.0015821888050240492,0.0012735713659194176,0.0027077435568533858,0.0024313526770200094,0.0012609440896478173,0.003371591537390171,0.0012761822927569461,0.0007349612232433994,0.001807191928440869,0.003005196510032923,0.0018518256279674065,0.0031064418240509665,0.0014770920792586246,0.003044684642186441,0.0013342647648703879,0.0030458318772935283,0.001510583406117304,0.002076546032250188,0.0013553950134514584,0.001494864464191056,0.0017461808868273572,0.0015684305315201762,0.005202507849473018,0.0012609440896478173,0.0038725309751641806,0.004078876974943394,0.0025874170590065595,0.0010331969095242204,0.0030003515908301843,0.0034667234831011907,0.004447265959132519,0.004270220478822837,0.002034263214112338,0.002906100239345837,0.0009260194760383151,0.003343767795399005,0.0012706981362076582,0.0032709738805494783,0.003079959608570164,0.001790910568078534,0.003405208036339298,0.003764923123467002,0.011572808158914944,0.003371591537390171,0.004078876974943394,0.0223272776387923,0.006175789701597321,0.002364152314609504,0.009782343119570946,0.01331384527321968,0.005981335768999948,0.007931000452458236,0.005843061251187296,0.009181389562699802,0.0016293274835311776,0.010200009593344493,0.0017711083925290624,0.007865381035569696,0.004745878455268037,0.006016663634830762,0.002981559772151857,0.0025290834030839812,0.0067397379935336035,0.0012761822927569461,0.0025874170590065595,0.006175789701597321,0.0058857519067073575,0.0018724729829559515,0.003743899407897061,0.007071468079169094,0.007938907553438533,0.0059997918299860495,0.0038921910911491,0.0048442255457018385,0.0012963523333424376,0.004997350085747794,0.002112726616203529,0.004532865152749237,0.004652660672768067,0.0017642230093122243,0.001943041227457692,0.0013335641728347333,0.0036335797470273936,0.0007349612232433994,0.0010331969095242204,0.002364152314609504,0.0018724729829559515,0.0026767802871459057,0.0016332107850648785,0.002054290556701224,0.005519695045720508,0.0025733721763712136,0.0022916242911623077,0.002274870128100511,0.0006529773325858229,0.0024692911616247346,0.001262940443957299,0.002777749041666845,0.0019292465574639837,0.0009311522377144538,0.0020192894643053924,0.001730698084102992,0.009934400317518747,0.001807191928440869,0.0030003515908301843,0.009782343119570946,0.003743899407897061,0.0016332107850648785,0.014587920226544383,0.005816384653806553,0.007600280463636731,0.004583684429993061,0.003510175259099523,0.0013430997183599073,0.001013625411200321,0.004956900811003735,0.00048361346121570997,0.005532400512847984,0.002994309715088309,0.003230638660862658,0.0024370206290741363,0.0037438443950395884,0.0061491354449499476,0.003005196510032923,0.0034667234831011907,0.01331384527321968,0.007071468079169094,0.002054290556701224,0.005816384653806553,0.024897100848954377,0.007089497563025527,0.005460208600527848,0.006984576924561708,0.008495505398154739,-0.00017175499705715237,0.00967239347165079,0.002199116089454654,0.0061706472542099825,0.006539296776969758,0.005313007771963275,0.007203233980595943,0.0047764664612556535,0.02006214953145792,0.0018518256279674065,0.004447265959132519,0.005981335768999948,0.007938907553438533,0.005519695045720508,0.007600280463636731,0.007089497563025527,0.048809729413853815,0.00940467894065991,0.010180161788908482,0.0058483764508932,0.005434795636542984,0.0013809349221289811,0.00541504673378361,0.015630058495883108,0.010931768584431133,-0.0028469984370581647,0.005226377958049231,0.004738099507399573,0.009983252738981136,0.0031064418240509665,0.004270220478822837,0.007931000452458236,0.0059997918299860495,0.0025733721763712136,0.004583684429993061,0.005460208600527848,0.00940467894065991,0.01980074602815502,0.005419698293515978,0.010246085806098794,0.005567061158363994,0.008077039480585522,0.004898675342856609,0.005767727634905042,0.008942741691437855,0.0027521977031798096,0.002875595324638734,0.0027803749356307473,0.007046438705882533,0.0014770920792586246,0.002034263214112338,0.005843061251187296,0.0038921910911491,0.0022916242911623077,0.003510175259099523,0.006984576924561708,0.010180161788908482,0.005419698293515978,0.007854035198875266,0.005251109515607052,0.0016543886365124102,0.0036181308481881918,0.001698995826959,0.004808821046470688,0.005441216571989235,0.001394053290343413,0.004654019384503889,0.004799778241197874,0.00426799022653312,0.003044684642186441,0.002906100239345837,0.009181389562699802,0.0048442255457018385,0.002274870128100511,0.0013430997183599073,0.008495505398154739,0.0058483764508932,0.010246085806098794,0.005251109515607052,0.020274408552170397,0.002343266367457554,0.010068591682273472,0.003716398999488396,0.005237332139166401,0.006853495106579204,0.0038936681799545125,0.002373529569460936,0.0017080249573538054,0.005363626575140798,0.0013342647648703879,0.0009260194760383151,0.0016293274835311776,0.0012963523333424376,0.0006529773325858229,0.001013625411200321,-0.00017175499705715237,0.005434795636542984,0.005567061158363994,0.0016543886365124102,0.002343266367457554,0.005440137680472651,0.0009894510875345125,0.002046316906769677,0.0022898822189379594,0.0016431887926771829,-0.0017762336117683342,0.003998103696932487,0.00239135362748291,0.00637512785873438,0.0030458318772935283,0.003343767795399005,0.010200009593344493,0.004997350085747794,0.0024692911616247346,0.004956900811003735,0.00967239347165079,0.0013809349221289811,0.008077039480585522,0.0036181308481881918,0.010068591682273472,0.0009894510875345125,0.016499006022948046,0.003324510270301238,0.0046233251240646814,0.0040567336444721856,0.006250886236136769,0.00257850540553174,0.0012837483741590244,0.003575611842356963,0.001510583406117304,0.0012706981362076582,0.0017711083925290624,0.002112726616203529,0.001262940443957299,0.00048361346121570997,0.002199116089454654,0.00541504673378361,0.004898675342856609,0.001698995826959,0.003716398999488396,0.002046316906769677,0.003324510270301238,0.004647582760577949,0.0026040373815129445,0.0026503829551268064,0.0008105704990616516,0.002223111310262556,0.0021370488706278293,0.012884869027438422,0.002076546032250188,0.0032709738805494783,0.007865381035569696,0.004532865152749237,0.002777749041666845,0.005532400512847984,0.0061706472542099825,0.015630058495883108,0.005767727634905042,0.004808821046470688,0.005237332139166401,0.0022898822189379594,0.0046233251240646814,0.0026040373815129445,0.02061085358811025,0.0010022319384460072,0.0023851274377621867,0.004762633828499053,0.004226564880036246,0.007809374044614177,0.0013553950134514584,0.003079959608570164,0.004745878455268037,0.004652660672768067,0.0019292465574639837,0.002994309715088309,0.006539296776969758,0.010931768584431133,0.008942741691437855,0.005441216571989235,0.006853495106579204,0.0016431887926771829,0.0040567336444721856,0.0026503829551268064,0.0010022319384460072,0.014441913317905562,0.0017185743673219075,0.001167506790455376,0.0011269379381948076,0.001324966571674106,0.001494864464191056,0.001790910568078534,0.006016663634830762,0.0017642230093122243,0.0009311522377144538,0.003230638660862658,0.005313007771963275,-0.0028469984370581647,0.0027521977031798096,0.001394053290343413,0.0038936681799545125,-0.0017762336117683342,0.006250886236136769,0.0008105704990616516,0.0023851274377621867,0.0017185743673219075,0.008148574101312374
0.01083180226069006,0.0015123453712215383,0.002402097636424759,0.0024180962451817367,0.001278123019050906,0.004085729558179518,-0.0008800177733587065,0.002233817399748733,-0.00124901388434354,0.0051241637501014264,0.0030575330754677283,0.0010614236509507067,0.0005527512343534482,-0.0044681510262172585,0.0016804834330710061,0.0014816980252002755,-0.003162765902209381,0.0032666118573294995,0.00030541110173429255,0.0016455095963801136,0.0015123453712215383,0.003752405318580604,-0.002244988801425805,0.0004528213150755585,0.00036420493216030535,0.0007393531747721023,0.0002507538382572731,0.0002423040529027122,0.0007017142488074274,-0.0007850010941141177,0.0037802673555925974,0.0007349612876910924,-0.00018517071075798075,-0.00017139651085007368,-0.00010578500234224577,0.0005003308009396451,-0.0005629855054412211,4.958944907830702e-6,0.0014375239923966215,0.00042913008753769113,0.002402097636424759,-0.002244988801425805,0.032880815516945924,-0.002720676714831418,0.0015974234101263402,0.0029534848508667765,0.00014545014512429055,-0.00015884522886054351,-0.0009583051563757917,0.0052594098236506,-0.015598269023647766,-0.0027781871557082073,0.0015863554382955641,-0.003507995491083592,-0.0003324917579446426,-0.002009510255786457,0.0019994223141223677,-0.0036182507538694625,-0.001349067048862865,0.005538225855881694,0.0024180962451817367,0.0004528213150755585,-0.002720676714831418,0.0034498621085058494,0.0005311643349769266,-0.0003318423385615174,-0.0011722098984539493,0.0005917810359228293,-0.0005852904617248871,0.001177973702899202,0.004641608420856247,0.0016664963239021043,-0.00024173682434019798,-0.0006069109638490298,0.00035026586940979296,0.0005057999775898738,-0.0016804927900967432,0.003673284438992664,-0.00037454913760422604,-4.302028750783468e-5,0.001278123019050906,0.00036420493216030535,0.0015974234101263402,0.0005311643349769266,0.004006276973843728,0.0008450156352446069,0.0008358506046970361,0.000658066973956121,-0.0005345600117693962,-0.0008869939020343391,0.0015627271941235895,0.00020160424613664473,0.00021747200174987734,0.0007726746125518363,0.0005225129123089993,-0.0005960698183373278,-0.00017663240271461247,0.0011249080696870974,0.0016224128027044521,0.0018758946618006639,0.004085729558179518,0.0007393531747721023,0.0029534848508667765,-0.0003318423385615174,0.0008450156352446069,0.014723565331477255,0.0003680370170798257,0.0017147753616452112,-0.003356712743516102,0.006785392243821296,0.0013463055278541646,-0.0013410077581594562,-0.0005702108779355435,-0.002424270615793991,0.00039724721894752123,0.001841011601928394,0.0012371632003119744,-0.004538727888648676,-0.0003816415097891469,0.002332547893771927,-0.0008800177733587065,0.0002507538382572731,0.00014545014512429055,-0.0011722098984539493,0.0008358506046970361,0.0003680370170798257,0.004516201244373066,-2.1748379821716582e-5,0.0014485002920113048,-0.0031193341939003793,0.00031061003183176174,-0.0012298305858758265,2.1455987708914708e-5,0.0009455731760334279,0.0003088191771321282,-0.0013880421149883608,0.0002374392541521255,-0.003024994412609245,0.002530464306930463,0.0012563892050612901,0.002233817399748733,0.0002423040529027122,-0.00015884522886054351,0.0005917810359228293,0.000658066973956121,0.0017147753616452112,-2.1748379821716582e-5,0.002430234779318907,0.00018032423023898921,0.002780905796172019,0.0020227398136732078,0.0006353786754992936,-9.852801652908104e-5,0.00017536432920603717,0.0006543240601774996,0.0004988499986540435,-0.0005718992608483145,0.00035048461962008026,-0.00029519105682679564,0.0007597697873075392,-0.00124901388434354,0.0007017142488074274,-0.0009583051563757917,-0.0005852904617248871,-0.0005345600117693962,-0.003356712743516102,0.0014485002920113048,0.00018032423023898921,0.01036535979621819,-0.0033127929130384016,0.0012791716555127814,0.0012593051480585915,0.0009392651381565411,0.0026870167198345465,0.0006683921147710868,-0.0006771256045398409,0.00034857652064518594,-0.0006698601426364716,0.002239794629379087,-0.0003862564627458053,0.0051241637501014264,-0.0007850010941141177,0.0052594098236506,0.001177973702899202,-0.0008869939020343391,0.006785392243821296,-0.0031193341939003793,0.002780905796172019,-0.0033127929130384016,0.02158347650608415,0.0012445573304781586,0.0012642558677691397,0.00037996358271365677,-0.004935571752718438,-0.0007880428576112134,0.002895557458225624,0.0011878078225298835,0.001244957729261485,-0.0055279532821890034,-0.00013502471143582304,0.0030575330754677283,0.0037802673555925974,-0.015598269023647766,0.004641608420856247,0.0015627271941235895,0.0013463055278541646,0.00031061003183176174,0.0020227398136732078,0.0012791716555127814,0.0012445573304781586,0.03685148958551664,0.005180669078357815,-0.002184979926980405,0.004417305633508649,-0.0005301362983881501,0.0032829851686945223,-0.002818158973941888,0.004782892889931233,0.0004396234406530276,-0.0010511913545023827,0.0010614236509507067,0.0007349612876910924,-0.0027781871557082073,0.0016664963239021043,0.00020160424613664473,-0.0013410077581594562,-0.0012298305858758265,0.0006353786754992936,0.0012593051480585915,0.0012642558677691397,0.005180669078357815,0.009166302263592184,-0.0013240061520371955,-0.0002929697664966809,-0.0008486598971109624,0.0016465369009953643,-0.0005325646294041585,0.0037453027764467435,-0.0011901035316467497,-0.00045783451089261956,0.0005527512343534482,-0.00018517071075798075,0.0015863554382955641,-0.00024173682434019798,0.00021747200174987734,-0.0005702108779355435,2.1455987708914708e-5,-9.852801652908104e-5,0.0009392651381565411,0.00037996358271365677,-0.002184979926980405,-0.0013240061520371955,0.0032587916078341155,-0.00011192851739300937,0.0007568610197984222,-0.001029905296918262,0.00048259807352537973,0.000829589426562418,0.0006387139686615892,0.00017248194442819273,-0.0044681510262172585,-0.00017139651085007368,-0.003507995491083592,-0.0006069109638490298,0.0007726746125518363,-0.002424270615793991,0.0009455731760334279,0.00017536432920603717,0.0026870167198345465,-0.004935571752718438,0.004417305633508649,-0.0002929697664966809,-0.00011192851739300937,0.0134700984464413,0.0003892154241881047,-0.0006757608524437703,0.00172918136823826,-0.00025306471948573694,6.18469722569907e-6,0.0001709354434837172,0.0016804834330710061,-0.00010578500234224577,-0.0003324917579446426,0.00035026586940979296,0.0005225129123089993,0.00039724721894752123,0.0003088191771321282,0.0006543240601774996,0.0006683921147710868,-0.0007880428576112134,-0.0005301362983881501,-0.0008486598971109624,0.0007568610197984222,0.0003892154241881047,0.0036670876668841177,0.0002706033123816849,-0.000589965044733803,0.0004991765833973246,0.0021684741148609984,0.0009580277089408248,0.0014816980252002755,0.0005003308009396451,-0.002009510255786457,0.0005057999775898738,-0.0005960698183373278,0.001841011601928394,-0.0013880421149883608,0.0004988499986540435,-0.0006771256045398409,0.002895557458225624,0.0032829851686945223,0.0016465369009953643,-0.001029905296918262,-0.0006757608524437703,0.0002706033123816849,0.00892883239900239,0.00012562317599286189,-4.922347103717961e-5,-0.0002555299253636417,-0.0003576661241129845,-0.003162765902209381,-0.0005629855054412211,0.0019994223141223677,-0.0016804927900967432,-0.00017663240271461247,0.0012371632003119744,0.0002374392541521255,-0.0005718992608483145,0.00034857652064518594,0.0011878078225298835,-0.002818158973941888,-0.0005325646294041585,0.00048259807352537973,0.00172918136823826,-0.000589965044733803,0.00012562317599286189,0.005903027721487982,-0.002727271146627714,-0.00036185740193354356,-0.0004390227337002482,0.0032666118573294995,4.958944907830702e-6,-0.0036182507538694625,0.003673284438992664,0.0011249080696870974,-0.004538727888648676,-0.003024994412609245,0.00035048461962008026,-0.0006698601426364716,0.001244957729261485,0.004782892889931233,0.0037453027764467435,0.000829589426562418,-0.00025306471948573694,0.0004991765833973246,-4.922347103717961e-5,-0.002727271146627714,0.017922199132673167,-0.001057046933476684,-0.0003453621036857104,0.00030541110173429255,0.0014375239923966215,-0.001349067048862865,-0.00037454913760422604,0.0016224128027044521,-0.0003816415097891469,0.002530464306930463,-0.00029519105682679564,0.002239794629379087,-0.0055279532821890034,0.0004396234406530276,-0.0011901035316467497,0.0006387139686615892,6.18469722569907e-6,0.0021684741148609984,-0.0002555299253636417,-0.00036185740193354356,-0.001057046933476684,0.008934516676948,0.0010030088112074468,0.0016455095963801136,0.00042913008753769113,0.005538225855881694,-4.302028750783468e-5,0.0018758946618006639,0.002332547893771927,0.0012563892050612901,0.0007597697873075392,-0.0003862564627458053,-0.00013502471143582304,-0.0010511913545023827,-0.00045783451089261956,0.00017248194442819273,0.0001709354434837172,0.0009580277089408248,-0.0003576661241129845,-0.0004390227337002482,-0.0003453621036857104,0.0010030088112074468,0.005835858611352483
0.0062760620744355304,0.0010532078792406634,0.0018956125416094587,-0.000721428301540385,-8.523863732511636e-5,0.003356290298928139,0.00045108121545521924,-0.0008111521426449595,0.00020364098660358702,-0.0016903052617309373,0.0007517900981423341,0.0008364029539657226,0.001899369060863693,0.0011902428606351744,-7.120858329758803e-5,0.0014151225375901,0.0001818113980404753,0.002222194445395553,-0.001784030031400115,-0.0007508907241910004,0.0010532078792406634,0.005277925327573064,-0.000235110146213584,-0.001681447178321192,0.0002203346820817035,0.003421302493914,-0.0004693416923214388,0.00011807382818082774,0.0007301872786815082,0.0005039453875151122,0.0022985733411724036,0.0013886574780070926,6.303966400300163e-5,-0.0011247812041677496,0.0007614718284817773,0.000782371400183911,1.0543906705202365e-5,0.0021456340869979956,-0.002072396280657709,9.648662631755252e-5,0.0018956125416094587,-0.000235110146213584,0.02609283569434354,0.00040751151503346645,-0.0006185438685387097,0.0008476755868936104,-0.00034281696078096154,0.00043009911106946914,-0.002272242562030052,0.0026160335167043566,0.000442644197783216,0.001896330544001031,0.0006102982643936071,0.0028423732158980213,0.0012132081648776804,0.0009380472164802802,-0.0014874834405111763,0.0016006941890151084,0.00209960443980159,-0.000341110644635025,-0.000721428301540385,-0.001681447178321192,0.00040751151503346645,0.004180674010427639,0.0004646943957049251,-0.0032466410467171134,0.002044451994896806,-3.068174506938919e-5,-0.00013318676242130972,0.0016258093527121318,-0.0029170697728637326,-0.0004696175002227061,0.0010739999313651837,0.0035212020354904363,-0.00017815882943129045,0.0005810605174845773,0.001376281817068466,-0.00014755987681150764,0.0043164162803137115,0.0005237640180049507,-8.523863732511636e-5,0.0002203346820817035,-0.0006185438685387097,0.0004646943957049251,0.0038169450104245492,-0.0015551451638105176,0.00016537340205666554,0.000976646149785135,0.00020093932642823809,0.001915599660788601,8.363779911334856e-5,-0.0005396939216237796,0.0010268580636086768,0.00224342174411074,0.0010952379578847557,0.00038467133699773663,0.000759409641441091,0.0008833245089447746,0.002164255417604721,0.0003597722891994843,0.003356290298928139,0.003421302493914,0.0008476755868936104,-0.0032466410467171134,-0.0015551451638105176,0.017301775616667948,-0.0006696041377716384,-0.001240512102694625,0.0007456873136363512,-0.0005276077423098362,0.007220262458833536,0.0015359818014448595,-0.000785689348827316,-0.0034683109075562997,0.0015990373257289102,-0.0005204992026390051,-0.0019139826042714981,0.0026956775545504104,-0.006424979132782789,-0.0017654806219334694,0.00045108121545521924,-0.0004693416923214388,-0.00034281696078096154,0.002044451994896806,0.00016537340205666554,-0.0006696041377716384,0.0037689671483364154,-7.045251260500922e-5,0.0009171139153375728,0.002000948914603239,-0.0008481031952843202,-0.00020075171866832043,0.001363357711095191,0.002696497589499236,0.00011662958128175055,0.001499617259854751,0.0008544381403577015,0.0004820412156761243,0.0018088829373214062,0.0004547036839263497,-0.0008111521426449595,0.00011807382818082774,0.00043009911106946914,-3.068174506938919e-5,0.000976646149785135,-0.001240512102694625,-7.045251260500922e-5,0.0020603524884701034,-0.00014157065884932643,0.0012761493258689875,2.0461173721470016e-5,0.00034266134232654327,-0.00043592896089862735,0.0009240802324132279,0.0007072941137195273,-0.0002976766309745121,6.774052970159522e-5,-0.0008996813716227513,0.0008669375821348125,0.00046533857714387233,0.00020364098660358702,0.0007301872786815082,-0.002272242562030052,-0.00013318676242130972,0.00020093932642823809,0.0007456873136363512,0.0009171139153375728,-0.00014157065884932643,0.00781837072481437,0.0019863225429849808,0.0007994763671493406,0.0007505818338165542,0.00031156043439527377,0.0004909684621089604,0.0006059147719928305,-6.235503907961245e-5,0.0008566346838784013,0.0022466682911151115,0.0004250641800322831,0.0009454037961113713,-0.0016903052617309373,0.0005039453875151122,0.0026160335167043566,0.0016258093527121318,0.001915599660788601,-0.0005276077423098362,0.002000948914603239,0.0012761493258689875,0.0019863225429849808,0.016380017181084436,0.0007581413359319364,0.0009515519213160352,-9.648972501574962e-5,0.0041666125016165435,0.0023579618172878654,-0.0005690025952152031,-0.0005460774407281849,0.0005355564500967811,0.005176214283133087,0.002392652124428669,0.0007517900981423341,0.0022985733411724036,0.000442644197783216,-0.0029170697728637326,8.363779911334856e-5,0.007220262458833536,-0.0008481031952843202,2.0461173721470016e-5,0.0007994763671493406,0.0007581413359319364,0.025785693801139594,0.0030883875670751062,0.0001095704194364972,-0.0030576676726122506,0.0017825661191814108,-0.0009488960336407394,-0.0030811444198517667,0.0026183185273749125,-0.0023833378547266472,0.0002601238637108703,0.0008364029539657226,0.0013886574780070926,0.001896330544001031,-0.0004696175002227061,-0.0005396939216237796,0.0015359818014448595,-0.00020075171866832043,0.00034266134232654327,0.0007505818338165542,0.0009515519213160352,0.0030883875670751062,0.010173620477494136,0.00029807328330201167,-8.188405398593622e-5,-0.00018720348655139297,-0.00019092882243674418,-0.0010955657117945493,-0.0002621553773383183,-0.0007531374053569204,0.0012436827132540343,0.001899369060863693,6.303966400300163e-5,0.0006102982643936071,0.0010739999313651837,0.0010268580636086768,-0.000785689348827316,0.001363357711095191,-0.00043592896089862735,0.00031156043439527377,-9.648972501574962e-5,0.0001095704194364972,0.00029807328330201167,0.004767350753291454,0.0022016680162200365,-0.00020878321170065894,0.002743777158570708,0.0010723608966327835,0.0014432880732240096,0.0013976382781956415,9.03812469540821e-5,0.0011902428606351744,-0.0011247812041677496,0.0028423732158980213,0.0035212020354904363,0.00224342174411074,-0.0034683109075562997,0.002696497589499236,0.0009240802324132279,0.0004909684621089604,0.0041666125016165435,-0.0030576676726122506,-8.188405398593622e-5,0.0022016680162200365,0.015722279141318008,0.0011570228821711675,0.0009058652274442456,0.001632660721739279,0.0013098573111872901,0.006361073321312471,0.0019273814913297448,-7.120858329758803e-5,0.0007614718284817773,0.0012132081648776804,-0.00017815882943129045,0.0010952379578847557,0.0015990373257289102,0.00011662958128175055,0.0007072941137195273,0.0006059147719928305,0.0023579618172878654,0.0017825661191814108,-0.00018720348655139297,-0.00020878321170065894,0.0011570228821711675,0.003417257168946268,-0.0007438633821957476,-0.00011252321543327683,0.0005824359011597068,0.0005899501382758982,0.00042501133276672443,0.0014151225375901,0.000782371400183911,0.0009380472164802802,0.0005810605174845773,0.00038467133699773663,-0.0005204992026390051,0.001499617259854751,-0.0002976766309745121,-6.235503907961245e-5,-0.0005690025952152031,-0.0009488960336407394,-0.00019092882243674418,0.002743777158570708,0.0009058652274442456,-0.0007438633821957476,0.009339060660617998,0.0010486881719416281,0.0010132843816105111,0.0006226379341545642,-0.0002637855904839996,0.0001818113980404753,1.0543906705202365e-5,-0.0014874834405111763,0.001376281817068466,0.000759409641441091,-0.0019139826042714981,0.0008544381403577015,6.774052970159522e-5,0.0008566346838784013,-0.0005460774407281849,-0.0030811444198517667,-0.0010955657117945493,0.0010723608966327835,0.001632660721739279,-0.00011252321543327683,0.0010486881719416281,0.0037083471236410218,0.0009310475967637872,0.001792287117122674,0.00018962653294619247,0.002222194445395553,0.0021456340869979956,0.0016006941890151084,-0.00014755987681150764,0.0008833245089447746,0.0026956775545504104,0.0004820412156761243,-0.0008996813716227513,0.0022466682911151115,0.0005355564500967811,0.0026183185273749125,-0.0002621553773383183,0.0014432880732240096,0.0013098573111872901,0.0005824359011597068,0.0010132843816105111,0.0009310475967637872,0.013435049006020161,0.0008345244862089234,-0.0001400221738841407,-0.001784030031400115,-0.002072396280657709,0.00209960443980159,0.0043164162803137115,0.002164255417604721,-0.006424979132782789,0.0018088829373214062,0.0008669375821348125,0.0004250641800322831,0.005176214283133087,-0.0023833378547266472,-0.0007531374053569204,0.0013976382781956415,0.006361073321312471,0.0005899501382758982,0.0006226379341545642,0.001792287117122674,0.0008345244862089234,0.012917228601142822,0.002207016414206256,-0.0007508907241910004,9.648662631755252e-5,-0.000341110644635025,0.0005237640180049507,0.0003597722891994843,-0.0017654806219334694,0.0004547036839263497,0.00046533857714387233,0.0009454037961113713,0.002392652124428669,0.0002601238637108703,0.0012436827132540343,9.03812469540821e-5,0.0019273814913297448,0.00042501133276672443,-0.0002637855904839996,0.00018962653294619247,-0.0001400221738841407,0.002207016414206256,0.004378186377979731
