0.032861064910126456,-0.004727823777130944,0.005761923839683893,-0.003882959730730711,-0.0032016158594936625,0.004952515085443027,-0.0016051340882283064,-0.0003527408758911909,-0.0035178207188601967,-0.0026814016563625224,0.004908882549994201,0.004489831556674005,0.002622770395132556,-0.004670004522169363,-0.006121235268220712,-0.001919722214175905,-0.005931889715176166,0.03303333633957952,0.0023781701953979398,-0.002106043173800167,-0.004727823777130944,0.03614520808054036,-0.001685444094909348,0.00380691461509301,0.0007949622015534187,0.0012444196692996123,0.001134671054605874,0.0023916959962632495,0.002761836550238575,-9.274137880857167e-5,-0.0017269919172973377,0.0025578727717110485,0.013281283709690783,0.0038353444005590986,-0.002392511580500395,0.0014827975850593034,0.001261598297562267,-0.010222751727144395,0.006586390589520741,0.002102108233706261,0.005761923839683893,-0.001685444094909348,0.0065181547273730715,-0.00306370328556184,-0.003618169324428452,0.00352470953564365,0.0021616218755076957,0.0017757520905335945,-0.00422749281189672,-0.00042229909378252916,0.01002567789348163,9.200026453492501e-5,-0.006074353409782872,-0.0009396232534310424,-0.00978620961215006,-0.0033639401854037845,-0.004270875015851406,0.009829549972565962,-0.0005545435958783625,-0.00028191488544139243,-0.003882959730730711,0.00380691461509301,-0.00306370328556184,0.0070341340853353074,0.0034086116505190646,-0.00011834108108158101,-5.708617992382522e-6,-0.00011736594200870316,0.0031008896210540787,0.0034758773824410446,-0.004509016317216185,0.0007037406446767096,0.003532616898804734,0.0024264851618435975,0.007580148575756101,0.003303714920981666,0.0034995338352472585,-0.0077958853899730216,0.0004414308360363989,0.0014456413831168513,-0.0032016158594936625,0.0007949622015534187,-0.003618169324428452,0.0034086116505190646,0.0059616615777894595,-0.001695870455471895,-0.0021927975943203987,2.095533345874013e-5,0.0030012031694765396,-0.00012056879267575808,-0.008833046771852985,0.0008466888843474738,0.005542268531092772,0.0019670123976684387,0.01032517687250413,0.004394128420911296,0.005087145183575356,-0.006380771869861009,0.0007799504776745605,8.626411036204593e-5,0.004952515085443027,0.0012444196692996123,0.00352470953564365,-0.00011834108108158101,-0.001695870455471895,0.00953481594055341,0.0010880956957305043,0.0009050392224202559,-0.002251911838147733,0.00048018900079122115,0.00796219684079213,0.001532295270151609,-0.0024021623208411455,0.0007879229858287173,-0.006589484029735492,-0.0007830629391109373,-0.0017186403220168043,0.008071411735205808,-0.0006356544636589886,-0.000775988436747867,-0.0016051340882283064,0.001134671054605874,0.0021616218755076957,-5.708617992382522e-6,-0.0021927975943203987,0.0010880956957305043,0.010074953357960367,0.0035521171009229406,-0.0009659032844773247,0.002875211786576339,0.005538534929059771,-0.0007633034373521947,-0.006832848432184586,0.001304130263458336,-0.005308584950367552,-0.0033889687167982267,-0.0018395602626454573,-0.0009088170730945551,0.0005533480266796303,0.001531973861874371,-0.0003527408758911909,0.0023916959962632495,0.0017757520905335945,-0.00011736594200870316,2.095533345874013e-5,0.0009050392224202559,0.0035521171009229406,0.006962707639346663,-0.001218896818459886,-0.0021339164352175977,0.0038376975397491544,-0.000124608763753267,-0.004353849895162468,0.0005684824475302254,-0.0036250186124732017,-0.0027990766666820066,-0.0012734607261106522,0.0010973485651837173,0.0023843063923013517,0.0012322728886089407,-0.0035178207188601967,0.002761836550238575,-0.00422749281189672,0.0031008896210540787,0.0030012031694765396,-0.002251911838147733,-0.0009659032844773247,-0.001218896818459886,0.006167472321626946,0.0016941092933067119,-0.007928819634778341,0.0011659063650884152,0.008369928728389549,0.0012176824851528485,0.009346971378763638,0.0028386525954831477,0.004096307211685383,-0.006984966101722583,0.0010040861451643544,0.0004461867608079533,-0.0026814016563625224,-9.274137880857167e-5,-0.00042229909378252916,0.0034758773824410446,-0.00012056879267575808,0.00048018900079122115,0.002875211786576339,-0.0021339164352175977,0.0016941092933067119,0.015034764129122961,0.0004374970157884964,-5.452986750489181e-6,-0.005445499252140244,0.0030918495489150434,-0.0016154380051998187,0.00021759548639726752,0.002367705179964197,-0.004610808150103699,-0.0053386431948669166,0.0012026996646924788,0.004908882549994201,-0.0017269919172973377,0.01002567789348163,-0.004509016317216185,-0.008833046771852985,0.00796219684079213,0.005538534929059771,0.0038376975397491544,-0.007928819634778341,0.0004374970157884964,0.0434438071200073,-0.00352798609536396,-0.011393065021676477,-0.0018791971507489706,-0.015408730643436222,-0.007832519191504263,-0.009388861345681648,0.01324356319049183,-0.002339631454063975,0.0015833330452969588,0.004489831556674005,0.0025578727717110485,9.200026453492501e-5,0.0007037406446767096,0.0008466888843474738,0.001532295270151609,-0.0007633034373521947,-0.000124608763753267,0.0011659063650884152,-5.452986750489181e-6,-0.00352798609536396,0.005866146920564559,0.002603706951380167,8.634073571302334e-5,0.0005038759130378781,0.0014687031312349457,0.0009438198619741932,0.007344739684492006,0.00047907209153702187,-0.0007929854411511636,0.002622770395132556,0.013281283709690783,-0.006074353409782872,0.003532616898804734,0.005542268531092772,-0.0024021623208411455,-0.006832848432184586,-0.004353849895162468,0.008369928728389549,-0.005445499252140244,-0.011393065021676477,0.002603706951380167,0.05329464340652968,0.002120088087470987,0.024056617475272567,0.009975473274803071,0.00585447652230504,-0.015303008931242496,0.008099803422722252,-0.000545396467056594,-0.004670004522169363,0.0038353444005590986,-0.0009396232534310424,0.0024264851618435975,0.0019670123976684387,0.0007879229858287173,0.001304130263458336,0.0005684824475302254,0.0012176824851528485,0.0030918495489150434,-0.0018791971507489706,8.634073571302334e-5,0.002120088087470987,0.008122706666617237,-0.001092221868393404,0.0010695579816424263,0.003950528713899414,-0.009929133532925936,-0.0013386963818342163,-0.00043428350775785317,-0.006121235268220712,-0.002392511580500395,-0.00978620961215006,0.007580148575756101,0.01032517687250413,-0.006589484029735492,-0.005308584950367552,-0.0036250186124732017,0.009346971378763638,-0.0016154380051998187,-0.015408730643436222,0.0005038759130378781,0.024056617475272567,-0.001092221868393404,0.04584611961346334,0.012852433920686303,0.006841004393022114,-0.013109207460729431,0.005447324600155048,0.0019641339754851344,-0.001919722214175905,0.0014827975850593034,-0.0033639401854037845,0.003303714920981666,0.004394128420911296,-0.0007830629391109373,-0.0033889687167982267,-0.0027990766666820066,0.0028386525954831477,0.00021759548639726752,-0.007832519191504263,0.0014687031312349457,0.009975473274803071,0.0010695579816424263,0.012852433920686303,0.008803664311099009,0.0033394975042775354,-0.006122446508685291,0.0006093691644837285,0.00033481244146307376,-0.005931889715176166,0.001261598297562267,-0.004270875015851406,0.0034995338352472585,0.005087145183575356,-0.0017186403220168043,-0.0018395602626454573,-0.0012734607261106522,0.004096307211685383,0.002367705179964197,-0.009388861345681648,0.0009438198619741932,0.00585447652230504,0.003950528713899414,0.006841004393022114,0.0033394975042775354,0.011217687019198626,-0.01196861064174182,-0.0022599353561214763,-0.0011530211813258891,0.03303333633957952,-0.010222751727144395,0.009829549972565962,-0.0077958853899730216,-0.006380771869861009,0.008071411735205808,-0.0009088170730945551,0.0010973485651837173,-0.006984966101722583,-0.004610808150103699,0.01324356319049183,0.007344739684492006,-0.015303008931242496,-0.009929133532925936,-0.013109207460729431,-0.006122446508685291,-0.01196861064174182,0.07590543274665712,0.002672975120876003,-0.0022647369669051634,0.0023781701953979398,0.006586390589520741,-0.0005545435958783625,0.0004414308360363989,0.0007799504776745605,-0.0006356544636589886,0.0005533480266796303,0.0023843063923013517,0.0010040861451643544,-0.0053386431948669166,-0.002339631454063975,0.00047907209153702187,0.008099803422722252,-0.0013386963818342163,0.005447324600155048,0.0006093691644837285,-0.0022599353561214763,0.002672975120876003,0.01047760855105848,0.0014648450425003025,-0.002106043173800167,0.002102108233706261,-0.00028191488544139243,0.0014456413831168513,8.626411036204593e-5,-0.000775988436747867,0.001531973861874371,0.0012322728886089407,0.0004461867608079533,0.0012026996646924788,0.0015833330452969588,-0.0007929854411511636,-0.000545396467056594,-0.00043428350775785317,0.0019641339754851344,0.00033481244146307376,-0.0011530211813258891,-0.0022647369669051634,0.0014648450425003025,0.003209122309816989
0.036007443464393996,0.023346571696951857,0.004473087253476981,0.0024243997527429537,0.004748806289293059,0.007930325604481144,0.008558371083313287,0.0023365548253744886,0.005194512897888157,0.00701372626464177,0.00854270922489066,0.005979042522601827,0.007476779350226469,0.0058532175072321365,0.013793249355058297,0.004943046689110567,0.003957954672090893,0.013685338859608634,0.008557862765604628,0.0067234243941357175,0.023346571696951857,0.061126321533513425,0.008698298290382048,0.008627797867330415,0.009309406727752911,0.0108104858331464,0.015351777206339188,0.00735712200380227,0.010194844686086332,0.009158320788923792,0.015710047511637324,0.010264610354840092,0.017141545759628625,0.009558530144167821,0.026384512792476056,0.006106794438942081,0.009805503260302828,0.02826686218234107,0.0013720568384930298,0.011179673487557724,0.004473087253476981,0.008698298290382048,0.004908550064270063,0.003105162468822833,0.0015401477404140428,0.003396245460108342,0.0025244944808472908,0.0026483190381856574,0.0020969422252159133,0.00212667418167555,0.0058132554944757536,0.004507747002219483,0.010262157219628563,0.0020919317458961226,0.005780475933675223,0.0017872593190262783,0.0028570409199640814,0.0028752895506675247,0.0009906268492823945,0.002843681999622297,0.0024243997527429537,0.008627797867330415,0.003105162468822833,0.00824950349840373,0.002541002969454929,0.0056508540897409225,0.003540480214767993,0.00566109052442429,0.003218534331728145,0.002984716056617866,0.009883182860382695,0.005790194984252018,0.010003082906097803,0.004114950989978406,0.007100752398764035,0.0021347036522805863,0.0056056336410585435,0.00916067727010501,-4.9616186817858215e-5,0.004168046386012005,0.004748806289293059,0.009309406727752911,0.0015401477404140428,0.002541002969454929,0.003419183023169816,0.0027361316376625297,0.0035504736674892984,0.0025180957996696093,0.0024027580628232315,0.0025692737212652693,0.00484936672787961,0.0023549522883117634,0.003426156708328977,0.0018386693701788555,0.005010763737955219,0.0016993390625934868,0.0019656359432993513,0.0065481479261589575,0.0014334446225489528,0.002737618414302114,0.007930325604481144,0.0108104858331464,0.003396245460108342,0.0056508540897409225,0.0027361316376625297,0.015713565900861308,0.008937743117120877,0.002976477273532583,0.004167751909751283,0.0032986704375781196,0.013295640949113844,0.0059815303208055285,0.012831198437063754,0.003945771535315628,0.007968446864441914,0.0034435235094400253,0.005682928666146806,0.006739317700928298,0.005520338710642409,0.005872156737569245,0.008558371083313287,0.015351777206339188,0.0025244944808472908,0.003540480214767993,0.0035504736674892984,0.008937743117120877,0.0158157861737809,0.002926550259061452,0.004630406036682047,0.005114626715603726,0.014229457091658742,0.005983679794864914,0.00904936367102516,0.004508548956382209,0.007016442090987826,0.0037406833660563227,0.003705997312587876,0.010450968111704324,0.005384461075742631,0.005567972962289123,0.0023365548253744886,0.00735712200380227,0.0026483190381856574,0.00566109052442429,0.0025180957996696093,0.002976477273532583,0.002926550259061452,0.011046232376857631,0.002331113107477111,0.0034995003578676483,0.013440202770528348,0.006792887848364854,0.00826693578389968,0.004260820487670519,0.009225091657340478,0.003020845237660966,0.005274953064322135,0.018564800753680118,-0.0004175909270652601,0.004105038503003354,0.005194512897888157,0.010194844686086332,0.0020969422252159133,0.003218534331728145,0.0024027580628232315,0.004167751909751283,0.004630406036682047,0.002331113107477111,0.004433944243963366,0.0026679580549971876,0.00648543656655078,0.0037640974114765326,0.006258881876888781,0.0022913204671162982,0.006471957856486816,0.0013757237244514768,0.0032695015138404894,0.007206145920360989,0.0019957514473949774,0.003426586116730649,0.00701372626464177,0.009158320788923792,0.00212667418167555,0.002984716056617866,0.0025692737212652693,0.0032986704375781196,0.005114626715603726,0.0034995003578676483,0.0026679580549971876,0.013407604487537212,0.010696955141635659,0.0052352041388365675,0.010464601593963249,0.00267666921872176,0.006587253570002527,0.0029518879709362917,0.0036532809448507368,0.013256243476793921,0.005994703795715035,0.002803909028330208,0.00854270922489066,0.015710047511637324,0.0058132554944757536,0.009883182860382695,0.00484936672787961,0.013295640949113844,0.014229457091658742,0.013440202770528348,0.00648543656655078,0.010696955141635659,0.05020722764121728,0.016962298653713615,0.025525545186706064,0.009268383088920598,0.017152330376344973,0.006610619852946403,0.01120524096644052,0.030073124159883682,0.011377480246227754,0.010082762870710794,0.005979042522601827,0.010264610354840092,0.004507747002219483,0.005790194984252018,0.0023549522883117634,0.0059815303208055285,0.005983679794864914,0.006792887848364854,0.0037640974114765326,0.0052352041388365675,0.016962298653713615,0.01300150941980802,0.013451557987762972,0.003939747070678555,0.009078462169418794,0.002565867290892673,0.006299927677270733,0.011485225925148262,0.0027970445840000743,0.005532598625772272,0.007476779350226469,0.017141545759628625,0.010262157219628563,0.010003082906097803,0.003426156708328977,0.012831198437063754,0.00904936367102516,0.00826693578389968,0.006258881876888781,0.010464601593963249,0.025525545186706064,0.013451557987762972,0.052198837972121444,0.0023961897918628864,0.015145015125439323,0.004675818997779536,0.011537658720058061,0.006487945364983892,0.007679262366575892,0.008178016422531523,0.0058532175072321365,0.009558530144167821,0.0020919317458961226,0.004114950989978406,0.0018386693701788555,0.003945771535315628,0.004508548956382209,0.004260820487670519,0.0022913204671162982,0.00267666921872176,0.009268383088920598,0.003939747070678555,0.0023961897918628864,0.009390156272205383,0.006868659251299347,0.0024009734539846036,0.0038508593001045197,0.015541133288384613,0.0004216528288119993,0.0034843193835581918,0.013793249355058297,0.026384512792476056,0.005780475933675223,0.007100752398764035,0.005010763737955219,0.007968446864441914,0.007016442090987826,0.009225091657340478,0.006471957856486816,0.006587253570002527,0.017152330376344973,0.009078462169418794,0.015145015125439323,0.006868659251299347,0.033248091171141136,0.003272020271306378,0.006988757661501508,0.023301109257947754,0.0012305073277059419,0.008290984337709705,0.004943046689110567,0.006106794438942081,0.0017872593190262783,0.0021347036522805863,0.0016993390625934868,0.0034435235094400253,0.0037406833660563227,0.003020845237660966,0.0013757237244514768,0.0029518879709362917,0.006610619852946403,0.002565867290892673,0.004675818997779536,0.0024009734539846036,0.003272020271306378,0.004776663551324621,0.003291665300948908,0.010020232954946511,0.002908673471878436,0.002463565916177331,0.003957954672090893,0.009805503260302828,0.0028570409199640814,0.0056056336410585435,0.0019656359432993513,0.005682928666146806,0.003705997312587876,0.005274953064322135,0.0032695015138404894,0.0036532809448507368,0.01120524096644052,0.006299927677270733,0.011537658720058061,0.0038508593001045197,0.006988757661501508,0.003291665300948908,0.011060580599657466,0.014302213601395905,0.001791082091091004,0.004381751621906481,0.013685338859608634,0.02826686218234107,0.0028752895506675247,0.00916067727010501,0.0065481479261589575,0.006739317700928298,0.010450968111704324,0.018564800753680118,0.007206145920360989,0.013256243476793921,0.030073124159883682,0.011485225925148262,0.006487945364983892,0.015541133288384613,0.023301109257947754,0.010020232954946511,0.014302213601395905,0.08377936404889459,0.006672208418148354,0.009287516665286566,0.008557862765604628,0.0013720568384930298,0.0009906268492823945,-4.9616186817858215e-5,0.0014334446225489528,0.005520338710642409,0.005384461075742631,-0.0004175909270652601,0.0019957514473949774,0.005994703795715035,0.011377480246227754,0.0027970445840000743,0.007679262366575892,0.0004216528288119993,0.0012305073277059419,0.002908673471878436,0.001791082091091004,0.006672208418148354,0.014679523170902705,0.002233830281040428,0.0067234243941357175,0.011179673487557724,0.002843681999622297,0.004168046386012005,0.002737618414302114,0.005872156737569245,0.005567972962289123,0.004105038503003354,0.003426586116730649,0.002803909028330208,0.010082762870710794,0.005532598625772272,0.008178016422531523,0.0034843193835581918,0.008290984337709705,0.002463565916177331,0.004381751621906481,0.009287516665286566,0.002233830281040428,0.005739715459096914
0.03387730200940864,0.007194649533742242,-0.0015473719107077294,0.002980579411569531,0.005030713385406001,-0.0029717687904306485,0.008780957189411218,0.001091171893141831,-3.7605644352828056e-6,-0.0024334768262087693,0.014912236496952166,-0.00210721125423765,-0.006337029406829399,-0.005666367586397534,-9.916289408098207e-5,-0.001138564085386287,-0.0036370709613748374,-0.01832174914434872,-0.010009559489279351,-0.002975312843333549,0.007194649533742242,0.03433344996534436,5.78575434945995e-5,0.00021277081226677092,0.00499314474830711,0.0014085786206613814,0.005988792095408487,0.0002968785767028644,0.001597443129399569,-0.0055667752217509504,0.008097451223041624,-0.001465143316450611,-0.004915010304912369,0.002625140707280756,0.00427980399449924,0.0026759395447133643,-0.0005108767602879263,0.002376243309920382,-0.008026028297999609,-0.0035531178337485157,-0.0015473719107077294,5.78575434945995e-5,0.003569125635659908,0.0003167575597271946,-0.0009611118896875822,0.000981002395501929,-0.000657204426622908,0.0016026216407923277,0.00015312592273426383,0.002672468541906862,-0.0024943737120239288,0.0010967678892438027,0.004211110222462797,0.0011080467996992913,-0.0011165072259217601,-0.0005872223210881444,0.00030890079051701006,0.0020150555346623925,0.000294362774492625,0.0011975380697492538,0.002980579411569531,0.00021277081226677092,0.0003167575597271946,0.006511481652875928,-0.0005964902881195355,-0.002531303402517582,0.001340836252390927,0.0013038774589258272,0.00087052293410261,0.0025663106344307194,0.003943467067154843,-0.0015497204465311923,0.004151111387264931,-0.003395529544322631,-0.0006135834714735694,4.7065835248240144e-5,-0.003333920653272489,-0.005031491333391907,-0.0003753257194016171,-2.4439789574016887e-5,0.005030713385406001,0.00499314474830711,-0.0009611118896875822,-0.0005964902881195355,0.0054375908559997875,0.0001691182422563266,0.002672174198534332,-0.0024035560217381836,0.0008954034446197834,-0.002183714735662802,0.006017229593849118,-0.0001458954824777841,-0.005530235685655837,0.001657060603010069,0.0023103861926327108,0.001091544979570962,-0.000913097451728645,0.00019158940408598395,-0.004265342012437319,-0.0031467988144258897,-0.0029717687904306485,0.0014085786206613814,0.000981002395501929,-0.002531303402517582,0.0001691182422563266,0.013693092219939166,-0.001445837316574451,0.00016934727983961576,-0.00010073217375038352,-0.0005882798174853395,-0.0029640705622441736,-0.0002591234965545815,0.005167480712278511,0.005152157985708147,-0.0019254253951765592,0.00019709518859239923,0.008181473458820606,0.007284059066766385,0.000987796520848577,0.002618270491340218,0.008780957189411218,0.005988792095408487,-0.000657204426622908,0.001340836252390927,0.002672174198534332,-0.001445837316574451,0.011283035047766852,0.0006232266788782819,0.001921625859777924,0.0018159836297230443,0.009693185459788024,-0.0002967696723681681,0.0023416562771282905,-0.0037290354003352523,0.002334086214922016,0.0005869087701844574,-0.004384147182013361,-0.005217274484523248,-0.00507057332184747,-0.0009400644658714677,0.001091171893141831,0.0002968785767028644,0.0016026216407923277,0.0013038774589258272,-0.0024035560217381836,0.00016934727983961576,0.0006232266788782819,0.006407919747723305,-1.1626217174455543e-5,0.001945244754021764,-0.002499608186821805,-0.0008113984919690847,0.007690079617170113,-0.002387827074709815,-0.003376569279642902,-0.0016094588850840332,0.0005063502942731116,-0.00368108041459022,7.042113303474043e-5,0.002088091890383227,-3.7605644352828056e-6,0.001597443129399569,0.00015312592273426383,0.00087052293410261,0.0008954034446197834,-0.00010073217375038352,0.001921625859777924,-1.1626217174455543e-5,0.003101258626753369,0.0018967700273504996,0.004105261901676444,8.741421278095587e-5,0.0020248840179787056,-0.0005052638734827078,0.002150104198345956,0.00040745299978162033,-0.0033690040821673702,-0.0027770160861530866,-0.0010843545696277738,-0.0009158810525075427,-0.0024334768262087693,-0.0055667752217509504,0.002672468541906862,0.0025663106344307194,-0.002183714735662802,-0.0005882798174853395,0.0018159836297230443,0.001945244754021764,0.0018967700273504996,0.017016088625712435,-0.0038133262491258516,0.0033075921455179595,0.010839785256441161,-0.0032886509304739515,-4.322279171935307e-5,-0.0016661029310516568,-0.004960786218123849,0.002511494979045177,0.00065745852792323,0.0030473159610377594,0.014912236496952166,0.008097451223041624,-0.0024943737120239288,0.003943467067154843,0.006017229593849118,-0.0029640705622441736,0.009693185459788024,-0.002499608186821805,0.004105261901676444,-0.0038133262491258516,0.0440646172596402,-0.00463762723464676,-0.0033163779804658068,-0.002918220798468973,0.0033597164311998913,0.00174391681096234,-0.01096845798489357,-0.015978934068090457,-0.010838896754860603,-0.005800071604788451,-0.00210721125423765,-0.001465143316450611,0.0010967678892438027,-0.0015497204465311923,-0.0001458954824777841,-0.0002591234965545815,-0.0002967696723681681,-0.0008113984919690847,8.741421278095587e-5,0.0033075921455179595,-0.00463762723464676,0.007790708649082051,-0.003203932633008939,0.0015012684209457481,0.0014701268050775827,0.000287901034242961,-0.00017780965835000138,0.007733586888472487,-0.00011807631597728242,0.0005187179015219675,-0.006337029406829399,-0.004915010304912369,0.004211110222462797,0.004151111387264931,-0.005530235685655837,0.005167480712278511,0.0023416562771282905,0.007690079617170113,0.0020248840179787056,0.010839785256441161,-0.0033163779804658068,-0.003203932633008939,0.048488223721249266,-0.005432539918739263,-0.007428844312003197,-0.002317735268005799,0.0008686310738271268,0.0022306339604439007,0.004233108941396736,0.008744172589094795,-0.005666367586397534,0.002625140707280756,0.0011080467996992913,-0.003395529544322631,0.001657060603010069,0.005152157985708147,-0.0037290354003352523,-0.002387827074709815,-0.0005052638734827078,-0.0032886509304739515,-0.002918220798468973,0.0015012684209457481,-0.005432539918739263,0.01023245434886305,0.001111842164905509,0.0016059807661990588,0.004908487810454143,0.01002135186968037,0.0008770191406037061,-0.0006561096414424137,-9.916289408098207e-5,0.00427980399449924,-0.0011165072259217601,-0.0006135834714735694,0.0023103861926327108,-0.0019254253951765592,0.002334086214922016,-0.003376569279642902,0.002150104198345956,-4.322279171935307e-5,0.0033597164311998913,0.0014701268050775827,-0.007428844312003197,0.001111842164905509,0.019675739491537326,0.0018694066419122778,-0.003943186604964633,0.0004889368614287141,-0.0006682239092756198,-0.0011777451334088194,-0.001138564085386287,0.0026759395447133643,-0.0005872223210881444,4.7065835248240144e-5,0.001091544979570962,0.00019709518859239923,0.0005869087701844574,-0.0016094588850840332,0.00040745299978162033,-0.0016661029310516568,0.00174391681096234,0.000287901034242961,-0.002317735268005799,0.0016059807661990588,0.0018694066419122778,0.0037133376656054416,-0.00044873228076593966,0.00292409657830571,-0.00015083136429120075,-0.001221218532758617,-0.0036370709613748374,-0.0005108767602879263,0.00030890079051701006,-0.003333920653272489,-0.000913097451728645,0.008181473458820606,-0.004384147182013361,0.0005063502942731116,-0.0033690040821673702,-0.004960786218123849,-0.01096845798489357,-0.00017780965835000138,0.0008686310738271268,0.004908487810454143,-0.003943186604964633,-0.00044873228076593966,0.014767211410961547,0.01003412461680829,0.003895030526277216,0.003250413726764484,-0.01832174914434872,0.002376243309920382,0.0020150555346623925,-0.005031491333391907,0.00019158940408598395,0.007284059066766385,-0.005217274484523248,-0.00368108041459022,-0.0027770160861530866,0.002511494979045177,-0.015978934068090457,0.007733586888472487,0.0022306339604439007,0.01002135186968037,0.0004889368614287141,0.00292409657830571,0.01003412461680829,0.05367551321370285,0.0033135879418728633,0.0030677167668866703,-0.010009559489279351,-0.008026028297999609,0.000294362774492625,-0.0003753257194016171,-0.004265342012437319,0.000987796520848577,-0.00507057332184747,7.042113303474043e-5,-0.0010843545696277738,0.00065745852792323,-0.010838896754860603,-0.00011807631597728242,0.004233108941396736,0.0008770191406037061,-0.0006682239092756198,-0.00015083136429120075,0.003895030526277216,0.0033135879418728633,0.01137668747667029,0.0026277047590600004,-0.002975312843333549,-0.0035531178337485157,0.0011975380697492538,-2.4439789574016887e-5,-0.0031467988144258897,0.002618270491340218,-0.0009400644658714677,0.002088091890383227,-0.0009158810525075427,0.0030473159610377594,-0.005800071604788451,0.0005187179015219675,0.008744172589094795,-0.0006561096414424137,-0.0011777451334088194,-0.001221218532758617,0.003250413726764484,0.0030677167668866703,0.0026277047590600004,0.0057519048783829475
