0.003611088888123686,0.0008184586061210777,0.0001703519988564166,0.0003117687602093148,-8.6546857514428e-5,0.0008631830840680568,0.0009625791988176514,0.0006138859943696675,0.0009315246065356288,0.0005855485239976846,0.0004175074489613994,-0.0003576284434826668,0.00034092301851742504,0.0006064136194730452,0.0009708230528722938,-3.234916369882495e-5,0.0004618606605111544,0.000638671737657731,0.00039031124860238527,0.001370206119962153,0.0008184586061210777,0.0035259512938851105,0.0005787944772225222,0.0004886229874079919,0.0004467443996516096,-0.000777859552312441,0.0012372261769324562,-0.0002894125519328387,0.0009466903583869326,0.0006151603413537475,0.0004523347632619834,9.507290816213157e-5,0.00021088784879993294,0.0005051921054766745,0.0008333868688673095,-8.763814967091782e-5,0.00044992003247521677,0.0001648200095061117,6.072379638353538e-5,0.0010894081331136159,0.0001703519988564166,0.0005787944772225222,0.0025335364178914292,0.00024164759610048158,0.0002936160664488867,-0.0004682353123377983,0.000578953355902998,0.0005439304256340901,0.000512452071279352,0.0004567424614553791,0.00039322946756694787,0.0010732220172064285,0.00011273829257530994,0.00034280146029589775,-0.00022401274128401675,0.0002636912667146557,0.0002840138543559346,-9.339667028815147e-5,0.0003423027325446989,0.0007389377317920615,0.0003117687602093148,0.0004886229874079919,0.00024164759610048158,0.001701541983598745,0.00028409422208614855,0.00011245998181361088,-7.926292287277439e-5,0.0001331751161027695,0.0007632519664932478,0.00036078349217823745,0.00022932064344523154,0.0004583569559044977,5.61138288002813e-5,0.00024365582179237467,0.00027408707520667466,0.000177775892142904,0.00023824518922040236,0.00017150545004271356,0.00048578621534221844,0.0009290000822227184,-8.6546857514428e-5,0.0004467443996516096,0.0002936160664488867,0.00028409422208614855,0.0037310513874173647,-0.00039282354832560686,-6.408474380452328e-6,-0.0002567294544061454,0.001228757760053205,0.0003843784490772902,0.00014416439236652313,0.0001383526797906419,8.793652495286898e-5,-0.0003293388892378383,0.0014312404114178094,0.00014628368663735267,2.3449841332984736e-6,-0.00011525702577988835,0.00017675258920566713,0.00047742150659826367,0.0008631830840680568,-0.000777859552312441,-0.0004682353123377983,0.00011245998181361088,-0.00039282354832560686,0.01606955011592115,0.0014042296834274326,-0.0009440657705578532,0.00046030123743577523,6.861602151162272e-5,-0.00039612253417846253,0.0006517336777650256,0.0007901334946053521,-0.00014788503515382034,0.0013404098675449548,0.002122560861557359,0.0005600942768059935,0.0009122314228687525,-2.3775121462904684e-5,-0.00047430994563348375,0.0009625791988176514,0.0012372261769324562,0.000578953355902998,-7.926292287277439e-5,-6.408474380452328e-6,0.0014042296834274326,0.022220087029547156,0.0023813217406968333,0.0006923289067633223,0.0011586465772490538,0.00019188772648218334,0.001432895168590515,7.420035563339097e-5,0.0003012597980809643,-0.0005979716031877528,0.001105924597626558,0.0009626421349957577,0.0008281525639570049,0.0010767582424955824,0.004879788129137752,0.0006138859943696675,-0.0002894125519328387,0.0005439304256340901,0.0001331751161027695,-0.0002567294544061454,-0.0009440657705578532,0.0023813217406968333,0.017848806578458803,-0.00016269474012086603,0.0010770443112464844,0.0010372455728423825,0.0018687178888808016,0.0015431546932344654,0.000727872333063914,0.000493371551765728,0.0003740363314970658,0.0003058039587045192,0.0005599630577102015,-0.00014871685068843974,0.0017517226782983674,0.0009315246065356288,0.0009466903583869326,0.000512452071279352,0.0007632519664932478,0.001228757760053205,0.00046030123743577523,0.0006923289067633223,-0.00016269474012086603,0.010438585506034957,0.0007891662075917147,0.0006025362800751431,0.001190604791607394,-6.0091677576749894e-5,0.0006135191556740797,0.002745022881011315,0.0007263126273959965,0.00041233050305782123,0.00016268537538649002,0.0005167790582243153,0.0006546598386689211,0.0005855485239976846,0.0006151603413537475,0.0004567424614553791,0.00036078349217823745,0.0003843784490772902,6.861602151162272e-5,0.0011586465772490538,0.0010770443112464844,0.0007891662075917147,0.002632582178360346,0.0006083031967757792,-0.00034477388027538865,0.000361863760038883,0.00025687006930886493,0.0018534006395849924,0.0002144505198579765,0.0003937971623333567,0.00013316476703716744,0.0004876303200572117,0.0004823131129995934,0.0004175074489613994,0.0004523347632619834,0.00039322946756694787,0.00022932064344523154,0.00014416439236652313,-0.00039612253417846253,0.00019188772648218334,0.0010372455728423825,0.0006025362800751431,0.0006083031967757792,0.004429281514929325,0.0003977800290343015,0.0008811223968722432,0.0003662421855897122,0.0017206031681573832,-0.00021914937475470277,0.00025857499588796554,0.00014382250010266294,6.687116097377012e-5,0.0007307712573493218,-0.0003576284434826668,9.507290816213157e-5,0.0010732220172064285,0.0004583569559044977,0.0001383526797906419,0.0006517336777650256,0.001432895168590515,0.0018687178888808016,0.001190604791607394,-0.00034477388027538865,0.0003977800290343015,0.014545535482093985,-7.208930367419157e-6,-0.00026708185166696304,0.00021003439731662193,0.0008238479188220609,0.00020866040398843556,2.9740465360372202e-5,0.0006747581380382649,0.0007083704305284133,0.00034092301851742504,0.00021088784879993294,0.00011273829257530994,5.61138288002813e-5,8.793652495286898e-5,0.0007901334946053521,7.420035563339097e-5,0.0015431546932344654,-6.0091677576749894e-5,0.000361863760038883,0.0008811223968722432,-7.208930367419157e-6,0.006337418338322876,0.0006119232556215891,0.0016065268211619425,5.39048266470048e-5,9.387330450850656e-5,9.344817043555165e-6,-0.0005872252577732379,0.0011039983456681394,0.0006064136194730452,0.0005051921054766745,0.00034280146029589775,0.00024365582179237467,-0.0003293388892378383,-0.00014788503515382034,0.0003012597980809643,0.000727872333063914,0.0006135191556740797,0.00025687006930886493,0.0003662421855897122,-0.00026708185166696304,0.0006119232556215891,0.002856966283364289,-0.0009957530846432775,0.00015997541557103112,0.00016765726291884667,0.0001591667080016742,0.00033386191292996743,0.0008324533162099002,0.0009708230528722938,0.0008333868688673095,-0.00022401274128401675,0.00027408707520667466,0.0014312404114178094,0.0013404098675449548,-0.0005979716031877528,0.000493371551765728,0.002745022881011315,0.0018534006395849924,0.0017206031681573832,0.00021003439731662193,0.0016065268211619425,-0.0009957530846432775,0.030319552545951388,0.001781134332747149,0.0008675559486373425,0.0007563082628468567,-0.0005828314326638661,-0.0015219331942931008,-3.234916369882495e-5,-8.763814967091782e-5,0.0002636912667146557,0.000177775892142904,0.00014628368663735267,0.002122560861557359,0.001105924597626558,0.0003740363314970658,0.0007263126273959965,0.0002144505198579765,-0.00021914937475470277,0.0008238479188220609,5.39048266470048e-5,0.00015997541557103112,0.001781134332747149,0.004550444595644615,-2.4485628989611914e-5,0.0006917852233267799,-0.00010806743471270532,0.00014104906649710624,0.0004618606605111544,0.00044992003247521677,0.0002840138543559346,0.00023824518922040236,2.3449841332984736e-6,0.0005600942768059935,0.0009626421349957577,0.0003058039587045192,0.00041233050305782123,0.0003937971623333567,0.00025857499588796554,0.00020866040398843556,9.387330450850656e-5,0.00016765726291884667,0.0008675559486373425,-2.4485628989611914e-5,0.0014048123290304106,0.00027801053644261806,8.416116323308694e-6,0.0007279074197608412,0.000638671737657731,0.0001648200095061117,-9.339667028815147e-5,0.00017150545004271356,-0.00011525702577988835,0.0009122314228687525,0.0008281525639570049,0.0005599630577102015,0.00016268537538649002,0.00013316476703716744,0.00014382250010266294,2.9740465360372202e-5,9.344817043555165e-6,0.0001591667080016742,0.0007563082628468567,0.0006917852233267799,0.00027801053644261806,0.0024564257027832213,0.00016094408754435327,0.00103273579958263,0.00039031124860238527,6.072379638353538e-5,0.0003423027325446989,0.00048578621534221844,0.00017675258920566713,-2.3775121462904684e-5,0.0010767582424955824,-0.00014871685068843974,0.0005167790582243153,0.0004876303200572117,6.687116097377012e-5,0.0006747581380382649,-0.0005872252577732379,0.00033386191292996743,-0.0005828314326638661,-0.00010806743471270532,8.416116323308694e-6,0.00016094408754435327,0.0035271366553523407,0.0025237900544218227,0.001370206119962153,0.0010894081331136159,0.0007389377317920615,0.0009290000822227184,0.00047742150659826367,-0.00047430994563348375,0.004879788129137752,0.0017517226782983674,0.0006546598386689211,0.0004823131129995934,0.0007307712573493218,0.0007083704305284133,0.0011039983456681394,0.0008324533162099002,-0.0015219331942931008,0.00014104906649710624,0.0007279074197608412,0.00103273579958263,0.0025237900544218227,0.02452230982805945
