0.03868354883114837,-0.001523001897189481,0.0010116604394653558,-0.0014248853642372763,0.006165157614884681,0.0031032349950409705,-0.00566123276264106,0.007964320551163896,-0.015432307206491103,0.004530763262286828,0.0013026305833771516,0.007300205514227009,0.0010784908422285069,0.006140245837254725,0.0055964040821679835,0.0011657526846375844,-0.006595881519875163,0.005251160414668202,-0.0007560194808097582,0.0031184915662744294,-0.001523001897189481,0.014558548102092578,0.0007483514562400353,0.004468079609877874,-0.0006248661400915399,0.0030392415722701304,0.004466006492908316,0.003623755629554564,0.008879520410612275,-0.0030196728965691992,-0.0005957793164342161,0.0004257794861348808,0.001388576591540937,-0.0021562525979512415,-0.0013848476828906518,-0.00035238015563199894,0.007576591369250575,0.00044970784869522785,0.0031223962595452715,0.0005218923102338359,0.0010116604394653558,0.0007483514562400353,0.002831935948037005,0.0006162099726310758,-0.00021814375670353977,0.0004305179108792231,0.00024765510512515955,0.0009251075402787153,0.0006309783478854515,0.0003792189405066529,-0.0002845073611602614,9.721296445221704e-5,5.7599120240789746e-5,-0.0006933305182479476,-2.3878105010476542e-5,0.0008116413737045162,0.0008630393063147465,-0.00030880629808628386,0.0002586303477628184,0.00020843014988106975,-0.0014248853642372763,0.004468079609877874,0.0006162099726310758,0.011918765945921521,0.0005674903775802526,0.002068001645648289,0.0024918301064882097,-0.002297908204410768,0.005898216897635023,-0.0027695602295427293,0.00022445565270618674,-0.0014190384411715347,0.0035654754727408758,-0.0013862988698911186,0.0015823206683330563,0.001274346459175652,0.0064902331078449185,-0.0009741982239197342,7.097308901355835e-5,0.0007545763917851647,0.006165157614884681,-0.0006248661400915399,-0.00021814375670353977,0.0005674903775802526,0.006308000862532954,0.00013936765926672085,0.001783518681873585,0.0001702732731281659,-0.004272683306973418,-0.0015386071573201786,0.0007726586670375399,0.0025393192560509196,0.0014101488505871558,0.0009442855613566279,0.0012691936597595533,0.0003194611823241669,-0.0009412326554615244,0.001638251402412055,0.0005496603220509174,7.617261602843297e-5,0.0031032349950409705,0.0030392415722701304,0.0004305179108792231,0.002068001645648289,0.00013936765926672085,0.0062048884779168055,0.0003514697056632183,0.0012831193735451407,0.002568127882371321,9.984920959285105e-5,1.6024255711060048e-5,-0.00045623417739864777,0.002142491355009388,0.0008274305096537699,0.0006358506330820207,0.0007152901101442558,0.001960801625745039,0.0003165061207643692,-0.0003098177126167799,0.0009127327928556137,-0.00566123276264106,0.004466006492908316,0.00024765510512515955,0.0024918301064882097,0.001783518681873585,0.0003514697056632183,0.015174874799740095,-0.0016261885283614052,0.007607931314677784,-0.00453473102535456,-0.00016378154839246623,0.002942511078442797,0.0006390748564294795,-0.002316044431069881,-0.0017330438657204037,7.123428360017838e-5,0.0021586320121113043,0.0011569435455630597,0.0027143135827874653,-0.001293944120160668,0.007964320551163896,0.003623755629554564,0.0009251075402787153,-0.002297908204410768,0.0001702732731281659,0.0012831193735451407,-0.0016261885283614052,0.019934019992752218,0.0011842690934842014,0.0037035659518861058,-0.0007917213294166472,0.003031265270973848,-0.002452467901571132,0.000659504240327667,0.00047275157002486345,-0.002258280575499939,-0.0008329587979156129,0.0008401026034913492,0.002945474115983654,0.0009311038399795806,-0.015432307206491103,0.008879520410612275,0.0006309783478854515,0.005898216897635023,-0.004272683306973418,0.002568127882371321,0.007607931314677784,0.0011842690934842014,0.0347265980282359,-0.0011544511881768915,-0.001070444261398446,-0.003133181897341949,-0.00014737387952167924,-0.0036901432522582333,-0.0038177279135017577,-0.0013067767932641644,0.0049892629066441915,-0.003471102264620917,0.004085870386878742,-0.001235098316010431,0.004530763262286828,-0.0030196728965691992,0.0003792189405066529,-0.0027695602295427293,-0.0015386071573201786,9.984920959285105e-5,-0.00453473102535456,0.0037035659518861058,-0.0011544511881768915,0.02785487019134799,-0.0008259420219203982,0.0007674854616585144,-0.0037338880607071107,0.004375239620278179,0.0025824613237400767,-0.0008547031221311684,-0.00884871438535901,-0.0008321644959307876,-0.0011601521238624557,0.00254011727170194,0.0013026305833771516,-0.0005957793164342161,-0.0002845073611602614,0.00022445565270618674,0.0007726586670375399,1.6024255711060048e-5,-0.00016378154839246623,-0.0007917213294166472,-0.001070444261398446,-0.0008259420219203982,0.0014253881914845403,0.00039975835634077915,0.0009368329416785308,5.436913885631274e-5,0.0006751963494741645,0.0007590040342464454,-9.418629704535006e-5,0.0005396975839736293,-0.0008224563914971464,-0.0002947676181072065,0.007300205514227009,0.0004257794861348808,9.721296445221704e-5,-0.0014190384411715347,0.0025393192560509196,-0.00045623417739864777,0.002942511078442797,0.003031265270973848,-0.003133181897341949,0.0007674854616585144,0.00039975835634077915,0.012455837795646983,-0.0011598358251546689,-0.000560882471485815,0.0009465770955988357,0.0002701124361515041,-0.003725344058791585,0.0025206011143548606,0.0020393939025492047,-0.0009412029580102978,0.0010784908422285069,0.001388576591540937,5.7599120240789746e-5,0.0035654754727408758,0.0014101488505871558,0.002142491355009388,0.0006390748564294795,-0.002452467901571132,-0.00014737387952167924,-0.0037338880607071107,0.0009368329416785308,-0.0011598358251546689,0.007995709175710113,0.00048378419023976124,0.0029782092428521974,0.003602775999955807,0.003264246524549111,0.0014562375824019602,-0.005176750264203691,-0.0002593136757705235,0.006140245837254725,-0.0021562525979512415,-0.0006933305182479476,-0.0013862988698911186,0.0009442855613566279,0.0008274305096537699,-0.002316044431069881,0.000659504240327667,-0.0036901432522582333,0.004375239620278179,5.436913885631274e-5,-0.000560882471485815,0.00048378419023976124,0.008831400947563517,0.0020484030936960642,-0.0003843494401365045,-0.0030849394249887734,0.00042409014243885066,-0.000965619897231347,0.001724959242917063,0.0055964040821679835,-0.0013848476828906518,-2.3878105010476542e-5,0.0015823206683330563,0.0012691936597595533,0.0006358506330820207,-0.0017330438657204037,0.00047275157002486345,-0.0038177279135017577,0.0025824613237400767,0.0006751963494741645,0.0009465770955988357,0.0029782092428521974,0.0020484030936960642,0.007356756519485688,0.00232448816324012,-0.0011481834068605627,0.0014798264031115642,-0.0035508576919113565,0.0004283704631561744,0.0011657526846375844,-0.00035238015563199894,0.0008116413737045162,0.001274346459175652,0.0003194611823241669,0.0007152901101442558,7.123428360017838e-5,-0.002258280575499939,-0.0013067767932641644,-0.0008547031221311684,0.0007590040342464454,0.0002701124361515041,0.003602775999955807,-0.0003843494401365045,0.00232448816324012,0.0058685412269391364,0.0010884063058516642,0.001355331714775648,-0.003978574235789716,-0.0006479939568983268,-0.006595881519875163,0.007576591369250575,0.0008630393063147465,0.0064902331078449185,-0.0009412326554615244,0.001960801625745039,0.0021586320121113043,-0.0008329587979156129,0.0049892629066441915,-0.00884871438535901,-9.418629704535006e-5,-0.003725344058791585,0.003264246524549111,-0.0030849394249887734,-0.0011481834068605627,0.0010884063058516642,0.024618803181528,-0.0013979040645377369,0.001410155520737112,0.001087621092284014,0.005251160414668202,0.00044970784869522785,-0.00030880629808628386,-0.0009741982239197342,0.001638251402412055,0.0003165061207643692,0.0011569435455630597,0.0008401026034913492,-0.003471102264620917,-0.0008321644959307876,0.0005396975839736293,0.0025206011143548606,0.0014562375824019602,0.00042409014243885066,0.0014798264031115642,0.001355331714775648,-0.0013979040645377369,0.006750158674922893,-3.750410388800898e-5,0.00021250289434623844,-0.0007560194808097582,0.0031223962595452715,0.0002586303477628184,7.097308901355835e-5,0.0005496603220509174,-0.0003098177126167799,0.0027143135827874653,0.002945474115983654,0.004085870386878742,-0.0011601521238624557,-0.0008224563914971464,0.0020393939025492047,-0.005176750264203691,-0.000965619897231347,-0.0035508576919113565,-0.003978574235789716,0.001410155520737112,-3.750410388800898e-5,0.014460739024142792,0.0009102426384182205,0.0031184915662744294,0.0005218923102338359,0.00020843014988106975,0.0007545763917851647,7.617261602843297e-5,0.0009127327928556137,-0.001293944120160668,0.0009311038399795806,-0.001235098316010431,0.00254011727170194,-0.0002947676181072065,-0.0009412029580102978,-0.0002593136757705235,0.001724959242917063,0.0004283704631561744,-0.0006479939568983268,0.001087621092284014,0.00021250289434623844,0.0009102426384182205,0.0027889023430172927
0.029840757360152837,0.0010689206399126577,0.0037024844480445583,0.0069976432663467775,0.0016166636309856701,0.0033674683812861443,0.0073784564587145674,0.008563047788844876,0.01035961836859016,0.006101734402848882,0.0018464059882715763,0.003673753378268545,0.0027847890776646496,0.003118378272685683,0.0036515871031491424,0.005357795440531584,0.0049853314293929665,0.0024223011785057223,-0.0027167657192034836,0.002074927045237841,0.0010689206399126577,0.011581923656801307,0.00028129880998975173,0.0005109617491865364,0.0034110000080077316,0.0016347697764715766,-0.0022823715682267678,0.005150671192196662,0.004365595156918714,0.00041568258994678913,0.0008213146201769751,0.003282151690127401,0.0004250259810680957,-4.926518456268756e-5,-0.0004779995255327821,0.002082800071364817,0.000906753391823615,-0.00029375979375442915,0.0009196148578021287,0.00013567763542994635,0.0037024844480445583,0.00028129880998975173,0.0057687459358681335,0.003963985776535257,0.000552483916723822,0.003089561663135664,0.003013008414461729,0.0057062696053508674,0.00361360951423731,0.004676914087502154,0.0009282333549305596,0.0008416921343904122,0.002344177254995635,0.0012703284140097013,0.002585988346605616,0.001495921753362806,0.0011360556638038083,0.0021494250191469986,0.0021953678790723307,0.0004967701177816058,0.0069976432663467775,0.0005109617491865364,0.003963985776535257,0.011856762515448363,-0.0002658543841590845,0.0010687902483579074,0.005717940318922112,0.004962225196976225,0.00530407089449508,0.0052257922116345345,0.0010709293752494697,0.0017231336680832113,0.0023930870794087724,0.0013561451778460933,0.002085486679713268,0.0009426944361028741,0.0014918064796181332,0.002458420829970242,0.0007082561650864161,0.0004492857837433617,0.0016166636309856701,0.0034110000080077316,0.000552483916723822,-0.0002658543841590845,0.004910683358494089,0.001039401842930264,-0.0007072060884453597,0.0032011484170183045,0.004950800906595193,-0.00015679876445767868,0.0005661933356554655,0.0015001769679541064,7.939325214386089e-5,0.00027038423526421537,0.0009390727575071703,0.0011640928198800075,0.000673341285544277,0.0005503589120870866,0.0007255583061185501,0.0005128153041333535,0.0033674683812861443,0.0016347697764715766,0.003089561663135664,0.0010687902483579074,0.001039401842930264,0.006449881004792545,0.0005692013556721622,0.003992106655373257,0.0033606918649589377,0.0025818514021978952,0.0009519908614220849,0.0008026785658922965,0.0008233199218880339,0.0012108821664089603,0.001510277639683006,0.0013861163733520031,0.0004047437365159277,0.0008107864271209926,0.0007386211589282229,0.00015771956200226684,0.0073784564587145674,-0.0022823715682267678,0.003013008414461729,0.005717940318922112,-0.0007072060884453597,0.0005692013556721622,0.017549215652509373,0.0051287810742279534,0.004470865070658924,0.009170339657105214,0.0018740151598261902,0.0015754227197383285,0.003166328103204599,0.002739232778257604,0.0033430130634415044,0.003733552024327522,0.002110652340529176,0.004372560786215682,0.002707124409669375,0.002628471891197839,0.008563047788844876,0.005150671192196662,0.0057062696053508674,0.004962225196976225,0.0032011484170183045,0.003992106655373257,0.0051287810742279534,0.029238918955799185,0.008201988287156037,0.006554124424737906,0.002984157794605087,0.00424725612448514,0.002654345234345342,0.003498908288362821,0.0024265016580171566,0.005752533121934583,0.005208695735561148,0.0024812217896788263,0.0022092685686089853,0.003512468796799174,0.01035961836859016,0.004365595156918714,0.00361360951423731,0.00530407089449508,0.004950800906595193,0.0033606918649589377,0.004470865070658924,0.008201988287156037,0.032914470691074775,0.005624175585586191,0.002231204206600483,0.0028008467279920313,0.0012333670336197099,0.0028420012614671286,0.005051131055386385,0.0036808276793058765,0.004104513383800509,0.005924884222345411,0.003235413939492002,0.0019623803795812576,0.006101734402848882,0.00041568258994678913,0.004676914087502154,0.0052257922116345345,-0.00015679876445767868,0.0025818514021978952,0.009170339657105214,0.006554124424737906,0.005624175585586191,0.026387704608178332,0.002963270454085725,0.0006354300218454705,0.005955542963052915,0.004371386922860779,0.0032197834057592304,0.0037395383490919335,0.002731451969717271,0.005500826397233847,0.0012095040352500534,0.0008894286920309957,0.0018464059882715763,0.0008213146201769751,0.0009282333549305596,0.0010709293752494697,0.0005661933356554655,0.0009519908614220849,0.0018740151598261902,0.002984157794605087,0.002231204206600483,0.002963270454085725,0.0020773772593897437,0.0012848846120868773,0.0009929249883233312,0.0011483344984934414,0.0010197483677799168,0.0013250686562626115,0.0009204678404947395,0.0013184462410206392,0.0007975456987914682,0.0008852324007423986,0.003673753378268545,0.003282151690127401,0.0008416921343904122,0.0017231336680832113,0.0015001769679541064,0.0008026785658922965,0.0015754227197383285,0.00424725612448514,0.0028008467279920313,0.0006354300218454705,0.0012848846120868773,0.011215065392714886,0.0009324545511579997,0.0014090329542481737,0.000757945995589437,0.0020314775320043853,0.004600220446021924,0.0010633553189605162,0.0021575121388700716,0.0013368895753417258,0.0027847890776646496,0.0004250259810680957,0.002344177254995635,0.0023930870794087724,7.939325214386089e-5,0.0008233199218880339,0.003166328103204599,0.002654345234345342,0.0012333670336197099,0.005955542963052915,0.0009929249883233312,0.0009324545511579997,0.004980339290335339,0.0008483365797591017,0.0015137093603000164,0.0013067581987462706,0.0009611652934219893,0.00146493366386379,0.0007926617341958285,0.0003498825502445416,0.003118378272685683,-4.926518456268756e-5,0.0012703284140097013,0.0013561451778460933,0.00027038423526421537,0.0012108821664089603,0.002739232778257604,0.003498908288362821,0.0028420012614671286,0.004371386922860779,0.0011483344984934414,0.0014090329542481737,0.0008483365797591017,0.006852898288853536,0.0015711034548687305,0.0007511909277571842,0.0016564882601804126,0.0021217022138502084,0.00135418579091711,7.165290863211791e-5,0.0036515871031491424,-0.0004779995255327821,0.002585988346605616,0.002085486679713268,0.0009390727575071703,0.001510277639683006,0.0033430130634415044,0.0024265016580171566,0.005051131055386385,0.0032197834057592304,0.0010197483677799168,0.000757945995589437,0.0015137093603000164,0.0015711034548687305,0.006674167909935234,0.0011659079873928787,0.0005409942889133948,0.002930317116574638,0.0023195446265339478,0.00039591026720729814,0.005357795440531584,0.002082800071364817,0.001495921753362806,0.0009426944361028741,0.0011640928198800075,0.0013861163733520031,0.003733552024327522,0.005752533121934583,0.0036808276793058765,0.0037395383490919335,0.0013250686562626115,0.0020314775320043853,0.0013067581987462706,0.0007511909277571842,0.0011659079873928787,0.0063304762872813565,0.0018566904240410018,0.00049163326606982,0.00040933672042300885,0.0015839776755176734,0.0049853314293929665,0.000906753391823615,0.0011360556638038083,0.0014918064796181332,0.000673341285544277,0.0004047437365159277,0.002110652340529176,0.005208695735561148,0.004104513383800509,0.002731451969717271,0.0009204678404947395,0.004600220446021924,0.0009611652934219893,0.0016564882601804126,0.0005409942889133948,0.0018566904240410018,0.013761190420749329,0.0014521905897794988,0.000935311565990455,0.0010374259473879522,0.0024223011785057223,-0.00029375979375442915,0.0021494250191469986,0.002458420829970242,0.0005503589120870866,0.0008107864271209926,0.004372560786215682,0.0024812217896788263,0.005924884222345411,0.005500826397233847,0.0013184462410206392,0.0010633553189605162,0.00146493366386379,0.0021217022138502084,0.002930317116574638,0.00049163326606982,0.0014521905897794988,0.008693697340938765,0.0012985786734594062,0.0004852377085237003,-0.0027167657192034836,0.0009196148578021287,0.0021953678790723307,0.0007082561650864161,0.0007255583061185501,0.0007386211589282229,0.002707124409669375,0.0022092685686089853,0.003235413939492002,0.0012095040352500534,0.0007975456987914682,0.0021575121388700716,0.0007926617341958285,0.00135418579091711,0.0023195446265339478,0.00040933672042300885,0.000935311565990455,0.0012985786734594062,0.010809496254805179,0.0009954744808121094,0.002074927045237841,0.00013567763542994635,0.0004967701177816058,0.0004492857837433617,0.0005128153041333535,0.00015771956200226684,0.002628471891197839,0.003512468796799174,0.0019623803795812576,0.0008894286920309957,0.0008852324007423986,0.0013368895753417258,0.0003498825502445416,7.165290863211791e-5,0.00039591026720729814,0.0015839776755176734,0.0010374259473879522,0.0004852377085237003,0.0009954744808121094,0.0031467498891345983
