0.022046687874488536,9.299817396132032e-5,0.0016020741526302869,0.001912337881668908,0.002445285483990344,-0.0009508423355850494,-0.0025440283405076115,0.006551798993536017,0.001134972427374139,-0.0015268574316212554,0.0012616226856122965,-0.003078734345258145,-0.00024531664884240784,-6.140477451583556e-5,-0.0012176130487125034,-0.0020529955422414984,0.0019976507791035743,0.0012244390326455832,0.001582706627856889,-0.00030696742005188916,9.299817396132032e-5,0.01431505686552517,0.0013047133976515795,0.00038980272753211216,0.000757302131333775,0.002602202031175415,0.0012010856881389316,0.0021548253648767746,0.000695005226479151,0.003027891583013224,-5.357882105514764e-5,0.0004891535034265717,0.0009666269532249067,0.0003451674726598295,-0.000828474391024356,0.001837270520664533,0.008066257019532303,0.0028627120332406636,0.004753056576885932,0.0006361835375131718,0.0016020741526302869,0.0013047133976515795,0.004353311743559589,0.0005756374317369621,-0.0006627699282669282,0.0011170460012938257,0.00021667350534114194,0.0027270400597638788,0.0030761632068955543,-0.0005348741610981061,0.0008269508295033266,-0.0008667216745273642,0.00019021094466058512,-0.0009054215057407019,-0.0019257711353518532,0.0002179735052541107,-0.0001238859737452543,0.0014063529406027953,0.0005458343493972108,6.846844123143488e-5,0.001912337881668908,0.00038980272753211216,0.0005756374317369621,0.006744360922843775,0.0010931728890900762,-0.0003944002952974495,0.0014576537888063026,0.003694329671713938,0.00038598308628408817,-0.0008681883312838887,0.0009756970879790819,0.00027653086551705384,0.00042795577459040103,-0.0026285364860274604,0.0008449596991864295,-0.0011186123012810957,-0.0005360214676151113,0.00019874556096274572,0.0007327159164258403,-0.00038712332457845847,0.002445285483990344,0.000757302131333775,-0.0006627699282669282,0.0010931728890900762,0.004182167375159624,-0.0004904015456873676,8.49935164346147e-5,-0.000363766941361667,-0.00226767637944599,-0.0006692928486244649,0.00019145374610893176,0.0015599626316314219,0.0001634263338062146,0.00014897697148112007,7.273075150963747e-5,-7.794449813787842e-5,0.0005191431329845344,0.0014739457743276718,0.0008491442370952248,-0.00021813252233071124,-0.0009508423355850494,0.002602202031175415,0.0011170460012938257,-0.0003944002952974495,-0.0004904015456873676,0.006382397581070372,-0.001385523624567151,0.0009727788418625654,0.0023284583510809714,-0.0007983159611626508,0.00025006058793742994,0.0031450127001777335,0.0007257165357813595,0.002233244092478849,-3.8461834994802817e-5,0.0024523539116188212,0.0018230743533193144,-0.00017303028001446698,0.002468200825515948,-0.0002995230352102393,-0.0025440283405076115,0.0012010856881389316,0.00021667350534114194,0.0014576537888063026,8.49935164346147e-5,-0.001385523624567151,0.01022522103136293,0.002675557155637715,-0.00043441444485937855,0.004067312155150559,0.0004375885773225599,0.001146086679559768,-0.0004023553122575047,-0.002080748049990688,0.0013149918969700965,-0.0008505987000957073,0.0023506709877222655,0.0015403427527776229,0.001352410456755596,0.0013620498201396733,0.006551798993536017,0.0021548253648767746,0.0027270400597638788,0.003694329671713938,-0.000363766941361667,0.0009727788418625654,0.002675557155637715,0.0256940493762868,0.0032920705125124477,0.002130072454838792,0.0016640657555470886,-0.0003958565555075004,0.0011237944058370588,-0.0035836746171943805,0.002058953735432781,-0.004234585913590443,0.00430926007186083,0.0008025697274433682,0.0056729057415721455,0.00033380291437560075,0.001134972427374139,0.000695005226479151,0.0030761632068955543,0.00038598308628408817,-0.00226767637944599,0.0023284583510809714,-0.00043441444485937855,0.0032920705125124477,0.02683343103126732,0.0036602401532043268,0.0009405307726993628,-0.0008745535319029586,0.0005618805402648031,0.0006003457160567009,0.0007297902514240861,0.004127022809000633,0.003383066396524301,-0.0012559659037844383,-0.00181301955907463,-0.0001565758279837344,-0.0015268574316212554,0.003027891583013224,-0.0005348741610981061,-0.0008681883312838887,-0.0006692928486244649,-0.0007983159611626508,0.004067312155150559,0.002130072454838792,0.0036602401532043268,0.021521347023256362,-0.0010670961914341231,0.0006986388553003131,-0.002555478168680123,0.0009971157900978808,0.0037738221953695058,8.738612328516098e-5,0.006582381285263615,-0.0009306217899908048,0.0016969077442119233,0.0015237940043101228,0.0012616226856122965,-5.357882105514764e-5,0.0008269508295033266,0.0009756970879790819,0.00019145374610893176,0.00025006058793742994,0.0004375885773225599,0.0016640657555470886,0.0009405307726993628,-0.0010670961914341231,0.0018999935878465295,0.0003185813865726185,9.44329223805878e-5,-0.0009987197942769646,-0.0002131717660503872,-7.609442277330721e-5,-0.00017082297419625768,0.0010125769043109144,0.0010603664536280417,-0.00022461410629647996,-0.003078734345258145,0.0004891535034265717,-0.0008667216745273642,0.00027653086551705384,0.0015599626316314219,0.0031450127001777335,0.001146086679559768,-0.0003958565555075004,-0.0008745535319029586,0.0006986388553003131,0.0003185813865726185,0.014285581486317535,0.0016208896963235933,0.003542089326930911,0.0034302103993676548,0.0034067701677234384,0.003335898498975326,-0.000618638669846162,0.004328851312445358,0.00033781914939311436,-0.00024531664884240784,0.0009666269532249067,0.00019021094466058512,0.00042795577459040103,0.0001634263338062146,0.0007257165357813595,-0.0004023553122575047,0.0011237944058370588,0.0005618805402648031,-0.002555478168680123,9.44329223805878e-5,0.0016208896963235933,0.004269651622095382,0.0009597399496305203,-0.00040601331649153225,0.00129410802629463,0.0011148966571384103,0.0007679064048807473,0.0006155078433537776,-0.00040916342257475355,-6.140477451583556e-5,0.0003451674726598295,-0.0009054215057407019,-0.0026285364860274604,0.00014897697148112007,0.002233244092478849,-0.002080748049990688,-0.0035836746171943805,0.0006003457160567009,0.0009971157900978808,-0.0009987197942769646,0.003542089326930911,0.0009597399496305203,0.009420701949561234,0.0011078511845273127,0.0030401248723429773,0.001826779753508492,-0.000578580114938777,-0.00012244632569218886,0.00011849430782674988,-0.0012176130487125034,-0.000828474391024356,-0.0019257711353518532,0.0008449596991864295,7.273075150963747e-5,-3.8461834994802817e-5,0.0013149918969700965,0.002058953735432781,0.0007297902514240861,0.0037738221953695058,-0.0002131717660503872,0.0034302103993676548,-0.00040601331649153225,0.0011078511845273127,0.006560661796364303,0.0005980217018623101,0.0024096487140646628,-0.00200417517083669,0.0008963022168409053,0.00029936921140994994,-0.0020529955422414984,0.001837270520664533,0.0002179735052541107,-0.0011186123012810957,-7.794449813787842e-5,0.0024523539116188212,-0.0008505987000957073,-0.004234585913590443,0.004127022809000633,8.738612328516098e-5,-7.609442277330721e-5,0.0034067701677234384,0.00129410802629463,0.0030401248723429773,0.0005980217018623101,0.0064358577603109675,0.002985030633241078,0.00011867324762489061,0.0004226509223482847,-0.00017579880988068548,0.0019976507791035743,0.008066257019532303,-0.0001238859737452543,-0.0005360214676151113,0.0005191431329845344,0.0018230743533193144,0.0023506709877222655,0.00430926007186083,0.003383066396524301,0.006582381285263615,-0.00017082297419625768,0.003335898498975326,0.0011148966571384103,0.001826779753508492,0.0024096487140646628,0.002985030633241078,0.020042599538862872,0.001387812321286616,0.005098467571748344,0.0005953377075245238,0.0012244390326455832,0.0028627120332406636,0.0014063529406027953,0.00019874556096274572,0.0014739457743276718,-0.00017303028001446698,0.0015403427527776229,0.0008025697274433682,-0.0012559659037844383,-0.0009306217899908048,0.0010125769043109144,-0.000618638669846162,0.0007679064048807473,-0.000578580114938777,-0.00200417517083669,0.00011867324762489061,0.001387812321286616,0.008072170017416253,0.0008690179696135265,0.0011350995987413448,0.001582706627856889,0.004753056576885932,0.0005458343493972108,0.0007327159164258403,0.0008491442370952248,0.002468200825515948,0.001352410456755596,0.0056729057415721455,-0.00181301955907463,0.0016969077442119233,0.0010603664536280417,0.004328851312445358,0.0006155078433537776,-0.00012244632569218886,0.0008963022168409053,0.0004226509223482847,0.005098467571748344,0.0008690179696135265,0.010810101012611938,8.252014445873304e-5,-0.00030696742005188916,0.0006361835375131718,6.846844123143488e-5,-0.00038712332457845847,-0.00021813252233071124,-0.0002995230352102393,0.0013620498201396733,0.00033380291437560075,-0.0001565758279837344,0.0015237940043101228,-0.00022461410629647996,0.00033781914939311436,-0.00040916342257475355,0.00011849430782674988,0.00029936921140994994,-0.00017579880988068548,0.0005953377075245238,0.0011350995987413448,8.252014445873304e-5,0.0022937737853536253
0.03045051534968663,0.00955623858937622,0.0006660059682666631,-0.0003225267936505073,-0.0015091859026457113,0.003788892444285932,0.009261462158560958,0.0026365478450240446,0.009894040342532238,0.004967364757378438,0.002074110816837984,0.008906628876498133,0.0045150708516361465,0.0032439591643078003,0.006492060003508743,0.006393745614384428,-0.0011337086124869806,0.0019879653804610216,-0.0037664363036044894,0.002565208400662667,0.00955623858937622,0.011783836742856725,0.00010924616826723046,0.0014588316308940597,-0.001599218618218645,0.0032408338400832263,0.003330706312499744,0.0019296688920654023,0.005095306279281052,0.004873519032913612,0.001108210180230153,0.005331159036018633,0.003386503829376981,0.0016791796373062163,0.003184993083978107,0.0022669345657462155,-0.0016107128172848089,0.000275023132568527,-0.00383297935649001,0.000998487704660706,0.0006660059682666631,0.00010924616826723046,0.0030575751712297833,-0.00037524688440335413,-0.0002981478984780332,-0.0003473163424530357,-5.343627940575976e-5,0.0008567137462218522,7.362992476544576e-5,0.0016210952253046967,-6.141746573859881e-5,0.000444904405835126,-6.145771246579768e-5,-0.00044838235534033424,0.0002466100530908041,0.0014456054318726984,-0.0012934166762135113,0.0005817664181196971,0.0008900624749864843,0.0004921509915322441,-0.0003225267936505073,0.0014588316308940597,-0.00037524688440335413,0.009682153238161816,0.0018657845602114069,-0.0006022285778981828,0.002125388210078856,0.0011406125243353677,-0.0018568729216517808,0.001649766641649794,0.0014510894586509133,-0.002132364660776097,0.00041837216428514736,0.0009573925121573641,-0.0006177110191905387,0.0002275100611707984,-0.0003408501610086761,0.0011280619083400333,0.0033957118273456872,0.001446540659256775,-0.0015091859026457113,-0.001599218618218645,-0.0002981478984780332,0.0018657845602114069,0.005834082737665921,0.0006065809853471873,0.0031130519246274123,0.0009948273450927823,0.0009481790045376016,-0.002072304890018758,0.0008871481734573086,-0.0015214006884575046,0.0012520778174129317,0.00046591053108239165,0.0012903083254627477,-0.0010058476174445584,0.003224342250903604,0.0024952364251114465,0.0022976205342858944,0.0005168996216754457,0.003788892444285932,0.0032408338400832263,-0.0003473163424530357,-0.0006022285778981828,0.0006065809853471873,0.007948841233929894,0.0061413962754061305,-0.0016861435790628352,0.006900110893826181,0.0030078090643525885,0.001551242145916201,0.0023099749030832673,0.003971528400449028,0.0006781511765329418,0.003987503721637091,-0.000645203740136966,0.0008678436750067999,0.0018210827932128794,-0.0013963573617997785,0.0005424114462293959,0.009261462158560958,0.003330706312499744,-5.343627940575976e-5,0.002125388210078856,0.0031130519246274123,0.0061413962754061305,0.019435892042863938,-0.003026638100444622,0.007299969387157058,0.0018175271414682904,0.003797692747370209,0.0017691538170296148,0.006069109548213894,-0.00046179742675450403,0.005374538147796213,0.0012499737119163403,0.0015933682219531624,0.0033653108582881756,0.0023386657319066015,0.003408147712606131,0.0026365478450240446,0.0019296688920654023,0.0008567137462218522,0.0011406125243353677,0.0009948273450927823,-0.0016861435790628352,-0.003026638100444622,0.024695473291201187,0.0037771404459779,0.003467257735605425,-0.00011252676978239822,0.003658899179780902,0.0011408230842739559,0.0016017712316806591,-0.0012603458748000232,0.0052888421220637985,-0.00046993774823729994,0.0014484540115580376,-0.0008683101789783985,0.0009810219646721836,0.009894040342532238,0.005095306279281052,7.362992476544576e-5,-0.0018568729216517808,0.0009481790045376016,0.006900110893826181,0.007299969387157058,0.0037771404459779,0.03087830493156901,0.00854722477501094,0.0004933817888823041,0.006277072973198504,0.004367408406587778,0.0014551490965321273,0.005322127480436834,0.001515875320647011,0.002609013605902549,0.005892189909929585,0.0007011060425206694,0.001919674687346982,0.004967364757378438,0.004873519032913612,0.0016210952253046967,0.001649766641649794,-0.002072304890018758,0.0030078090643525885,0.0018175271414682904,0.003467257735605425,0.00854722477501094,0.019515290326812946,0.0006086685536978943,0.0033837205018112473,0.001955235015806357,0.0006458033549011254,0.0013624605728677446,0.003119955115188402,-0.0019941783477388396,0.0005665650963878447,-0.0006607873853482849,0.001278869377796697,0.002074110816837984,0.001108210180230153,-6.141746573859881e-5,0.0014510894586509133,0.0008871481734573086,0.001551242145916201,0.003797692747370209,-0.00011252676978239822,0.0004933817888823041,0.0006086685536978943,0.0023770614359137883,-0.0003441077614946389,0.0017506687917283757,6.847442486080662e-5,0.0004864657125042108,0.0005118470165284298,-0.0008502078998758921,0.0006914085686258937,0.0012982810067656567,0.0009863823332260666,0.008906628876498133,0.005331159036018633,0.000444904405835126,-0.002132364660776097,-0.0015214006884575046,0.0023099749030832673,0.0017691538170296148,0.003658899179780902,0.006277072973198504,0.0033837205018112473,-0.0003441077614946389,0.012768170589806546,0.003172060275452647,0.0010724541848314713,0.0035401332299624865,0.002046982513709004,0.0010934869765302753,0.0013878637192886018,-0.003586936641142234,0.00023472953066006706,0.0045150708516361465,0.003386503829376981,-6.145771246579768e-5,0.00041837216428514736,0.0012520778174129317,0.003971528400449028,0.006069109548213894,0.0011408230842739559,0.004367408406587778,0.001955235015806357,0.0017506687917283757,0.003172060275452647,0.006123739324735738,-0.00024047528672477148,0.002849879857453201,0.0007395836227847926,0.001062691684763624,0.0017641068031414207,-0.00041832687397762877,0.0013584789166166946,0.0032439591643078003,0.0016791796373062163,-0.00044838235534033424,0.0009573925121573641,0.00046591053108239165,0.0006781511765329418,-0.00046179742675450403,0.0016017712316806591,0.0014551490965321273,0.0006458033549011254,6.847442486080662e-5,0.0010724541848314713,-0.00024047528672477148,0.007262100415977645,0.000563778327836905,0.000482985215543226,0.0006544267838087224,0.0008463765837911964,-0.0011038421125668394,-0.0004872261113130426,0.006492060003508743,0.003184993083978107,0.0002466100530908041,-0.0006177110191905387,0.0012903083254627477,0.003987503721637091,0.005374538147796213,-0.0012603458748000232,0.005322127480436834,0.0013624605728677446,0.0004864657125042108,0.0035401332299624865,0.002849879857453201,0.000563778327836905,0.007900267048386301,-0.0005445679510161074,0.0021617705698159934,0.0029446550601609812,-0.0018817859053602084,0.0005151096593385032,0.006393745614384428,0.0022669345657462155,0.0014456054318726984,0.0002275100611707984,-0.0010058476174445584,-0.000645203740136966,0.0012499737119163403,0.0052888421220637985,0.001515875320647011,0.003119955115188402,0.0005118470165284298,0.002046982513709004,0.0007395836227847926,0.000482985215543226,-0.0005445679510161074,0.0064649889893473,-0.002686482221759195,-0.0003830479493588154,-0.0001497483187364422,0.0012658332406539309,-0.0011337086124869806,-0.0016107128172848089,-0.0012934166762135113,-0.0003408501610086761,0.003224342250903604,0.0008678436750067999,0.0015933682219531624,-0.00046993774823729994,0.002609013605902549,-0.0019941783477388396,-0.0008502078998758921,0.0010934869765302753,0.001062691684763624,0.0006544267838087224,0.0021617705698159934,-0.002686482221759195,0.019384253892992517,0.004604984693882114,0.00017699168910007617,-0.00011439054927406671,0.0019879653804610216,0.000275023132568527,0.0005817664181196971,0.0011280619083400333,0.0024952364251114465,0.0018210827932128794,0.0033653108582881756,0.0014484540115580376,0.005892189909929585,0.0005665650963878447,0.0006914085686258937,0.0013878637192886018,0.0017641068031414207,0.0008463765837911964,0.0029446550601609812,-0.0003830479493588154,0.004604984693882114,0.007998007396203165,0.0017162532338922576,0.0007612466494583421,-0.0037664363036044894,-0.00383297935649001,0.0008900624749864843,0.0033957118273456872,0.0022976205342858944,-0.0013963573617997785,0.0023386657319066015,-0.0008683101789783985,0.0007011060425206694,-0.0006607873853482849,0.0012982810067656567,-0.003586936641142234,-0.00041832687397762877,-0.0011038421125668394,-0.0018817859053602084,-0.0001497483187364422,0.00017699168910007617,0.0017162532338922576,0.01351391086956878,0.00204230449003386,0.002565208400662667,0.000998487704660706,0.0004921509915322441,0.001446540659256775,0.0005168996216754457,0.0005424114462293959,0.003408147712606131,0.0009810219646721836,0.001919674687346982,0.001278869377796697,0.0009863823332260666,0.00023472953066006706,0.0013584789166166946,-0.0004872261113130426,0.0005151096593385032,0.0012658332406539309,-0.00011439054927406671,0.0007612466494583421,0.00204230449003386,0.0025605323697391567
0.025973452797442176,0.001712255353191539,-0.001024756433149476,0.0014920016285685817,0.001032832513196721,0.003807473178873511,-0.000280727055645917,0.007153425404662479,0.0008965914182889124,-0.0020653166700554944,-0.002022496382122765,0.003001597948638429,-0.0022282125227794545,-0.0002619178100957029,-0.0007416110984295654,-0.002858307801016752,-0.002213478708602767,0.0018157240929603958,0.0031527247478944924,0.0005173589707711439,0.001712255353191539,0.00954566457492106,7.087124154616815e-5,-0.0021840511500937788,0.0014456931941483637,0.0006766211710399968,0.00026014225250534594,0.0031718722310931655,0.0027006229625021506,0.00038636075631175507,-2.8980134823399312e-5,0.0007583089350030428,-0.0006177774576637494,-0.002721685910293384,-0.0014503884458463554,-1.1913828140605634e-5,-0.0003139258771996541,-0.0008260605032676486,0.0012969227701756288,0.00013756919764000886,-0.001024756433149476,7.087124154616815e-5,0.003167002564741374,0.0006167249273314593,0.00024379355986714276,0.0005806211305066579,1.188485039154879e-5,0.0017961354626516552,0.0009101193107701359,0.0020924270250939738,-7.188364775300136e-5,0.00030997444410895433,0.0013086748875497404,0.0003175296974292324,-7.7838654219742e-7,0.0006169675834593456,0.001253131034021802,-0.0005502862675684033,-0.0001580775832525881,-0.00015520232254390408,0.0014920016285685817,-0.0021840511500937788,0.0006167249273314593,0.008894571937084523,-1.313779153086961e-5,0.0006750483873370263,0.0027243636057606713,-0.0005525648584779807,0.0031856925503274108,0.0006174510358671711,-0.0005447414712650967,0.00192874998496515,-4.7834835647295274e-5,0.002023158046091509,-0.00036473055533665997,-0.00034644099875251813,0.0012496488534902805,-0.0014037865808359975,0.0012725403225135163,-2.848195619250602e-5,0.001032832513196721,0.0014456931941483637,0.00024379355986714276,-1.313779153086961e-5,0.006734619275975983,0.00047071081119398964,0.002944981979772097,0.005634675078664779,0.0028799147917871245,0.0015960842214531642,0.0007769269275175739,0.0020907384123908376,-0.0014152428117404532,-0.0009427908440571638,-0.00030331962912735495,5.4714182627865906e-5,-0.0005065061763600666,-0.0015810613561154988,0.0011262499034536133,0.0012164483271873748,0.003807473178873511,0.0006766211710399968,0.0005806211305066579,0.0006750483873370263,0.00047071081119398964,0.005718248995607048,0.0011121802725351385,0.002992729816009377,6.360135423184494e-5,-0.00017683497756139333,-0.0006987672249631994,0.00047043815125750706,-0.00097758111147898,-0.0006565654744693736,-0.0004670782718671645,1.458500875538118e-6,0.0005359861302682684,0.0002636178345626894,0.00011325134642932192,0.00011843461919513599,-0.000280727055645917,0.00026014225250534594,1.188485039154879e-5,0.0027243636057606713,0.002944981979772097,0.0011121802725351385,0.012118404353370018,0.0006952491902378093,0.0022458148505467707,0.0017520239962412628,-0.00031297661761134745,0.0015352738221910281,-0.00051993067504246,0.001181227656743342,-0.0005724116679450687,-0.0003598922068109433,-0.0007123850595369126,0.00042248234971427947,0.0020596572354970085,0.0006717174261928452,0.007153425404662479,0.0031718722310931655,0.0017961354626516552,-0.0005525648584779807,0.005634675078664779,0.002992729816009377,0.0006952491902378093,0.02563677557648617,0.003999311241351205,0.0008719967753712614,6.1003485009110455e-5,0.0032983654089322996,-0.0031382476427760037,-0.0017600332990196916,-0.0009562164722919318,2.3160869630737706e-5,0.0006638008725341369,-0.0016499741713002394,0.0023848364048005997,0.0014912088550637806,0.0008965914182889124,0.0027006229625021506,0.0009101193107701359,0.0031856925503274108,0.0028799147917871245,6.360135423184494e-5,0.0022458148505467707,0.003999311241351205,0.020259152586246148,-0.00016115291411885295,0.00020493465867634522,0.002315007904447962,-0.0013228192686622576,-0.0003465383616917474,-0.0015233850176822007,-0.000450032496962747,0.0016175203097282364,-0.003877342426372231,0.003967320371868475,0.0010482183766724518,-0.0020653166700554944,0.00038636075631175507,0.0020924270250939738,0.0006174510358671711,0.0015960842214531642,-0.00017683497756139333,0.0017520239962412628,0.0008719967753712614,-0.00016115291411885295,0.01855987766412679,-7.218863192833816e-5,0.0015986692520629027,0.0018060787151262577,-7.46421781448611e-5,-2.697387869818913e-5,0.0004252297484304168,-0.0008520708991304753,-0.00011701722942078339,0.0003594498063421996,-0.0002669612753295916,-0.002022496382122765,-2.8980134823399312e-5,-7.188364775300136e-5,-0.0005447414712650967,0.0007769269275175739,-0.0006987672249631994,-0.00031297661761134745,6.1003485009110455e-5,0.00020493465867634522,-7.218863192833816e-5,0.0018716815996768074,0.0005856048444549565,0.000301939647245241,0.00028075921989394046,0.0002188416046364145,7.570489040812685e-5,0.0006806824327779353,-0.0003882506134969408,-0.0004053247372770644,-0.00021372945659162943,0.003001597948638429,0.0007583089350030428,0.00030997444410895433,0.00192874998496515,0.0020907384123908376,0.00047043815125750706,0.0015352738221910281,0.0032983654089322996,0.002315007904447962,0.0015986692520629027,0.0005856048444549565,0.009365417933515977,-0.00041874374447919516,-5.60438737572321e-5,-0.0017275506998096035,-0.0007627879380221877,2.85750166459712e-5,-0.0003229240275162866,0.0014872770465716163,-0.00023047550895028936,-0.0022282125227794545,-0.0006177774576637494,0.0013086748875497404,-4.7834835647295274e-5,-0.0014152428117404532,-0.00097758111147898,-0.00051993067504246,-0.0031382476427760037,-0.0013228192686622576,0.0018060787151262577,0.000301939647245241,-0.00041874374447919516,0.004288485959291583,0.0005312208883805636,0.0002243240324688313,0.000374158390428891,0.0014195202979584455,8.399225647912448e-5,-0.001820027748068256,-0.000353067828172511,-0.0002619178100957029,-0.002721685910293384,0.0003175296974292324,0.002023158046091509,-0.0009427908440571638,-0.0006565654744693736,0.001181227656743342,-0.0017600332990196916,-0.0003465383616917474,-7.46421781448611e-5,0.00028075921989394046,-5.60438737572321e-5,0.0005312208883805636,0.007938599197768754,0.0018845997171364171,-0.00018967767271598106,0.00017026763653345587,0.0003390117238420502,0.001808248177482882,-0.00021873265592206467,-0.0007416110984295654,-0.0014503884458463554,-7.7838654219742e-7,-0.00036473055533665997,-0.00030331962912735495,-0.0004670782718671645,-0.0005724116679450687,-0.0009562164722919318,-0.0015233850176822007,-2.697387869818913e-5,0.0002188416046364145,-0.0017275506998096035,0.0002243240324688313,0.0018845997171364171,0.005881426499231195,0.000315936638544402,-0.001382845600376902,0.000203781227140797,0.001005157207265115,-0.0003748400626165049,-0.002858307801016752,-1.1913828140605634e-5,0.0006169675834593456,-0.00034644099875251813,5.4714182627865906e-5,1.458500875538118e-6,-0.0003598922068109433,2.3160869630737706e-5,-0.000450032496962747,0.0004252297484304168,7.570489040812685e-5,-0.0007627879380221877,0.000374158390428891,-0.00018967767271598106,0.000315936638544402,0.003365618252428731,0.0015156130247168987,-0.0007238274462033445,-0.0003659893937590373,0.00013724789298955785,-0.002213478708602767,-0.0003139258771996541,0.001253131034021802,0.0012496488534902805,-0.0005065061763600666,0.0005359861302682684,-0.0007123850595369126,0.0006638008725341369,0.0016175203097282364,-0.0008520708991304753,0.0006806824327779353,2.85750166459712e-5,0.0014195202979584455,0.00017026763653345587,-0.001382845600376902,0.0015156130247168987,0.013244951210798302,-0.0018430137088992432,-0.001894478792583232,0.0004922772251896535,0.0018157240929603958,-0.0008260605032676486,-0.0005502862675684033,-0.0014037865808359975,-0.0015810613561154988,0.0002636178345626894,0.00042248234971427947,-0.0016499741713002394,-0.003877342426372231,-0.00011701722942078339,-0.0003882506134969408,-0.0003229240275162866,8.399225647912448e-5,0.0003390117238420502,0.000203781227140797,-0.0007238274462033445,-0.0018430137088992432,0.00612586393186802,-0.00042367237899550907,-0.000734642970627837,0.0031527247478944924,0.0012969227701756288,-0.0001580775832525881,0.0012725403225135163,0.0011262499034536133,0.00011325134642932192,0.0020596572354970085,0.0023848364048005997,0.003967320371868475,0.0003594498063421996,-0.0004053247372770644,0.0014872770465716163,-0.001820027748068256,0.001808248177482882,0.001005157207265115,-0.0003659893937590373,-0.001894478792583232,-0.00042367237899550907,0.011080353030196523,0.0005244225906174558,0.0005173589707711439,0.00013756919764000886,-0.00015520232254390408,-2.848195619250602e-5,0.0012164483271873748,0.00011843461919513599,0.0006717174261928452,0.0014912088550637806,0.0010482183766724518,-0.0002669612753295916,-0.00021372945659162943,-0.00023047550895028936,-0.000353067828172511,-0.00021873265592206467,-0.0003748400626165049,0.00013724789298955785,0.0004922772251896535,-0.000734642970627837,0.0005244225906174558,0.002226696949987208
