0.015633549721362047,-0.00038357873356581734,0.0007503181956712056,8.732139225404068e-5,0.00041873304877442505,0.0009439258044750857,-0.0008687403947742398,0.003355020247344842,0.0016319216714426393,-0.0008713880351904796,-4.09674839391557e-6,0.0007454602601103305,0.00043434662886640584,0.0015643563529085236,0.001298304202373281,-2.6737653401071904e-5,0.0019010863858115244,-0.0003386589862082307,0.0005274145213253743,0.0003890816330512891,-0.00038357873356581734,0.007651301728954641,-0.0003065476469573063,0.0004751660804903152,0.00021067174802171402,0.0003265194251901731,0.0007609560827287241,9.834002121182166e-5,0.0016074116549580821,0.0009522170318746314,0.00015154593946618963,0.0007313944903465997,0.0004816658080897057,-0.00022047438382498088,0.00016220893783431374,3.5664869581710587e-6,0.0013668567541797877,0.0007814734259455947,0.0003066589406332366,-1.3070959300317454e-5,0.0007503181956712056,-0.0003065476469573063,0.0025698514485422478,0.00018058241687679728,0.00017851400331785294,0.00041705409050210774,0.00019195377248398387,0.001536316176719719,-2.9527545312139628e-5,0.0007517568897292071,-0.00012414583835826496,0.0004757730882362672,0.00031185732257263355,-7.348508788370962e-5,0.0001215140937675697,0.00046769305726755705,8.861228284200715e-5,-0.0004203146133356862,0.0006276715669268249,9.123955263091866e-5,8.732139225404068e-5,0.0004751660804903152,0.00018058241687679728,0.005955844997564865,0.0006029256607599065,0.0004229724948950144,0.0010960052034665324,0.0009250895529070239,0.001571061674807137,0.001446216500143874,9.064594267342941e-5,0.0004246273719809381,0.0004655618434613155,0.00018632705822977318,0.0005508209777963624,0.0001683168067328434,-0.00014352157560931235,0.0002910409630549577,0.0005524514511122884,-3.935853052472676e-5,0.00041873304877442505,0.00021067174802171402,0.00017851400331785294,0.0006029256607599065,0.002863771704115221,-0.0002080169298106035,0.0012085588690134564,0.0008584990019365633,0.0006617424162035737,0.0005439643161787522,0.0002613937900898067,0.0005083099773393162,-1.3801727895216714e-5,-0.00022848089516546268,0.0004126530486812392,9.308437740850194e-5,0.00042708204741489516,0.0006078640179326919,0.00023575404184295284,0.00010674638638817646,0.0009439258044750857,0.0003265194251901731,0.00041705409050210774,0.0004229724948950144,-0.0002080169298106035,0.004222533894011012,0.0005621550507460445,0.0012041006579335115,0.0009314797438897567,6.000255784070167e-5,0.00016907812036048826,0.0006074995838557101,0.00011422238493759525,0.00040463672158932913,0.00013581646512930094,6.742137581714926e-5,0.0004187758915298335,-0.00045811532963744347,0.000218373519347277,-0.0001341302020508791,-0.0008687403947742398,0.0007609560827287241,0.00019195377248398387,0.0010960052034665324,0.0012085588690134564,0.0005621550507460445,0.00917968835980522,0.0006606499513457331,0.0013819326714753562,0.0023579136732839777,0.00045643163000671106,0.0011064148134874298,0.0007020654068984519,0.0003668307840964975,0.00010144030615225614,0.00036183186465851163,0.0012116917554220053,0.0015983734069398884,0.0013223689623002646,0.0007437909602744286,0.003355020247344842,9.834002121182166e-5,0.001536316176719719,0.0009250895529070239,0.0008584990019365633,0.0012041006579335115,0.0006606499513457331,0.016508711007808617,0.0028332541079738654,0.0003622326829437766,0.0004740643584077286,0.002007515908295512,5.504703288734006e-5,0.00015323317739354608,0.0010617714649413309,0.000987839804586907,0.002745891326270399,0.000843611174283392,0.0023586537580068544,0.0009106005914834738,0.0016319216714426393,0.0016074116549580821,-2.9527545312139628e-5,0.001571061674807137,0.0006617424162035737,0.0009314797438897567,0.0013819326714753562,0.0028332541079738654,0.017620648783667807,0.0006481495970984966,0.00021322740204562045,0.0010564121538767532,0.00019763515259343435,-0.000587799852308775,-0.0004475735816243597,9.793840482651511e-5,0.0007683160848585029,0.0009239872983543054,0.0017859221520911952,0.0004683411239602153,-0.0008713880351904796,0.0009522170318746314,0.0007517568897292071,0.001446216500143874,0.0005439643161787522,6.000255784070167e-5,0.0023579136732839777,0.0003622326829437766,0.0006481495970984966,0.014300952788193782,-8.330590267961147e-5,0.0003872635354134399,0.00045817567792109124,0.00010766337899553087,0.0005370857964037109,0.0005880094595474304,0.00035335634261361693,0.0006833793484041569,0.0002957135679995703,0.00010619865147511837,-4.09674839391557e-6,0.00015154593946618963,-0.00012414583835826496,9.064594267342941e-5,0.0002613937900898067,0.00016907812036048826,0.00045643163000671106,0.0004740643584077286,0.00021322740204562045,-8.330590267961147e-5,0.0012348131785921126,0.0005078130066635508,9.012049160494448e-5,-1.1882603836384668e-5,-5.3955105178206455e-6,3.313437646105208e-5,0.0006183488274374839,0.0005550183465584675,0.00044600448501278927,-0.00012980806743950277,0.0007454602601103305,0.0007313944903465997,0.0004757730882362672,0.0004246273719809381,0.0005083099773393162,0.0006074995838557101,0.0011064148134874298,0.002007515908295512,0.0010564121538767532,0.0003872635354134399,0.0005078130066635508,0.007835891056504727,0.0006704188883008577,-0.0007325860918214666,0.0002730301915413772,0.0003514630539834287,0.0022331028696357348,0.00032731594835792225,0.0014423675001049578,0.000219018645368116,0.00043434662886640584,0.0004816658080897057,0.00031185732257263355,0.0004655618434613155,-1.3801727895216714e-5,0.00011422238493759525,0.0007020654068984519,5.504703288734006e-5,0.00019763515259343435,0.00045817567792109124,9.012049160494448e-5,0.0006704188883008577,0.0028710739120252618,0.0002810360517233916,0.0002408981791201968,0.0002193511019025725,0.0006083201771803971,0.000423687983808571,-0.00039640025030763853,0.00011017967482864264,0.0015643563529085236,-0.00022047438382498088,-7.348508788370962e-5,0.00018632705822977318,-0.00022848089516546268,0.00040463672158932913,0.0003668307840964975,0.00015323317739354608,-0.000587799852308775,0.00010766337899553087,-1.1882603836384668e-5,-0.0007325860918214666,0.0002810360517233916,0.005745720970215345,0.000119329258866581,0.00029933799595241917,-0.00027076847115974805,-0.0002275010924169221,0.00016163251539250283,6.313834353938977e-5,0.001298304202373281,0.00016220893783431374,0.0001215140937675697,0.0005508209777963624,0.0004126530486812392,0.00013581646512930094,0.00010144030615225614,0.0010617714649413309,-0.0004475735816243597,0.0005370857964037109,-5.3955105178206455e-6,0.0002730301915413772,0.0002408981791201968,0.000119329258866581,0.004039218189529502,3.2629410228680787e-5,0.0003874442342769247,0.00020776899635988906,-0.0005074907334322708,-3.842805430809939e-6,-2.6737653401071904e-5,3.5664869581710587e-6,0.00046769305726755705,0.0001683168067328434,9.308437740850194e-5,6.742137581714926e-5,0.00036183186465851163,0.000987839804586907,9.793840482651511e-5,0.0005880094595474304,3.313437646105208e-5,0.0003514630539834287,0.0002193511019025725,0.00029933799595241917,3.2629410228680787e-5,0.0030678716581961324,0.0008986295062477611,6.90113084185278e-5,0.000162259394298844,0.00012638459335465995,0.0019010863858115244,0.0013668567541797877,8.861228284200715e-5,-0.00014352157560931235,0.00042708204741489516,0.0004187758915298335,0.0012116917554220053,0.002745891326270399,0.0007683160848585029,0.00035335634261361693,0.0006183488274374839,0.0022331028696357348,0.0006083201771803971,-0.00027076847115974805,0.0003874442342769247,0.0008986295062477611,0.012555192852310588,7.175791338241873e-5,0.0014499538585076585,0.0005739444065553133,-0.0003386589862082307,0.0007814734259455947,-0.0004203146133356862,0.0002910409630549577,0.0006078640179326919,-0.00045811532963744347,0.0015983734069398884,0.000843611174283392,0.0009239872983543054,0.0006833793484041569,0.0005550183465584675,0.00032731594835792225,0.000423687983808571,-0.0002275010924169221,0.00020776899635988906,6.90113084185278e-5,7.175791338241873e-5,0.005029284884521721,0.00018545499855979493,7.506713050122371e-5,0.0005274145213253743,0.0003066589406332366,0.0006276715669268249,0.0005524514511122884,0.00023575404184295284,0.000218373519347277,0.0013223689623002646,0.0023586537580068544,0.0017859221520911952,0.0002957135679995703,0.00044600448501278927,0.0014423675001049578,-0.00039640025030763853,0.00016163251539250283,-0.0005074907334322708,0.000162259394298844,0.0014499538585076585,0.00018545499855979493,0.008280711148952008,0.0006676259888155761,0.0003890816330512891,-1.3070959300317454e-5,9.123955263091866e-5,-3.935853052472676e-5,0.00010674638638817646,-0.0001341302020508791,0.0007437909602744286,0.0009106005914834738,0.0004683411239602153,0.00010619865147511837,-0.00012980806743950277,0.000219018645368116,0.00011017967482864264,6.313834353938977e-5,-3.842805430809939e-6,0.00012638459335465995,0.0005739444065553133,7.506713050122371e-5,0.0006676259888155761,0.001674653521006789
