0.01966164269873619,0.003986375089448618,0.0013569225805479348,0.002616420510096155,0.0024387439114065077,0.0016694684220036875,0.0114058074702247,0.0005639555397200257,0.005349874640684624,0.0017963429321162776,0.011735208579306124,0.002881922068661184,0.0019932500893104837,0.0029754061212432193,0.003790469918338299,-0.001706826831723956,0.001885515553672566,0.00276804486543611,0.0008566660572479582,0.003549346603720061,0.003986375089448618,0.014332927389303689,0.0010119610941253267,0.001178091737695795,0.0008949390637025129,-0.00024853524909717364,-0.004428394856626177,0.0018678047303226741,0.001735848996888913,0.0013708546394083526,0.0019362782558172598,0.0006767388629691498,-0.001380991726016943,7.384304188639576e-5,0.00033699791376560367,0.002902674669238303,0.00044126504787761706,0.0008230837718741755,0.0017708595239033149,0.005511787173576065,0.0013569225805479348,0.0010119610941253267,0.003546060772114902,0.0014665683308192103,0.0014446006353919616,0.000443756749878645,0.006095412978385958,0.0005270420297735505,0.0004108240399187759,0.0007745229717889373,0.0030748399453645377,0.001277490720137593,0.003656652414123007,-0.0009107406491709977,0.00020824075953696067,0.001153524818280897,-0.00021282347565713302,0.00021014121361390527,0.0015369371784849683,0.001534498862524772,0.002616420510096155,0.001178091737695795,0.0014665683308192103,0.005845068679810081,0.0014721439839281872,0.0016372292876007497,0.005260959136696191,0.0006740619851163866,0.0012824226045495951,0.0010771217721709068,0.0031191056173916986,0.0008350962349308437,0.0011105096767297495,0.002655640158341705,0.0008202963443970357,0.002844119374906957,0.0011828875752379724,0.0007725516991412182,0.0025766096899144915,-3.1652893980187466e-5,0.0024387439114065077,0.0008949390637025129,0.0014446006353919616,0.0014721439839281872,0.004678016951801654,0.0007892822565011017,0.008686071960176667,0.001202652146255756,0.0020841980336654417,0.0023224904327198946,0.005233406406956815,0.0009484179106784692,0.0009585169512753548,0.0004502246212699936,0.001476512957114024,0.0018105020111906394,0.0016124163477514574,0.0010325500995618606,0.0034968637776273907,0.0021745708473404467,0.0016694684220036875,-0.00024853524909717364,0.000443756749878645,0.0016372292876007497,0.0007892822565011017,0.003299314857036789,0.00516308437473266,0.00012346120504364103,0.0023677736380305426,0.0012099154201085107,0.0013405392243021476,0.00038868833395191526,0.0007067968921680098,0.0014599761799592636,0.0006311699227894265,0.0024126623134896443,-0.0004820514258732061,0.0008930846115528355,0.001586511712232382,-0.0008513139601456839,0.0114058074702247,-0.004428394856626177,0.006095412978385958,0.005260959136696191,0.008686071960176667,0.00516308437473266,0.08113783158139114,0.00029632849240510985,0.0070950810169784825,0.008195777059560337,0.009211635169966662,0.004861006055951274,0.011246257898618758,-0.0021332791041933823,0.0032778382309493026,-0.0023377028958309768,0.00011376488536118246,0.0015223320020048546,0.0033309729734167046,0.005140299213513054,0.0005639555397200257,0.0018678047303226741,0.0005270420297735505,0.0006740619851163866,0.001202652146255756,0.00012346120504364103,0.00029632849240510985,0.0037799304957705834,-8.717717726905039e-5,0.0006491065728921185,0.000802614460784326,0.0011478521231284358,0.0006195423794362684,-0.0003292277287328597,0.0009665621278656459,0.00041570277092092,0.0020270862291669597,-5.411787276547844e-5,0.0017480040597820125,0.004177118102947279,0.005349874640684624,0.001735848996888913,0.0004108240399187759,0.0012824226045495951,0.0020841980336654417,0.0023677736380305426,0.0070950810169784825,-8.717717726905039e-5,0.011377936043329798,0.0026622596808723014,0.004730090562875375,0.0011175995449383448,0.0006061636086058001,-0.00010600596971271414,0.0023547809060209747,0.002833692590874277,-0.001860990444869859,0.003189377308292779,0.0007509362310777577,0.0004401380735837607,0.0017963429321162776,0.0013708546394083526,0.0007745229717889373,0.0010771217721709068,0.0023224904327198946,0.0012099154201085107,0.008195777059560337,0.0006491065728921185,0.0026622596808723014,0.009232246647081332,0.0009861967867211122,0.0004257602730429348,0.0016608767119704062,-0.00021955129786979774,0.0006315829317966261,0.00360059198550898,0.0023213352473123046,0.00030548675442005095,0.0021362366278481508,0.0016979231797099748,0.011735208579306124,0.0019362782558172598,0.0030748399453645377,0.0031191056173916986,0.005233406406956815,0.0013405392243021476,0.009211635169966662,0.000802614460784326,0.004730090562875375,0.0009861967867211122,0.029835827539151934,0.003938173247727582,0.0035929270540548375,0.0038545865798441828,0.004456903862239039,-0.0002498524374560371,0.0034615581215682372,0.002320008670704893,0.007718849630250215,0.0025941675414290068,0.002881922068661184,0.0006767388629691498,0.001277490720137593,0.0008350962349308437,0.0009484179106784692,0.00038868833395191526,0.004861006055951274,0.0011478521231284358,0.0011175995449383448,0.0004257602730429348,0.003938173247727582,0.0094311925206841,0.0035816607698415277,-0.00110467814721024,0.0024389870959542837,-0.0011618663654920345,0.0011146536974134505,0.0009837003738277816,0.0012818279395314114,0.006279519518780527,0.0019932500893104837,-0.001380991726016943,0.003656652414123007,0.0011105096767297495,0.0009585169512753548,0.0007067968921680098,0.011246257898618758,0.0006195423794362684,0.0006061636086058001,0.0016608767119704062,0.0035929270540548375,0.0035816607698415277,0.014440807892947032,-0.003254211137680178,0.0005667812545089771,-0.0003854102046089561,0.0010808923179769629,0.00030190931974978774,0.002093245416001829,0.0029034164596473113,0.0029754061212432193,7.384304188639576e-5,-0.0009107406491709977,0.002655640158341705,0.0004502246212699936,0.0014599761799592636,-0.0021332791041933823,-0.0003292277287328597,-0.00010600596971271414,-0.00021955129786979774,0.0038545865798441828,-0.00110467814721024,-0.003254211137680178,0.01822153601165211,0.0017518732572496748,0.005697673464157297,0.0029514414602957832,0.0005029202602131633,0.005380112673563798,-0.003803644031321559,0.003790469918338299,0.00033699791376560367,0.00020824075953696067,0.0008202963443970357,0.001476512957114024,0.0006311699227894265,0.0032778382309493026,0.0009665621278656459,0.0023547809060209747,0.0006315829317966261,0.004456903862239039,0.0024389870959542837,0.0005667812545089771,0.0017518732572496748,0.007916357627372972,-2.7644896449468966e-5,0.00047117332004987866,0.0017524276324862118,0.0011511311859237383,0.0024519350879316083,-0.001706826831723956,0.002902674669238303,0.001153524818280897,0.002844119374906957,0.0018105020111906394,0.0024126623134896443,-0.0023377028958309768,0.00041570277092092,0.002833692590874277,0.00360059198550898,-0.0002498524374560371,-0.0011618663654920345,-0.0003854102046089561,0.005697673464157297,-2.7644896449468966e-5,0.020394232452955283,0.00035010081521237433,0.0014436119662899378,0.005507833444264117,-0.003445393700086791,0.001885515553672566,0.00044126504787761706,-0.00021282347565713302,0.0011828875752379724,0.0016124163477514574,-0.0004820514258732061,0.00011376488536118246,0.0020270862291669597,-0.001860990444869859,0.0023213352473123046,0.0034615581215682372,0.0011146536974134505,0.0010808923179769629,0.0029514414602957832,0.00047117332004987866,0.00035010081521237433,0.009587362430648448,-0.0003817015622429139,0.003913467383324034,0.0025743953392983786,0.00276804486543611,0.0008230837718741755,0.00021014121361390527,0.0007725516991412182,0.0010325500995618606,0.0008930846115528355,0.0015223320020048546,-5.411787276547844e-5,0.003189377308292779,0.00030548675442005095,0.002320008670704893,0.0009837003738277816,0.00030190931974978774,0.0005029202602131633,0.0017524276324862118,0.0014436119662899378,-0.0003817015622429139,0.0024563656041896283,0.0010750976068289418,0.0007467193900799537,0.0008566660572479582,0.0017708595239033149,0.0015369371784849683,0.0025766096899144915,0.0034968637776273907,0.001586511712232382,0.0033309729734167046,0.0017480040597820125,0.0007509362310777577,0.0021362366278481508,0.007718849630250215,0.0012818279395314114,0.002093245416001829,0.005380112673563798,0.0011511311859237383,0.005507833444264117,0.003913467383324034,0.0010750976068289418,0.016896150197874344,0.002043973838394551,0.003549346603720061,0.005511787173576065,0.001534498862524772,-3.1652893980187466e-5,0.0021745708473404467,-0.0008513139601456839,0.005140299213513054,0.004177118102947279,0.0004401380735837607,0.0016979231797099748,0.0025941675414290068,0.006279519518780527,0.0029034164596473113,-0.003803644031321559,0.0024519350879316083,-0.003445393700086791,0.0025743953392983786,0.0007467193900799537,0.002043973838394551,0.03531226605975999
0.01659328958502105,0.009897567157990034,-0.0005011355452023872,-0.000629530414114041,-0.0009177508036149358,0.003202050079213254,0.008513542996619224,0.0015616968275037977,-0.0009231532357977538,-0.0017767636258050324,-0.0021128474244648428,0.005616800647560892,-0.00168878127198922,0.0013594743563713724,0.0043173085581337135,0.006447986295392595,0.004913234954450249,0.0008727029529385941,-0.0025531753576773816,-0.001339876482573331,0.009897567157990034,0.030386641051926063,0.0012173663094136849,-0.0013045691293722466,0.0027606140114949246,0.006831079557093635,0.011933335676357772,0.002493612562178277,-0.0051567580220937,-0.0029429271137043217,0.001303047675017719,0.010489944017669086,0.0014505730446004637,0.007921995917819863,0.008565163722963594,0.009550051859311319,0.007748344246231317,0.0017150952975155433,-0.004414167930976834,-0.0013811898578730702,-0.0005011355452023872,0.0012173663094136849,0.003036322866894457,-0.0009782059320273067,0.0003941065046478209,0.0022446481636437593,0.00177493762388706,-0.0006872193196569482,-0.0008191919776840756,0.00026011889436969705,0.002337508947826636,-0.0011563824855816925,-0.00041765199933987393,0.002496703369751641,0.00046220523536038107,-0.0028299571808386966,0.0009881306954918553,0.00029500863273910415,0.0007523051673784585,0.0008829381701706018,-0.000629530414114041,-0.0013045691293722466,-0.0009782059320273067,0.0072358794672157285,0.00013502628904029986,-0.0020737552498608126,-0.0025203341312381427,0.0018626833071674629,-0.0009049484156620613,0.0027354877143916014,-0.003507150717556801,-0.0014756129455615811,0.001509413644708098,0.001564851109707993,-0.002295084421794852,-0.0001656115283450641,-0.0004219074341594468,9.954182628276618e-5,-0.0024223685303425497,-4.092313697011229e-5,-0.0009177508036149358,0.0027606140114949246,0.0003941065046478209,0.00013502628904029986,0.0031223389461341585,0.0011345089266237712,0.001605682287343458,-0.0009932955616537885,0.0005431697633823298,-0.0005389088746765489,-0.0007206336038298531,0.0013382039620548837,-0.000627996837790442,0.0010632077322605975,0.0012034085226964378,-0.0004130057122121777,0.0010192487408860744,0.00044585700286062864,0.00045838605992995084,5.856178126601728e-5,0.003202050079213254,0.006831079557093635,0.0022446481636437593,-0.0020737552498608126,0.0011345089266237712,0.008529066784257447,0.0013138761248313944,-0.0010864564893485334,-0.0030874880910537394,-0.0008095253409596779,0.004888831786131875,0.0019088200554600763,-0.0035553799597001414,0.0005417905760232869,0.003776663623346133,-0.0007804764407247033,0.0031230003662301538,-0.0002930052271872878,-0.0013080534644333858,0.0010741315066175317,0.008513542996619224,0.011933335676357772,0.00177493762388706,-0.0025203341312381427,0.001605682287343458,0.0013138761248313944,0.043792286900283056,-0.002108070072467671,0.002952043665941261,-0.0026655026077157737,-0.006298139538730778,0.0017831924818154923,-0.0020104786093438397,0.003614913117655095,0.0007390643757964982,-0.0013583248831000182,0.006973036918336289,0.0026487294401501623,0.004084922886369975,-0.0005316875447253188,0.0015616968275037977,0.002493612562178277,-0.0006872193196569482,0.0018626833071674629,-0.0009932955616537885,-0.0010864564893485334,-0.002108070072467671,0.006474019545093094,-0.0015680541544700242,0.0015019807701317778,-0.0013007671879395517,0.0007385568631168352,0.004087289724414238,0.002503121896600366,0.001606158541691374,0.007463591649790184,0.000795806330372767,0.0006210916401332303,-0.004694039411533484,-0.002903745463440434,-0.0009231532357977538,-0.0051567580220937,-0.0008191919776840756,-0.0009049484156620613,0.0005431697633823298,-0.0030874880910537394,0.002952043665941261,-0.0015680541544700242,0.011161920811495231,-0.0024120601225414663,-0.007159063009156641,0.001037748466363302,-0.0014162207824789277,-0.0031803090335701433,-0.0015068718227637902,0.0003388319363166796,-8.289751442301752e-5,0.0013824250566347438,0.004392688452500755,3.2791629843933266e-5,-0.0017767636258050324,-0.0029429271137043217,0.00026011889436969705,0.0027354877143916014,-0.0005389088746765489,-0.0008095253409596779,-0.0026655026077157737,0.0015019807701317778,-0.0024120601225414663,0.010064554611388749,0.0038206644108046642,-0.002584779263458299,0.00386332920661348,0.0011110354672013573,-0.0004267280011786193,-0.0012911678802851436,-0.0045234298689915044,-0.0006382728031610887,-0.0005985713441023402,0.0008159988351083406,-0.0021128474244648428,0.001303047675017719,0.002337508947826636,-0.003507150717556801,-0.0007206336038298531,0.004888831786131875,-0.006298139538730778,-0.0013007671879395517,-0.007159063009156641,0.0038206644108046642,0.03416670208954715,-0.002599755741739965,0.0023699080514062365,0.0027683495809844843,0.0018130855196172107,-0.0029350450416682507,-0.002610830994870159,-0.004244308329257022,0.001292279106229837,0.006414213470444441,0.005616800647560892,0.010489944017669086,-0.0011563824855816925,-0.0014756129455615811,0.0013382039620548837,0.0019088200554600763,0.0017831924818154923,0.0007385568631168352,0.001037748466363302,-0.002584779263458299,-0.002599755741739965,0.014474066189075062,-0.0005259300681852391,-7.319220277490377e-5,0.005578152194216918,0.009526374258257093,0.0019362394058742255,0.0006610100471578716,-0.0020119375400238547,-0.000778543018532212,-0.00168878127198922,0.0014505730446004637,-0.00041765199933987393,0.001509413644708098,-0.000627996837790442,-0.0035553799597001414,-0.0020104786093438397,0.004087289724414238,-0.0014162207824789277,0.00386332920661348,0.0023699080514062365,-0.0005259300681852391,0.014460517520647993,0.00552359811796567,-0.0005318408585056702,0.007071770289415103,-0.0038573363646835016,0.0005819524900905204,-0.004047336329819769,-0.0009161835615245731,0.0013594743563713724,0.007921995917819863,0.002496703369751641,0.001564851109707993,0.0010632077322605975,0.0005417905760232869,0.003614913117655095,0.002503121896600366,-0.0031803090335701433,0.0011110354672013573,0.0027683495809844843,-7.319220277490377e-5,0.00552359811796567,0.016018229225482853,0.0011218093884530346,0.00011871332060191525,0.0011583685288721066,0.0010020413247024229,-0.0005504140626132166,0.00027316964967323147,0.0043173085581337135,0.008565163722963594,0.00046220523536038107,-0.002295084421794852,0.0012034085226964378,0.003776663623346133,0.0007390643757964982,0.001606158541691374,-0.0015068718227637902,-0.0004267280011786193,0.0018130855196172107,0.005578152194216918,-0.0005318408585056702,0.0011218093884530346,0.011029749949519614,0.008075639073015596,0.0016875698723269991,-8.962345964728117e-5,-0.001392342085227402,-0.0008297928994259369,0.006447986295392595,0.009550051859311319,-0.0028299571808386966,-0.0001656115283450641,-0.0004130057122121777,-0.0007804764407247033,-0.0013583248831000182,0.007463591649790184,0.0003388319363166796,-0.0012911678802851436,-0.0029350450416682507,0.009526374258257093,0.007071770289415103,0.00011871332060191525,0.008075639073015596,0.035743138956981786,0.0003291206957605988,0.0014711729656783714,-0.008322029147542542,-0.0036209439167794125,0.004913234954450249,0.007748344246231317,0.0009881306954918553,-0.0004219074341594468,0.0010192487408860744,0.0031230003662301538,0.006973036918336289,0.000795806330372767,-8.289751442301752e-5,-0.0045234298689915044,-0.002610830994870159,0.0019362394058742255,-0.0038573363646835016,0.0011583685288721066,0.0016875698723269991,0.0003291206957605988,0.0113418794717659,0.0008484278556563982,-0.0025948373098515047,-0.0020188533478975703,0.0008727029529385941,0.0017150952975155433,0.00029500863273910415,9.954182628276618e-5,0.00044585700286062864,-0.0002930052271872878,0.0026487294401501623,0.0006210916401332303,0.0013824250566347438,-0.0006382728031610887,-0.004244308329257022,0.0006610100471578716,0.0005819524900905204,0.0010020413247024229,-8.962345964728117e-5,0.0014711729656783714,0.0008484278556563982,0.0025487057625522566,0.0014588505399203483,-0.00012143602899915794,-0.0025531753576773816,-0.004414167930976834,0.0007523051673784585,-0.0024223685303425497,0.00045838605992995084,-0.0013080534644333858,0.004084922886369975,-0.004694039411533484,0.004392688452500755,-0.0005985713441023402,0.001292279106229837,-0.0020119375400238547,-0.004047336329819769,-0.0005504140626132166,-0.001392342085227402,-0.008322029147542542,-0.0025948373098515047,0.0014588505399203483,0.022096081877847194,0.008991954165078765,-0.001339876482573331,-0.0013811898578730702,0.0008829381701706018,-4.092313697011229e-5,5.856178126601728e-5,0.0010741315066175317,-0.0005316875447253188,-0.002903745463440434,3.2791629843933266e-5,0.0008159988351083406,0.006414213470444441,-0.000778543018532212,-0.0009161835615245731,0.00027316964967323147,-0.0008297928994259369,-0.0036209439167794125,-0.0020188533478975703,-0.00012143602899915794,0.008991954165078765,0.023419077553565128
0.01479064080895825,-0.0026379062776824575,0.002050046098027943,-4.64838878757114e-5,0.0024738719403222496,0.001981247977365713,-0.0038930968197773102,0.004529858906368197,0.002639131055875624,0.0006451814025308811,-0.004496781651237047,-0.0004876785821422737,0.0007090871378677302,0.005766763275505649,-0.0014399897027797346,0.003531407402041692,0.0013863898024784446,0.001705199996854481,0.011843098090983233,0.008376048417272113,-0.0026379062776824575,0.018168296776215145,-0.0017609602310889767,-0.001861530794258354,-0.0034064833868698505,-0.0007100248780473304,0.008786102993919699,-0.0035909807140946663,-0.0014731914866675734,-0.002403262011477552,0.00339762965004564,0.0051202556352432285,-0.0006410005820578443,-0.0018831872083104476,0.0008497769922631753,-0.008443357746218441,-0.003964352293028482,-0.0006656608740421895,-0.0070902475560455066,-0.00764539659658486,0.002050046098027943,-0.0017609602310889767,0.0025583925968235837,0.00042435688278129585,0.0014608868577937195,0.00020546936760970074,-0.002397502167775633,0.0010381970297616405,-0.0005172188446632256,0.000750201023446205,-0.0009605910462010373,0.00016013373951176678,-0.0003434399733746454,-0.0008803514051412573,0.00017223941624933017,0.0013139476295739969,0.00012971475267851631,0.0002762154287452624,0.002744342345697719,0.0017496735669615853,-4.64838878757114e-5,-0.001861530794258354,0.00042435688278129585,0.0068804720137057825,0.0005126709367517328,-0.0008317286495877112,0.0021375037897272955,0.0016405510135487156,-0.00010625142048385742,-0.0003972672597929174,0.00107646759429233,3.974001375755727e-5,0.003501999160402361,-0.001193472206493428,0.0019266324149690515,-0.0013010810716534741,0.00031193327740770057,-0.0005652063185171719,0.000842457450690134,-0.0016122102177048823,0.0024738719403222496,-0.0034064833868698505,0.0014608868577937195,0.0005126709367517328,0.004974758897721647,0.0009132396582238046,-0.0057735832293854105,0.001840290723217237,-0.0020754496605262995,0.0013258647958675636,-0.0009263506895135242,4.137453656247459e-5,0.001365885798536303,-0.0034406995111460354,0.001471020590735201,0.0007696661930059118,-0.001120266476723403,3.629902957581405e-5,0.003718279575116501,-0.0003020323055535336,0.001981247977365713,-0.0007100248780473304,0.00020546936760970074,-0.0008317286495877112,0.0009132396582238046,0.004102147612027788,-0.007107315148726454,-0.0006036156578996977,0.0006614007250876871,0.0004311079085587854,-0.0034343414898548048,-0.0025881441636373213,-0.0009721974613754417,0.0017959281771696201,-0.0013978637471969506,0.0036980079780592826,0.0031104623109140007,0.0010781960876755157,0.003502797799127354,0.007011561313329044,-0.0038930968197773102,0.008786102993919699,-0.002397502167775633,0.0021375037897272955,-0.0057735832293854105,-0.007107315148726454,0.06713257499892189,-0.00010435849966627063,0.0032184259570309324,-0.0041003078965550785,0.012853737811790212,0.011834347191496314,0.01151425361271391,0.0036694292852803324,0.005685912580216353,-0.015407219359888183,-0.007230643173379025,-0.001194324862527669,-0.007563799534893389,-0.01098007394117825,0.004529858906368197,-0.0035909807140946663,0.0010381970297616405,0.0016405510135487156,0.001840290723217237,-0.0006036156578996977,-0.00010435849966627063,0.008207085143674717,0.0019552955399094827,-0.0004972532666861838,0.0011511635821700914,0.0017650907924536491,0.0038255647684839605,0.0013673742462178683,0.0006575634592877258,-0.0021535752485443435,-0.0030223733955869886,0.0007261012638026035,0.007655273931228812,0.007132492923278182,0.002639131055875624,-0.0014731914866675734,-0.0005172188446632256,-0.00010625142048385742,-0.0020754496605262995,0.0006614007250876871,0.0032184259570309324,0.0019552955399094827,0.014854396468982518,-0.002094524266308657,-0.0011200994158942496,-0.004922065617056591,-0.001563019542827521,0.009876022695529422,-0.002847067680234436,0.0053293340262753446,0.00563441312677309,0.000670407339122357,0.0018976591280871371,0.018033422857486277,0.0006451814025308811,-0.002403262011477552,0.000750201023446205,-0.0003972672597929174,0.0013258647958675636,0.0004311079085587854,-0.0041003078965550785,-0.0004972532666861838,-0.002094524266308657,0.006073216779601232,0.0006407934315478833,-0.0006477771591934178,-0.00028380830519968446,-0.0008052481022861082,0.00017996577940166916,0.0027333783734029638,0.0008409517545027108,0.0003354525532018192,0.0007020559357058412,-0.0028525567067787727,-0.004496781651237047,0.00339762965004564,-0.0009605910462010373,0.00107646759429233,-0.0009263506895135242,-0.0034343414898548048,0.012853737811790212,0.0011511635821700914,-0.0011200994158942496,0.0006407934315478833,0.02717268114796612,0.006612578208094268,0.0020533291367020603,-0.007402719530427934,0.0034497099070179955,-0.008985473584226038,-0.009396738223649784,-0.0018568554518361407,-0.009425848767006435,-0.010015536011093625,-0.0004876785821422737,0.0051202556352432285,0.00016013373951176678,3.974001375755727e-5,4.137453656247459e-5,-0.0025881441636373213,0.011834347191496314,0.0017650907924536491,-0.004922065617056591,-0.0006477771591934178,0.006612578208094268,0.01762729653745563,0.005526238538151432,-0.003928183303187678,0.00437567004957044,-0.014195760712645607,-0.008679788078833135,-0.0005025611430438178,-0.0009865766981559205,-0.01650816260241148,0.0007090871378677302,-0.0006410005820578443,-0.0003434399733746454,0.003501999160402361,0.001365885798536303,-0.0009721974613754417,0.01151425361271391,0.0038255647684839605,-0.001563019542827521,-0.00028380830519968446,0.0020533291367020603,0.005526238538151432,0.015013622651177309,-0.002334791126816704,0.0044653457165104125,-0.006153959990023257,-0.004576409873710578,5.0364054875147755e-5,0.00267659463559999,-0.003555817509764223,0.005766763275505649,-0.0018831872083104476,-0.0008803514051412573,-0.001193472206493428,-0.0034406995111460354,0.0017959281771696201,0.0036694292852803324,0.0013673742462178683,0.009876022695529422,-0.0008052481022861082,-0.007402719530427934,-0.003928183303187678,-0.002334791126816704,0.025357148060083694,-0.004391860775813354,0.007387383244482183,0.010830498115972963,0.0021468961484190268,0.0076784373270054,0.01872626129312356,-0.0014399897027797346,0.0008497769922631753,0.00017223941624933017,0.0019266324149690515,0.001471020590735201,-0.0013978637471969506,0.005685912580216353,0.0006575634592877258,-0.002847067680234436,0.00017996577940166916,0.0034497099070179955,0.00437567004957044,0.0044653457165104125,-0.004391860775813354,0.007858615082806258,-0.005540787830011424,-0.003183002228817804,-0.0010186298476582588,-0.0001494047959738797,-0.007263954602878079,0.003531407402041692,-0.008443357746218441,0.0013139476295739969,-0.0013010810716534741,0.0007696661930059118,0.0036980079780592826,-0.015407219359888183,-0.0021535752485443435,0.0053293340262753446,0.0027333783734029638,-0.008985473584226038,-0.014195760712645607,-0.006153959990023257,0.007387383244482183,-0.005540787830011424,0.03001268578803528,0.012870768241984142,0.0010526236481993862,0.003874982241341622,0.014568623133452176,0.0013863898024784446,-0.003964352293028482,0.00012971475267851631,0.00031193327740770057,-0.001120266476723403,0.0031104623109140007,-0.007230643173379025,-0.0030223733955869886,0.00563441312677309,0.0008409517545027108,-0.009396738223649784,-0.008679788078833135,-0.004576409873710578,0.010830498115972963,-0.003183002228817804,0.012870768241984142,0.016687148133345306,0.001113644015068302,0.0038937858889973287,0.01336901453835566,0.001705199996854481,-0.0006656608740421895,0.0002762154287452624,-0.0005652063185171719,3.629902957581405e-5,0.0010781960876755157,-0.001194324862527669,0.0007261012638026035,0.000670407339122357,0.0003354525532018192,-0.0018568554518361407,-0.0005025611430438178,5.0364054875147755e-5,0.0021468961484190268,-0.0010186298476582588,0.0010526236481993862,0.001113644015068302,0.0020326363600857884,0.002841000186367278,0.005491513990818996,0.011843098090983233,-0.0070902475560455066,0.002744342345697719,0.000842457450690134,0.003718279575116501,0.003502797799127354,-0.007563799534893389,0.007655273931228812,0.0018976591280871371,0.0007020559357058412,-0.009425848767006435,-0.0009865766981559205,0.00267659463559999,0.0076784373270054,-0.0001494047959738797,0.003874982241341622,0.0038937858889973287,0.002841000186367278,0.02681407785734259,0.015578233966789055,0.008376048417272113,-0.00764539659658486,0.0017496735669615853,-0.0016122102177048823,-0.0003020323055535336,0.007011561313329044,-0.01098007394117825,0.007132492923278182,0.018033422857486277,-0.0028525567067787727,-0.010015536011093625,-0.01650816260241148,-0.003555817509764223,0.01872626129312356,-0.007263954602878079,0.014568623133452176,0.01336901453835566,0.005491513990818996,0.015578233966789055,0.07396320372085935
