0.028548089986411538,-0.00540512496236039,-0.015711825948406484,-0.0006081779428348168,-0.0017480084920800563,0.012167009065212748,0.004925924350269795,-0.0033981743294266183,0.0036039590793379883,0.003095452864163453,0.001765229851274737,-0.0014723613432935318,-0.0025247111593736022,0.010945742757090055,-0.00026747050064422607,0.00017855753308917185,0.005545132713161318,-0.006932006928003744,-0.017602917425790506,-0.007282392377509255,-0.00540512496236039,0.01765338817708857,0.011187818374119642,-0.0044912018016483295,0.0038175610852294725,-0.0022083242525973773,-0.0026702928146350394,0.0043013063299393636,0.002342028981913837,-0.0002109727157684227,0.004004140560933478,-0.0011328115384126056,0.0007785130094397459,-0.0024298593670700505,-0.0018141036441294792,-0.0015841963649068167,-0.0003941458917862032,0.006160882864570561,0.023419959912306384,-0.00037485830863857644,-0.015711825948406484,0.011187818374119642,0.03732708099222233,-0.0006192801973336152,0.004033944412043723,-0.005643532494601158,-0.0019285185876637338,0.003724370789699802,0.006239795950936917,-0.005172251003787917,0.0025324352300984117,-0.003308012186745905,0.003302476485170126,-0.0004613773927671577,0.0005077094071874412,-0.0015723796740641821,-0.006737633232710375,0.0017514195295007743,0.02891683397985401,0.013003511285009003,-0.0006081779428348168,-0.0044912018016483295,-0.0006192801973336152,0.006982866672542155,0.00013021191999279086,-0.0013783095633795337,0.0002591139885312783,-0.0018347752729888948,-0.002287651333164691,-0.0006441131136293084,-0.0020948498699939833,-0.0019557347767299284,0.00028545682738586556,8.752804695050259e-5,6.208769975878616e-5,0.0006138193574290729,0.0005889843828704418,-0.0024210923439015796,-0.0055002045509779385,0.003402786726680827,-0.0017480084920800563,0.0038175610852294725,0.004033944412043723,0.00013021191999279086,0.00842410619116795,-0.00015407420194310257,-0.00023637965388260938,0.001503061238161216,0.0014719828985610786,-0.0013015310802171002,0.001013114709761915,-0.0016123345506344736,0.0002226783284848781,0.0010840346694433835,-7.05039796943194e-5,-0.0004676343975712529,0.0008077749716997723,-0.0002659577855863267,0.007691751200989104,0.002275912523314959,0.012167009065212748,-0.0022083242525973773,-0.005643532494601158,-0.0013783095633795337,-0.00015407420194310257,0.04916380134502832,0.005332552130477188,1.7822946838434717e-5,0.004863271552337815,-0.005769775382351856,0.0038562307297617436,0.0004188563309429011,-0.00290427543034758,0.013297828138370903,-0.0023956151160336838,-0.003471434183157765,0.002248473002816377,-0.004828105773160139,-0.013209032590091617,-0.00800376675867846,0.004925924350269795,-0.0026702928146350394,-0.0019285185876637338,0.0002591139885312783,-0.00023637965388260938,0.005332552130477188,0.008288211225853014,-0.0005309483139111703,0.0014656036113859093,0.0009284731012717713,0.00024377301922637502,-0.002577543331884617,-0.001044584992294433,0.003817804702240778,-0.0027234329717323487,-5.955521313081917e-5,0.00046201440888618144,-0.0017126371299902637,-0.0042010090252604234,-0.0007523519638005119,-0.0033981743294266183,0.0043013063299393636,0.003724370789699802,-0.0018347752729888948,0.001503061238161216,1.7822946838434717e-5,-0.0005309483139111703,0.005659927417920039,0.0011069469255953867,-0.0006390573935788052,0.0020148274598575933,0.002752427541420968,4.438190212154773e-5,0.0012030449084682166,-1.7483793762535513e-5,0.0001630855469326298,0.0009838318153126955,0.003160881441234665,0.005644707212734341,-0.001742104947032351,0.0036039590793379883,0.002342028981913837,0.006239795950936917,-0.002287651333164691,0.0014719828985610786,0.004863271552337815,0.0014656036113859093,0.0011069469255953867,0.013375069416626015,-0.002569286770973357,0.0024148511747846086,-0.0027170615292990965,-0.00032365648506408457,0.005335361004819057,4.580541071803486e-5,-0.0009433548745317931,-0.0003439121355326586,-0.006343563076969349,0.0012285867334614245,-0.002002132018321583,0.003095452864163453,-0.0002109727157684227,-0.005172251003787917,-0.0006441131136293084,-0.0013015310802171002,-0.005769775382351856,0.0009284731012717713,-0.0006390573935788052,-0.002569286770973357,0.019680044783261904,-0.0008944182915720878,0.0016990022753398915,0.0007465767010053687,-0.00403365626749565,-0.00022099376174715998,0.0018652496270389982,0.0026934072559654156,0.006382916927280068,-0.0027249929502061315,0.001656821169485382,0.001765229851274737,0.004004140560933478,0.0025324352300984117,-0.0020948498699939833,0.001013114709761915,0.0038562307297617436,0.00024377301922637502,0.0020148274598575933,0.0024148511747846086,-0.0008944182915720878,0.0038120535604735674,-0.0010498465920485954,-0.0005158029132443049,0.00419011208470541,-0.001610596846088093,-0.0009443968264562496,0.0015803145078536985,-0.00020457398397861896,0.003768283345782763,-0.0027624690877923064,-0.0014723613432935318,-0.0011328115384126056,-0.003308012186745905,-0.0019557347767299284,-0.0016123345506344736,0.0004188563309429011,-0.002577543331884617,0.002752427541420968,-0.0027170615292990965,0.0016990022753398915,-0.0010498465920485954,0.02316732870211046,0.0009356393304083659,-0.0016867634379667644,0.006256464165670711,0.001874664629332172,0.0017997449579524522,0.00726414953611592,0.0008555471330824126,-0.0014514734675472492,-0.0025247111593736022,0.0007785130094397459,0.003302476485170126,0.00028545682738586556,0.0002226783284848781,-0.00290427543034758,-0.001044584992294433,4.438190212154773e-5,-0.00032365648506408457,0.0007465767010053687,-0.0005158029132443049,0.0009356393304083659,0.0019607839850127686,-0.0012952303335425405,0.0014618830501262649,0.00029002733675854834,-0.0012062650155566248,0.002080305051590729,0.002979414915293236,0.0033567363011296897,0.010945742757090055,-0.0024298593670700505,-0.0004613773927671577,8.752804695050259e-5,0.0010840346694433835,0.013297828138370903,0.003817804702240778,0.0012030449084682166,0.005335361004819057,-0.00403365626749565,0.00419011208470541,-0.0016867634379667644,-0.0012952303335425405,0.035284308677936846,-0.0017461894229670002,-0.0005206971526656437,0.0020453513833009166,-0.006075429304205845,-0.012961430365513569,0.001092507910984146,-0.00026747050064422607,-0.0018141036441294792,0.0005077094071874412,6.208769975878616e-5,-7.05039796943194e-5,-0.0023956151160336838,-0.0027234329717323487,-1.7483793762535513e-5,4.580541071803486e-5,-0.00022099376174715998,-0.001610596846088093,0.006256464165670711,0.0014618830501262649,-0.0017461894229670002,0.00733834131111155,0.0007778418622437166,-0.0008912615585108661,0.00037711496639129545,-0.0014784926825724876,0.0009938964008284548,0.00017855753308917185,-0.0015841963649068167,-0.0015723796740641821,0.0006138193574290729,-0.0004676343975712529,-0.003471434183157765,-5.955521313081917e-5,0.0001630855469326298,-0.0009433548745317931,0.0018652496270389982,-0.0009443968264562496,0.001874664629332172,0.00029002733675854834,-0.0005206971526656437,0.0007778418622437166,0.002165989867969364,0.0010076637702623723,0.0018878758679001344,-0.0024718771467220875,0.0015948047127299254,0.005545132713161318,-0.0003941458917862032,-0.006737633232710375,0.0005889843828704418,0.0008077749716997723,0.002248473002816377,0.00046201440888618144,0.0009838318153126955,-0.0003439121355326586,0.0026934072559654156,0.0015803145078536985,0.0017997449579524522,-0.0012062650155566248,0.0020453513833009166,-0.0008912615585108661,0.0010076637702623723,0.015134619433682382,0.002059943656800153,-0.0057660481857147,-0.0033974011185172385,-0.006932006928003744,0.006160882864570561,0.0017514195295007743,-0.0024210923439015796,-0.0002659577855863267,-0.004828105773160139,-0.0017126371299902637,0.003160881441234665,-0.006343563076969349,0.006382916927280068,-0.00020457398397861896,0.00726414953611592,0.002080305051590729,-0.006075429304205845,0.00037711496639129545,0.0018878758679001344,0.002059943656800153,0.01952937944139908,0.013155799906585655,0.004910486528668242,-0.017602917425790506,0.023419959912306384,0.02891683397985401,-0.0055002045509779385,0.007691751200989104,-0.013209032590091617,-0.0042010090252604234,0.005644707212734341,0.0012285867334614245,-0.0027249929502061315,0.003768283345782763,0.0008555471330824126,0.002979414915293236,-0.012961430365513569,-0.0014784926825724876,-0.0024718771467220875,-0.0057660481857147,0.013155799906585655,0.08056080505718329,0.004315943893602945,-0.007282392377509255,-0.00037485830863857644,0.013003511285009003,0.003402786726680827,0.002275912523314959,-0.00800376675867846,-0.0007523519638005119,-0.001742104947032351,-0.002002132018321583,0.001656821169485382,-0.0027624690877923064,-0.0014514734675472492,0.0033567363011296897,0.001092507910984146,0.0009938964008284548,0.0015948047127299254,-0.0033974011185172385,0.004910486528668242,0.004315943893602945,0.035674833909467046
0.025864279996971967,0.00120081249092102,0.008061990440940373,0.004636205275486666,0.00072606519982986,0.007787749330907313,0.008052938984385444,0.003939103513211436,0.0030108663943814156,0.004785201687109986,0.0002084797884219317,0.012124455233603258,0.0005758227306179896,0.0020731741145824617,0.002118765356264365,0.0015258804013383248,0.0073211693049833205,0.005302680698468287,0.004838456915833496,0.009792249922554756,0.00120081249092102,0.00971585481890932,0.001680135201517005,0.0011055165118370829,0.0018264676150624788,0.004356340555589883,0.0029324711320427273,0.001969167438426884,0.0018562274654173865,-0.0013642269477703558,0.0014375632390260604,0.0023770286228559845,0.000805000562188269,0.0018135394697834564,0.0018657970077124034,0.0024203730320039186,0.0028591298869763988,0.0013856826826156641,0.0017872544011821286,0.005556244401999386,0.008061990440940373,0.001680135201517005,0.018572559531311143,0.004071434823170592,0.000880546431477699,0.0047811906869457904,0.0027095033269273405,0.003577564910664762,0.002197268353353936,0.00031465274587944817,0.0010324195542785247,0.006575367818045571,0.00018829661802403311,0.0006307136388020219,0.0007023755722490609,0.0012448351361316968,0.0023456276127416494,0.0021925031244705542,0.00029758137086254195,0.00873823858108486,0.004636205275486666,0.0011055165118370829,0.004071434823170592,0.008989498816135918,-0.00026936078725350626,0.005916077120578293,0.0029761893204893423,0.0015708901711796847,0.0024557097664511204,7.51975192425392e-5,0.0013519777364682482,0.004075112974770451,6.528569780993212e-5,0.0020398848360143077,0.0027159528075906617,0.0018303989551812666,-7.216835720066364e-5,0.0025795472923046997,0.004724809059037714,0.004334218826885292,0.00072606519982986,0.0018264676150624788,0.000880546431477699,-0.00026936078725350626,0.00909684328225066,0.007922164599671419,0.0012941426404022187,0.0007840282038679516,0.0016871071783968713,-0.0008758849032872514,0.0005328195432991888,-0.0008695894856651249,0.0013429057909268324,0.0005194903660944308,0.0010498102266559303,0.001504976853552026,0.0017491094915962641,0.001253734920366404,0.0009847076952045424,0.0011416873363714053,0.007787749330907313,0.004356340555589883,0.0047811906869457904,0.005916077120578293,0.007922164599671419,0.061986200433786706,0.006709172568009451,0.002500959794394425,0.0044063155635834,-0.003471972262826816,0.0005925033497997201,0.00012650814767946675,0.0033354353046693487,0.00668270082963578,0.0033710121746829973,0.006415417548370468,0.0023372075712758075,0.004574167763532611,0.0015010019107246607,-0.00024681029931301456,0.008052938984385444,0.0029324711320427273,0.0027095033269273405,0.0029761893204893423,0.0012941426404022187,0.006709172568009451,0.011453146411458073,0.0019017755072648905,0.002640043176531146,0.0006319240313475642,0.0008845288325048158,0.007100368665364832,0.0009014783358548743,0.004241390813812553,0.0025300020931431537,0.0014309863594422546,0.005984550618065222,0.00328693341299112,0.005102847444818157,0.005171111262978446,0.003939103513211436,0.001969167438426884,0.003577564910664762,0.0015708901711796847,0.0007840282038679516,0.002500959794394425,0.0019017755072648905,0.004961840216330885,0.0021064420986422238,0.0008933279293642944,0.00039076623756217487,0.0029495301810167456,0.0002019778881137662,0.0015676888752517958,0.000470137116860537,0.0009121490636046956,0.0033804896520417604,0.0013706156200112402,0.0001242718511568343,0.0057405999873825185,0.0030108663943814156,0.0018562274654173865,0.002197268353353936,0.0024557097664511204,0.0016871071783968713,0.0044063155635834,0.002640043176531146,0.0021064420986422238,0.009235083757279019,0.002129839640619957,0.0007741653434282872,0.0024856060013550177,8.464687450151278e-5,0.002748102948261039,0.0009360387568691308,0.0014772213163449786,0.0032477336607813143,0.003180435194038161,0.004397160989130195,0.004291185069979653,0.004785201687109986,-0.0013642269477703558,0.00031465274587944817,7.51975192425392e-5,-0.0008758849032872514,-0.003471972262826816,0.0006319240313475642,0.0008933279293642944,0.002129839640619957,0.02122784290240071,3.745440093651204e-5,0.003279486278789983,-7.190663691173064e-5,0.0032087572829585303,-0.0013030623562057435,-0.0006107470330979777,0.003627219819395098,-0.0001702256140886523,0.003009124699040089,0.0005471584572042801,0.0002084797884219317,0.0014375632390260604,0.0010324195542785247,0.0013519777364682482,0.0005328195432991888,0.0005925033497997201,0.0008845288325048158,0.00039076623756217487,0.0007741653434282872,3.745440093651204e-5,0.0017392872094950658,0.0016757678101600717,0.00012255340149869363,0.000543865110016305,0.0011348252467099117,0.0005846440121941381,8.390034330569012e-5,0.0004209697837408365,0.0011476527927030463,0.0015570118049330912,0.012124455233603258,0.0023770286228559845,0.006575367818045571,0.004075112974770451,-0.0008695894856651249,0.00012650814767946675,0.007100368665364832,0.0029495301810167456,0.0024856060013550177,0.003279486278789983,0.0016757678101600717,0.023111189506632365,0.00013761206584619455,0.0033107359905806765,0.001157409443430958,0.00027698486912522066,0.007622273377997805,0.002352921914208286,0.003463456160600829,0.0109613508436764,0.0005758227306179896,0.000805000562188269,0.00018829661802403311,6.528569780993212e-5,0.0013429057909268324,0.0033354353046693487,0.0009014783358548743,0.0002019778881137662,8.464687450151278e-5,-7.190663691173064e-5,0.00012255340149869363,0.00013761206584619455,0.0017687089884500641,-4.4925787709503346e-5,0.00028539441156697723,0.0005306412124272874,0.00124194978451493,-7.742306355974587e-6,0.0002208456463924367,0.00038391391238095556,0.0020731741145824617,0.0018135394697834564,0.0006307136388020219,0.0020398848360143077,0.0005194903660944308,0.00668270082963578,0.004241390813812553,0.0015676888752517958,0.002748102948261039,0.0032087572829585303,0.000543865110016305,0.0033107359905806765,-4.4925787709503346e-5,0.025522869481437515,0.0019769292432909157,0.0008499580400356937,0.003933330927186989,0.004346867724381174,0.005099068916255858,0.004041692848988374,0.002118765356264365,0.0018657970077124034,0.0007023755722490609,0.0027159528075906617,0.0010498102266559303,0.0033710121746829973,0.0025300020931431537,0.000470137116860537,0.0009360387568691308,-0.0013030623562057435,0.0011348252467099117,0.001157409443430958,0.00028539441156697723,0.0019769292432909157,0.0052294612422684565,0.000991809072890594,-0.0005624524512825528,0.0021941546104222906,0.003034375589530026,0.002000384136150023,0.0015258804013383248,0.0024203730320039186,0.0012448351361316968,0.0018303989551812666,0.001504976853552026,0.006415417548370468,0.0014309863594422546,0.0009121490636046956,0.0014772213163449786,-0.0006107470330979777,0.0005846440121941381,0.00027698486912522066,0.0005306412124272874,0.0008499580400356937,0.000991809072890594,0.002710818688357061,0.0011507060579657106,0.0010952351165266312,0.0002760704246962373,0.0021087407732959104,0.0073211693049833205,0.0028591298869763988,0.0023456276127416494,-7.216835720066364e-5,0.0017491094915962641,0.0023372075712758075,0.005984550618065222,0.0033804896520417604,0.0032477336607813143,0.003627219819395098,8.390034330569012e-5,0.007622273377997805,0.00124194978451493,0.003933330927186989,-0.0005624524512825528,0.0011507060579657106,0.020264302531234315,-9.783991065251234e-5,0.0013623733204927001,0.009836118832344611,0.005302680698468287,0.0013856826826156641,0.0021925031244705542,0.0025795472923046997,0.001253734920366404,0.004574167763532611,0.00328693341299112,0.0013706156200112402,0.003180435194038161,-0.0001702256140886523,0.0004209697837408365,0.002352921914208286,-7.742306355974587e-6,0.004346867724381174,0.0021941546104222906,0.0010952351165266312,-9.783991065251234e-5,0.009266972625755095,0.003902390908059763,0.0024660692495485016,0.004838456915833496,0.0017872544011821286,0.00029758137086254195,0.004724809059037714,0.0009847076952045424,0.0015010019107246607,0.005102847444818157,0.0001242718511568343,0.004397160989130195,0.003009124699040089,0.0011476527927030463,0.003463456160600829,0.0002208456463924367,0.005099068916255858,0.003034375589530026,0.0002760704246962373,0.0013623733204927001,0.003902390908059763,0.035347812288156075,0.0014176790281283862,0.009792249922554756,0.005556244401999386,0.00873823858108486,0.004334218826885292,0.0011416873363714053,-0.00024681029931301456,0.005171111262978446,0.0057405999873825185,0.004291185069979653,0.0005471584572042801,0.0015570118049330912,0.0109613508436764,0.00038391391238095556,0.004041692848988374,0.002000384136150023,0.0021087407732959104,0.009836118832344611,0.0024660692495485016,0.0014176790281283862,0.03477595225499391
