0.0044499950350459505,0.0013684393245771366,-0.00046253592131848605,0.0007766920652513199,0.0022920931232817796,-0.0002082159691225039,0.00035471445049045007,0.0006726158652828538,0.0011663921324950748,0.00022461423112862794,0.0018542845736696555,0.0013057807877514258,0.001286919875329925,0.0003816809218383584,0.0005026241878427285,0.0006190357450898259,0.001003112308111467,0.000390567794658491,0.0012354161562230846,0.0008452648452905638,0.0013684393245771366,0.005822907396507354,0.0007302937227574625,-0.00014374857489535693,0.0008902232963585955,0.0015689251105169325,0.0006760861910152301,0.0004839120190459496,0.0010094546894408667,-0.000728003027148396,0.0005445948572186345,0.0004746620567087088,-1.3088490450797888e-5,0.0006233604915778986,0.0030015747578644968,-0.0005805011244677057,0.0003560498315878976,-0.00030462309646774857,0.0005266590796782214,0.0015879412997422758,-0.00046253592131848605,0.0007302937227574625,0.002986947795472832,0.0007594826584231226,0.00029334356887641944,0.00012484034360363838,-0.0002861801269804641,0.00018859068805687554,0.0003616566267422213,0.0008882772271215568,0.0013235801758564782,-0.0003225095629062598,0.00015511413324252404,0.001358865790423049,0.00013636290382329995,0.0008783521678977995,0.00022286560187345138,0.0006651576589608882,0.0001951826683958757,-0.0003990085829214412,0.0007766920652513199,-0.00014374857489535693,0.0007594826584231226,0.0032654905129754492,0.0003393406489227281,0.0004260776450926956,-0.0003793382198990776,0.00025213661153117474,0.00031104556846322785,-0.0008589578425957911,0.0003766199124064811,0.000538328856330832,0.0005133518420031801,0.0016158640112337174,0.0014333562289122344,0.0017295228887292896,0.0009950760064853566,0.0013529662937728994,0.0005455156215950351,0.0006937275544581226,0.0022920931232817796,0.0008902232963585955,0.00029334356887641944,0.0003393406489227281,0.006389601045152985,0.000854291429568119,0.0004946828268545605,0.0009324715008990822,0.0006269229821320307,0.0004148979099891656,-0.002226656237346963,-0.00013903197875978708,-9.126765200939498e-5,0.002001575170223837,-0.0008619220435747711,0.0018958025574052789,0.0011738353624825854,0.001178313190816134,0.0008595862957449373,0.0002850049198968712,-0.0002082159691225039,0.0015689251105169325,0.00012484034360363838,0.0004260776450926956,0.000854291429568119,0.0030851626503616593,0.00021881261518176103,0.0005041361965549999,0.0006332142629848587,0.00045304341180086135,0.00045617515645239587,0.00025626272138432846,0.00020247131085711695,0.000974384637412064,-0.00027933991283835837,0.0004431355366891833,6.762816576605477e-5,0.0009924907749538129,0.00021973062812925565,0.0014519307562324618,0.00035471445049045007,0.0006760861910152301,-0.0002861801269804641,-0.0003793382198990776,0.0004946828268545605,0.00021881261518176103,0.0042246166215449766,0.00020158886468451523,0.0011694372495055332,0.0003012683756776285,0.0013600474703613075,0.00040477519839923,0.00021122129104039184,0.002193777658599687,0.0009928605646748823,-0.0005855715409730998,0.0005063837756634997,0.0013715147020530504,0.0004385213669665819,0.0013184258822824873,0.0006726158652828538,0.0004839120190459496,0.00018859068805687554,0.00025213661153117474,0.0009324715008990822,0.0005041361965549999,0.00020158886468451523,0.0019255015184269759,-0.0001166053393902661,0.0003559714571644602,0.0007658855140706355,1.415976723576669e-5,-0.0007021382552532516,0.0008917455651587929,0.000659549886246564,0.0006109759975475072,-0.000323139058398619,0.0004615344091560327,0.0001076734945655044,0.000559851475958248,0.0011663921324950748,0.0010094546894408667,0.0003616566267422213,0.00031104556846322785,0.0006269229821320307,0.0006332142629848587,0.0011694372495055332,-0.0001166053393902661,0.0031006474226711513,0.0005039368119916859,0.0001420436705866227,0.0002889398424666,0.00017851363696501967,0.00039743670222235745,-0.00036101399082323957,-0.00037492695115168463,0.0008694470323139577,0.0008632695424030873,0.0011319786921577526,0.0013326719067429408,0.00022461423112862794,-0.000728003027148396,0.0008882772271215568,-0.0008589578425957911,0.0004148979099891656,0.00045304341180086135,0.0003012683756776285,0.0003559714571644602,0.0005039368119916859,0.008655512107992985,0.0020568015115761725,2.7398199309312108e-5,0.0003513067029094071,0.002325901542155796,0.0010381639638879173,-0.0009578425284401774,0.0004838212480795047,-0.00016715374636615897,2.335822117742074e-5,-0.0014956614524056539,0.0018542845736696555,0.0005445948572186345,0.0013235801758564782,0.0003766199124064811,-0.002226656237346963,0.00045617515645239587,0.0013600474703613075,0.0007658855140706355,0.0001420436705866227,0.0020568015115761725,0.011479393846129077,0.0007624390949289618,0.0005327319062155915,-0.00011223426988799098,-0.0009311835707181692,0.0017939699246769455,0.0028012318862527122,0.0014532559791215684,0.0003102625919410967,0.0012332705185768914,0.0013057807877514258,0.0004746620567087088,-0.0003225095629062598,0.000538328856330832,-0.00013903197875978708,0.00025626272138432846,0.00040477519839923,1.415976723576669e-5,0.0002889398424666,2.7398199309312108e-5,0.0007624390949289618,0.004038068040257272,-0.00011087334537562157,0.0008331908998998139,-0.0008065604536739606,-0.00030488396600299324,-0.0008786922271381832,0.0007629236356541475,-2.9023357274616572e-5,-0.0008024669494876525,0.001286919875329925,-1.3088490450797888e-5,0.00015511413324252404,0.0005133518420031801,-9.126765200939498e-5,0.00020247131085711695,0.00021122129104039184,-0.0007021382552532516,0.00017851363696501967,0.0003513067029094071,0.0005327319062155915,-0.00011087334537562157,0.0028343587366127946,0.0005865617423030237,0.0005014795031860287,-0.0009219997777170413,-0.000482293143361045,-0.00019271071570957783,0.00018309879213529077,0.0007641780961437313,0.0003816809218383584,0.0006233604915778986,0.001358865790423049,0.0016158640112337174,0.002001575170223837,0.000974384637412064,0.002193777658599687,0.0008917455651587929,0.00039743670222235745,0.002325901542155796,-0.00011223426988799098,0.0008331908998998139,0.0005865617423030237,0.005168362809623379,0.001186357805288002,-0.00047886287295754255,0.0007361325626939551,0.0004323696186327291,0.0004350459237429308,0.0010879800514501862,0.0005026241878427285,0.0030015747578644968,0.00013636290382329995,0.0014333562289122344,-0.0008619220435747711,-0.00027933991283835837,0.0009928605646748823,0.000659549886246564,-0.00036101399082323957,0.0010381639638879173,-0.0009311835707181692,-0.0008065604536739606,0.0005014795031860287,0.001186357805288002,0.009549908826093736,0.0010823176931638989,-0.0017878402610598874,0.0021203903038894915,2.423063947716545e-5,-0.000751146006138286,0.0006190357450898259,-0.0005805011244677057,0.0008783521678977995,0.0017295228887292896,0.0018958025574052789,0.0004431355366891833,-0.0005855715409730998,0.0006109759975475072,-0.00037492695115168463,-0.0009578425284401774,0.0017939699246769455,-0.00030488396600299324,-0.0009219997777170413,-0.00047886287295754255,0.0010823176931638989,0.009009339961380883,0.00024519831262758747,4.934092352306324e-5,0.0005719477703146251,-0.002626519271574765,0.001003112308111467,0.0003560498315878976,0.00022286560187345138,0.0009950760064853566,0.0011738353624825854,6.762816576605477e-5,0.0005063837756634997,-0.000323139058398619,0.0008694470323139577,0.0004838212480795047,0.0028012318862527122,-0.0008786922271381832,-0.000482293143361045,0.0007361325626939551,-0.0017878402610598874,0.00024519831262758747,0.0050288312862487,-0.0003939530991212422,0.0007932878582705772,0.002069773350571825,0.000390567794658491,-0.00030462309646774857,0.0006651576589608882,0.0013529662937728994,0.001178313190816134,0.0009924907749538129,0.0013715147020530504,0.0004615344091560327,0.0008632695424030873,-0.00016715374636615897,0.0014532559791215684,0.0007629236356541475,-0.00019271071570957783,0.0004323696186327291,0.0021203903038894915,4.934092352306324e-5,-0.0003939530991212422,0.009829726630393325,0.0006399039350159768,-4.2819785666438196e-5,0.0012354161562230846,0.0005266590796782214,0.0001951826683958757,0.0005455156215950351,0.0008595862957449373,0.00021973062812925565,0.0004385213669665819,0.0001076734945655044,0.0011319786921577526,2.335822117742074e-5,0.0003102625919410967,-2.9023357274616572e-5,0.00018309879213529077,0.0004350459237429308,2.423063947716545e-5,0.0005719477703146251,0.0007932878582705772,0.0006399039350159768,0.0022249653969797518,0.00016814370138054158,0.0008452648452905638,0.0015879412997422758,-0.0003990085829214412,0.0006937275544581226,0.0002850049198968712,0.0014519307562324618,0.0013184258822824873,0.000559851475958248,0.0013326719067429408,-0.0014956614524056539,0.0012332705185768914,-0.0008024669494876525,0.0007641780961437313,0.0010879800514501862,-0.000751146006138286,-0.002626519271574765,0.002069773350571825,-4.2819785666438196e-5,0.00016814370138054158,0.004868243711199002
0.47835855866502613,0.13965130753031813,0.03954522194165865,0.48169186925121793,-0.18969649258278098,-0.4845516731301938,-0.177836322243994,0.10467678604815006,-0.2647309801363002,0.29182624683689473,-0.06371931397195012,0.18461366491125347,0.08343742353092519,0.10112538293662632,-0.37613551192098055,-0.3134868572532706,0.09355870346827942,0.002645140243349926,-0.12737643234017296,0.01537155185606837,0.13965130753031813,0.04899798114039601,0.010543648626081311,0.14948073078236815,-0.051363870840956366,-0.14559913864487709,-0.0528445684385467,0.030502190536358213,-0.07869737230076783,0.08323500049499359,-0.01988543665480858,0.05263042481818331,0.023865879510858508,0.030681650821143904,-0.11599597361122346,-0.10121888953084125,0.02848123102195496,0.00821865847938883,-0.03540286053892054,0.006879054374152554,0.03954522194165865,0.010543648626081311,0.019562750653955747,0.05194916796210689,-0.017758928933199396,-0.047119697709141345,-0.021385529274054193,0.011811622966880833,-0.04489579718606323,0.02992555945235914,-0.023273664729774417,0.03600390707374426,0.02273039998160248,0.0006557280131920274,-0.027672466598465954,-0.03792287144100396,0.0003995657753232377,0.004753317856277649,-0.006474884183331339,0.006153710911862606,0.48169186925121793,0.14948073078236815,0.05194916796210689,0.5181984907869691,-0.1895822914413789,-0.5046484620939794,-0.18598358478928,0.11062014650293799,-0.29799413476413683,0.3013643929005568,-0.08829747745620946,0.2121175777274968,0.10375482870656497,0.08874193133762034,-0.384919046918464,-0.34243003735508776,0.08836010761082223,0.01941983876389209,-0.12431303051093899,0.020273228552546495,-0.18969649258278098,-0.051363870840956366,-0.017758928933199396,-0.1895822914413789,0.08625286311023732,0.19592197401063347,0.06938760293311248,-0.04207929392881192,0.10981194462719783,-0.12099702934526482,0.029481046334227313,-0.08123689834950272,-0.03858037708201065,-0.035051444510327184,0.14276697772781877,0.11857650514092798,-0.035889164214476306,0.006457566116865517,0.056496596724380524,-0.00486666243641945,-0.4845516731301938,-0.14559913864487709,-0.047119697709141345,-0.5046484620939794,0.19592197401063347,0.5066841099520221,0.18510556066738693,-0.11035322814327983,0.28904347134855995,-0.303435137827383,0.08060048848873562,-0.20543536781139776,-0.10027739218656148,-0.09154424341548303,0.3799650473022685,0.32856289171776015,-0.09200942763422791,-0.00789269476537949,0.13223885116944362,-0.014352650043119839,-0.177836322243994,-0.0528445684385467,-0.021385529274054193,-0.18598358478928,0.06938760293311248,0.18510556066738693,0.07637769975168736,-0.04357220662179523,0.11497579548105388,-0.11389616549129454,0.03438503927212949,-0.07879013280264682,-0.040618109707825055,-0.03415074303010363,0.14071774142076462,0.12205947903372846,-0.0335718212506376,-0.007424461178963069,0.04546292282472346,-0.005903698118453447,0.10467678604815006,0.030502190536358213,0.011811622966880833,0.11062014650293799,-0.04207929392881192,-0.11035322814327983,-0.04357220662179523,0.030359982429096516,-0.07189258371219046,0.06856912609383016,-0.023699106096419054,0.05221269345382337,0.028672724212426903,0.015373759127180496,-0.08225212038173911,-0.07169834243164593,0.019420890649685208,0.006100131222515296,-0.027926237784013937,0.004452664750885127,-0.2647309801363002,-0.07869737230076783,-0.04489579718606323,-0.29799413476413683,0.10981194462719783,0.28904347134855995,0.11497579548105388,-0.07189258371219046,0.2099022670400958,-0.18042188398326311,0.08118313860885933,-0.15449475081200306,-0.0901151979920739,-0.02654984543158136,0.20441106825477814,0.19617361281458082,-0.04130992334553728,-0.01766026890213439,0.07028004845996742,-0.004584257816251299,0.29182624683689473,0.08323500049499359,0.02992555945235914,0.3013643929005568,-0.12099702934526482,-0.303435137827383,-0.11389616549129454,0.06856912609383016,-0.18042188398326311,0.1909327174770088,-0.0506957220338678,0.12989616244861846,0.06399615470382099,0.051418429679349016,-0.22558174936144207,-0.19199823348182432,0.05298117091431606,-0.0004314440979258466,-0.081839926081658,0.004452900924854506,-0.06371931397195012,-0.01988543665480858,-0.023273664729774417,-0.08829747745620946,0.029481046334227313,0.08060048848873562,0.03438503927212949,-0.023699106096419054,0.08118313860885933,-0.0506957220338678,0.04771333171499283,-0.06505191509051197,-0.04508384317976937,0.007457205015469011,0.04741728527014957,0.05924920265920269,-0.004163217903156406,-0.013859978747329638,0.01656014902055758,-0.0020697788726520084,0.18461366491125347,0.05263042481818331,0.03600390707374426,0.2121175777274968,-0.08123689834950272,-0.20543536781139776,-0.07879013280264682,0.05221269345382337,-0.15449475081200306,0.12989616244861846,-0.06505191509051197,0.12312392397958193,0.07146106021714865,0.011069036118260454,-0.13754560754789336,-0.13814608720228325,0.02462340324516791,0.01054356878955677,-0.05081479592315621,0.0037428849314879637,0.08343742353092519,0.023865879510858508,0.02273039998160248,0.10375482870656497,-0.03858037708201065,-0.10027739218656148,-0.040618109707825055,0.028672724212426903,-0.0901151979920739,0.06399615470382099,-0.04508384317976937,0.07146106021714865,0.051768729771020684,-0.007060669472451788,-0.058208080674371616,-0.06761856310524965,0.009855481384436314,0.009079917535066434,-0.025509045705246768,-0.0025951201347216616,0.10112538293662632,0.030681650821143904,0.0006557280131920274,0.08874193133762034,-0.035051444510327184,-0.09154424341548303,-0.03415074303010363,0.015373759127180496,-0.02654984543158136,0.051418429679349016,0.007457205015469011,0.011069036118260454,-0.007060669472451788,0.04430122756082693,-0.08630421147517954,-0.059330270380716706,0.024308777895595636,-0.0023013201351097705,-0.021840951130382227,0.012148751892916929,-0.37613551192098055,-0.11599597361122346,-0.027672466598465954,-0.384919046918464,0.14276697772781877,0.3799650473022685,0.14071774142076462,-0.08225212038173911,0.20441106825477814,-0.22558174936144207,0.04741728527014957,-0.13754560754789336,-0.058208080674371616,-0.08630421147517954,0.3084985681550829,0.254208632011259,-0.07599692288363412,-0.011447372544249108,0.0956812067358593,-0.01867899415776516,-0.3134868572532706,-0.10121888953084125,-0.03792287144100396,-0.34243003735508776,0.11857650514092798,0.32856289171776015,0.12205947903372846,-0.07169834243164593,0.19617361281458082,-0.19199823348182432,0.05924920265920269,-0.13814608720228325,-0.06761856310524965,-0.059330270380716706,0.254208632011259,0.23857695575996576,-0.055626977926034854,-0.018443684471200834,0.07312726140976746,-0.018806662015576295,0.09355870346827942,0.02848123102195496,0.0003995657753232377,0.08836010761082223,-0.035889164214476306,-0.09200942763422791,-0.0335718212506376,0.019420890649685208,-0.04130992334553728,0.05298117091431606,-0.004163217903156406,0.02462340324516791,0.009855481384436314,0.024308777895595636,-0.07599692288363412,-0.055626977926034854,0.026225930990400714,0.0010169330234788764,-0.027524168977473704,0.003013070854363993,0.002645140243349926,0.00821865847938883,0.004753317856277649,0.01941983876389209,0.006457566116865517,-0.00789269476537949,-0.007424461178963069,0.006100131222515296,-0.01766026890213439,-0.0004314440979258466,-0.013859978747329638,0.01054356878955677,0.009079917535066434,-0.0023013201351097705,-0.011447372544249108,-0.018443684471200834,0.0010169330234788764,0.023629340457648883,0.006714493037726453,0.008628907667020212,-0.12737643234017296,-0.03540286053892054,-0.006474884183331339,-0.12431303051093899,0.056496596724380524,0.13223885116944362,0.04546292282472346,-0.027926237784013937,0.07028004845996742,-0.081839926081658,0.01656014902055758,-0.05081479592315621,-0.025509045705246768,-0.021840951130382227,0.0956812067358593,0.07312726140976746,-0.027524168977473704,0.006714493037726453,0.04574825705908935,0.003469816500591726,0.01537155185606837,0.006879054374152554,0.006153710911862606,0.020273228552546495,-0.00486666243641945,-0.014352650043119839,-0.005903698118453447,0.004452664750885127,-0.004584257816251299,0.004452900924854506,-0.0020697788726520084,0.0037428849314879637,-0.0025951201347216616,0.012148751892916929,-0.01867899415776516,-0.018806662015576295,0.003013070854363993,0.008628907667020212,0.003469816500591726,0.02611923900582589
0.00978330136367821,-0.0006375442135585867,0.00043936984345353824,0.0003875919614780324,0.0013905662566837916,6.76910627386315e-5,-0.0005446518067662027,0.00026783098893680125,0.0006453508151376445,-0.0017013458709139325,-0.0007401637324368194,-3.5670191786643386e-5,0.00026579724616415006,0.0006705266228687002,0.0026935576291163585,0.0025847647970060296,0.0022221758427230336,0.00030511493451574923,0.00043013366687015173,0.0012771513741999144,-0.0006375442135585867,0.006297193660514658,0.0001096068158214236,0.0003056370727248302,-0.00011937933621467133,-2.2768729197011878e-5,-0.0002587305062163197,0.00047854945854074746,-4.858991561352581e-5,0.0016321051304013178,0.0004356669717782516,0.00017953202477298741,-0.0006028534100054987,0.0017560815693703916,0.0005401654909150124,0.0006724501353970333,-0.0001959772471295323,4.992524828662404e-6,-0.00023992731405922187,-0.00015101892141896434,0.00043936984345353824,0.0001096068158214236,0.004447997321036924,0.0009968455066353063,0.0007065621376591218,5.659387463071412e-5,-0.00043907222755586465,0.0002560745439872758,0.0010484682462803974,-1.5580840444835427e-5,0.0016162916208078163,0.0005560605810031492,0.000738353634938011,0.0013805347856697503,0.00128299742578154,0.0008006323518852901,0.0008045617734051795,0.0007709980191022176,-0.0004887123174837707,0.0002586415708712438,0.0003875919614780324,0.0003056370727248302,0.0009968455066353063,0.005118953381235554,0.0008471426468461948,0.0003211859097886155,0.00040095857142293293,0.00041311072742687027,0.00042801362074801466,0.00085439228676604,0.00214776118552979,0.0012877724820053958,-0.00022867669956408876,0.0008208331578663937,0.001330555422397156,0.0014271807979390515,0.0015520237489274784,0.0003255023366623243,-0.0006181361665834751,-0.0003633308838904023,0.0013905662566837916,-0.00011937933621467133,0.0007065621376591218,0.0008471426468461948,0.007513640206671704,0.0004627561262038329,0.0005779603990641617,0.0009582310938346969,0.0006537821736581218,0.0001589191194266112,-3.16007747937218e-5,-0.0004891005441516232,0.00042810701665389907,0.0017483067853971798,0.001995839642866183,0.0007490976617817037,0.0014771093811081675,0.0006248491389771651,-0.0004135803409249097,-0.0004991144982875193,6.76910627386315e-5,-2.2768729197011878e-5,5.659387463071412e-5,0.0003211859097886155,0.0004627561262038329,0.0034317529860237207,0.00044618528708002423,0.0010052470864095875,-0.0010433589094090835,0.00018975912754085866,0.000672208293757142,-0.0007725383499195131,0.00021586681336665807,0.000670168480000619,0.0015091788041010435,0.0005237383639184988,0.00036280807602409126,0.0003817468573851178,-0.00013458175531463746,0.00019017739411996632,-0.0005446518067662027,-0.0002587305062163197,-0.00043907222755586465,0.00040095857142293293,0.0005779603990641617,0.00044618528708002423,0.005461388817066772,-0.000346825086395221,0.0005751384398666821,0.0015283363156293347,0.000991572509512478,-2.574205671640505e-6,0.00024416972051775876,-0.00045471479654794885,-0.0011361346975287939,0.0004224874734028745,0.000824092806753661,0.0016098364548605994,0.0004997835816065142,-0.00019250286294324,0.00026783098893680125,0.00047854945854074746,0.0002560745439872758,0.00041311072742687027,0.0009582310938346969,0.0010052470864095875,-0.000346825086395221,0.0027946877915548253,-0.0008697549262207146,-0.00043628474716320663,0.0003446702120732233,0.00026421960047784366,0.00021859488687775338,0.0013436982652175742,0.0013797363311188007,0.0015220618220883229,0.00048339504111146516,-0.000889850470703037,-0.0006167045627271596,-0.0005801499324846722,0.0006453508151376445,-4.858991561352581e-5,0.0010484682462803974,0.00042801362074801466,0.0006537821736581218,-0.0010433589094090835,0.0005751384398666821,-0.0008697549262207146,0.007419497132137771,0.001044871554201665,0.00014101415588253454,0.0005153175226210482,-0.00020394096594769258,0.0010945093576874266,-0.000495377673977613,0.0018139763422238679,0.0012169581163240764,-0.0007847276873332301,-0.000212708462189299,-0.0010987003389247392,-0.0017013458709139325,0.0016321051304013178,-1.5580840444835427e-5,0.00085439228676604,0.0001589191194266112,0.00018975912754085866,0.0015283363156293347,-0.00043628474716320663,0.001044871554201665,0.012801855813394354,0.0006797087548720483,0.0011220054654117809,0.0003975928279566051,-0.0011742041103368966,-2.8755950708109668e-5,0.00028424814199649884,0.0010012175566402317,-7.068284865613354e-5,-0.0010945308122941298,0.00027534035624171034,-0.0007401637324368194,0.0004356669717782516,0.0016162916208078163,0.00214776118552979,-3.16007747937218e-5,0.000672208293757142,0.000991572509512478,0.0003446702120732233,0.00014101415588253454,0.0006797087548720483,0.01335480696566752,0.0005501409943218084,4.024056019168225e-5,-0.001011886116172276,0.00148318480165377,-0.0009744254782349646,0.001843207004567745,0.00012761223082824143,-0.0008979911879139682,0.0009480766904722797,-3.5670191786643386e-5,0.00017953202477298741,0.0005560605810031492,0.0012877724820053958,-0.0004891005441516232,-0.0007725383499195131,-2.574205671640505e-6,0.00026421960047784366,0.0005153175226210482,0.0011220054654117809,0.0005501409943218084,0.005157078050967069,0.00035843981454352427,0.0006212244135254028,-0.00038753632498557953,0.0007641950159006595,0.0014971359618046881,-0.00034696232968192285,-0.0003687897543200669,0.0001500505034484816,0.00026579724616415006,-0.0006028534100054987,0.000738353634938011,-0.00022867669956408876,0.00042810701665389907,0.00021586681336665807,0.00024416972051775876,0.00021859488687775338,-0.00020394096594769258,0.0003975928279566051,4.024056019168225e-5,0.00035843981454352427,0.0031946736960470016,0.0004941775314347963,0.0005308081025786561,-4.549502962399049e-5,0.0006000659866956361,0.0001630738181432819,-5.741385083933682e-5,0.0006577479144646401,0.0006705266228687002,0.0017560815693703916,0.0013805347856697503,0.0008208331578663937,0.0017483067853971798,0.000670168480000619,-0.00045471479654794885,0.0013436982652175742,0.0010945093576874266,-0.0011742041103368966,-0.001011886116172276,0.0006212244135254028,0.0004941775314347963,0.009055479824612127,0.0023414279644019867,0.0023086115504773333,-0.00044279494560983896,0.0005221976636452816,-0.0006215680662963239,-0.0008668055743422613,0.0026935576291163585,0.0005401654909150124,0.00128299742578154,0.001330555422397156,0.001995839642866183,0.0015091788041010435,-0.0011361346975287939,0.0013797363311188007,-0.000495377673977613,-2.8755950708109668e-5,0.00148318480165377,-0.00038753632498557953,0.0005308081025786561,0.0023414279644019867,0.011904179017755749,0.0021885871688377876,0.0018279391291698265,0.0004130601349016695,-0.0012377014288675436,0.0016073295722764417,0.0025847647970060296,0.0006724501353970333,0.0008006323518852901,0.0014271807979390515,0.0007490976617817037,0.0005237383639184988,0.0004224874734028745,0.0015220618220883229,0.0018139763422238679,0.00028424814199649884,-0.0009744254782349646,0.0007641950159006595,-4.549502962399049e-5,0.0023086115504773333,0.0021885871688377876,0.01489818651889404,0.0010094553492008117,0.0017818500001942528,-0.0004398120759459968,-0.0014059081705244847,0.0022221758427230336,-0.0001959772471295323,0.0008045617734051795,0.0015520237489274784,0.0014771093811081675,0.00036280807602409126,0.000824092806753661,0.00048339504111146516,0.0012169581163240764,0.0010012175566402317,0.001843207004567745,0.0014971359618046881,0.0006000659866956361,-0.00044279494560983896,0.0018279391291698265,0.0010094553492008117,0.00854311752600015,0.00036554620820581296,-6.882841382343214e-5,0.00012643731942622264,0.00030511493451574923,4.992524828662404e-6,0.0007709980191022176,0.0003255023366623243,0.0006248491389771651,0.0003817468573851178,0.0016098364548605994,-0.000889850470703037,-0.0007847276873332301,-7.068284865613354e-5,0.00012761223082824143,-0.00034696232968192285,0.0001630738181432819,0.0005221976636452816,0.0004130601349016695,0.0017818500001942528,0.00036554620820581296,0.011427689758851032,0.00046580620258656084,0.001186927607014737,0.00043013366687015173,-0.00023992731405922187,-0.0004887123174837707,-0.0006181361665834751,-0.0004135803409249097,-0.00013458175531463746,0.0004997835816065142,-0.0006167045627271596,-0.000212708462189299,-0.0010945308122941298,-0.0008979911879139682,-0.0003687897543200669,-5.741385083933682e-5,-0.0006215680662963239,-0.0012377014288675436,-0.0004398120759459968,-6.882841382343214e-5,0.00046580620258656084,0.005971181158195376,0.0012864355994486086,0.0012771513741999144,-0.00015101892141896434,0.0002586415708712438,-0.0003633308838904023,-0.0004991144982875193,0.00019017739411996632,-0.00019250286294324,-0.0005801499324846722,-0.0010987003389247392,0.00027534035624171034,0.0009480766904722797,0.0001500505034484816,0.0006577479144646401,-0.0008668055743422613,0.0016073295722764417,-0.0014059081705244847,0.00012643731942622264,0.001186927607014737,0.0012864355994486086,0.011137796756018602
