0.0041658734651656955,-9.629274005941744e-5,-0.0031191717641082207,0.0005674974287380756,-0.0013124308323645567,0.004295310330889785,-0.0013334373716119836,-0.0006559422212172786,0.0008467495370515901,-0.0009814348326620678,0.0006017892995132905,-0.0009909032082115582,-0.0005616237128026101,-0.001593731792055259,-0.0007529462180195785,0.0001201715452459226,-0.003911755188997087,-0.0009063743312858342,0.001935672461644067,0.003226687070247968,-9.629274005941744e-5,0.003635644348252135,0.000289631052800518,-7.080956970868194e-5,-0.00041350944839818816,0.002464846170666586,-0.0010187030267730353,0.0006385749672367903,-0.00016214662992744094,0.0006051390609017455,0.000825594977852228,-0.0014954948372445883,0.0006009836477338139,-0.002972250142234399,-0.0002012733978221373,-0.001419703310453201,0.000735491206397654,0.0014414772478094232,0.004009527754563915,-0.00265002913927389,-0.0031191717641082207,0.000289631052800518,0.007366575975976375,0.0011915872414127301,0.0005105824897698182,-0.004378896633887842,0.00028308478040564843,0.00159466866408335,0.00013675225831970424,-0.0009849651843907277,0.0009452841107634699,-0.004752644604463743,0.0008805804214730143,-0.0007793083337456944,0.0009184220609808753,0.0003794170288299342,0.0036814028115550127,0.002815985763001254,-0.0016551258279704436,-0.0039812870175962075,0.0005674974287380756,-7.080956970868194e-5,0.0011915872414127301,0.0028076082935844437,-0.0013796914364758756,0.001319943915965465,3.544885406180947e-5,-0.00066496519468871,-0.0009734770796940263,-0.000322648820174739,0.0009626232412034549,-0.001848987184494266,0.000610267682683749,-0.00018940173173537594,0.001141688154374459,-6.142497446739501e-5,0.0003811345024715298,6.542186204776842e-5,-0.001329395412163274,0.0011800859382290092,-0.0013124308323645567,-0.00041350944839818816,0.0005105824897698182,-0.0013796914364758756,0.0032541681152898393,-0.002958519819167444,0.0013979260681456517,0.00014383913822348595,0.0003395273864842293,-2.7577865624962318e-5,3.341692261818647e-5,0.0005396641910737151,0.00011815480273137435,0.0009630778433122624,-0.0006533662224203081,-0.00016768520905907102,0.0004245737220555081,0.0013757415933942233,-0.0001728010736629477,-0.000266096059388305,0.004295310330889785,0.002464846170666586,-0.004378896633887842,0.001319943915965465,-0.002958519819167444,0.011834065950180305,-0.00249189894632221,-0.0036213965115473898,0.0018586652316588373,0.0014228183515870077,0.00011771649281035071,0.0013859279428250991,4.1581744768295274e-5,-0.005479392824156883,-0.00018592450897498292,-0.0005323003549933722,-0.002874152226539934,-0.002312337936476818,0.009235390101279554,-0.0009655744651104188,-0.0013334373716119836,-0.0010187030267730353,0.00028308478040564843,3.544885406180947e-5,0.0013979260681456517,-0.00249189894632221,0.0020590192252073376,-0.00016977701440041188,-0.00018029198533630112,-9.910384078810121e-5,-0.0012096632388987078,0.000988117497451829,-0.0003852518661104473,0.0018311238328922665,0.0006415259681541739,-6.62052615339343e-5,0.0009703435134211395,1.7367340284751953e-5,-0.0017257723929788857,8.989816796909646e-5,-0.0006559422212172786,0.0006385749672367903,0.00159466866408335,-0.00066496519468871,0.00014383913822348595,-0.0036213965115473898,-0.00016977701440041188,0.00347368071744167,0.00018956055974137344,-0.0018082045598963158,1.6194511166542106e-6,-0.002578610240722895,0.00038551766274300375,0.000711100798548688,-0.00043740701027712866,-0.00038495857469784316,-0.0002150285206895176,0.001005081229246852,-0.002468169788209285,0.00013874849249404967,0.0008467495370515901,-0.00016214662992744094,0.00013675225831970424,-0.0009734770796940263,0.0003395273864842293,0.0018586652316588373,-0.00018029198533630112,0.00018956055974137344,0.004950387677332687,-0.0013712752069203146,-0.002473131892728451,-0.0003194975944788796,-0.0004265006663207267,-0.0022526910136265615,-0.0002140100088674192,0.000396174845580039,-0.0018079624264327864,-0.0017511152418449851,0.004361561290286415,-0.002639977210974147,-0.0009814348326620678,0.0006051390609017455,-0.0009849651843907277,-0.000322648820174739,-2.7577865624962318e-5,0.0014228183515870077,-9.910384078810121e-5,-0.0018082045598963158,-0.0013712752069203146,0.0032882676529839817,0.000488471145086539,0.0031046965087726027,-0.00023435553222220094,-0.00010724598428227285,0.00044807238072839514,-0.00010799438973850939,0.002281383861387022,-0.0006524030450641942,0.0012843528989355214,-0.0009840214516724137,0.0006017892995132905,0.000825594977852228,0.0009452841107634699,0.0009626232412034549,3.341692261818647e-5,0.00011771649281035071,-0.0012096632388987078,1.6194511166542106e-6,-0.002473131892728451,0.000488471145086539,0.003988572896016912,-0.002225952960256289,0.0010897999797184195,-0.0003664549829420989,-0.000531534682150342,-3.526647369583826e-5,0.00024661047456025294,0.0021979475784858777,-0.0014643988801997959,0.0022927352537113217,-0.0009909032082115582,-0.0014954948372445883,-0.004752644604463743,-0.001848987184494266,0.0005396641910737151,0.0013859279428250991,0.000988117497451829,-0.002578610240722895,-0.0003194975944788796,0.0031046965087726027,-0.002225952960256289,0.009520947609300856,-0.00019964899254951756,0.0035228368888883524,-0.0003077072006509845,-0.0002849259842758839,0.000760448967538041,-0.004503738754111003,0.00037118563103215687,2.320137294593213e-5,-0.0005616237128026101,0.0006009836477338139,0.0008805804214730143,0.000610267682683749,0.00011815480273137435,4.1581744768295274e-5,-0.0003852518661104473,0.00038551766274300375,-0.0004265006663207267,-0.00023435553222220094,0.0010897999797184195,-0.00019964899254951756,0.002070206743512072,0.00030009672871628715,-0.00020969572626105128,-0.00044182551388479113,0.0002631053319802051,5.156320398236677e-5,-0.0008093283859970927,-2.9652084808498515e-5,-0.001593731792055259,-0.002972250142234399,-0.0007793083337456944,-0.00018940173173537594,0.0009630778433122624,-0.005479392824156883,0.0018311238328922665,0.000711100798548688,-0.0022526910136265615,-0.00010724598428227285,-0.0003664549829420989,0.0035228368888883524,0.00030009672871628715,0.006401676171647763,0.00017609160780709187,0.00019611899515246546,0.0006507259142205012,-0.0016100527871051589,-0.007720286809834732,0.003888100135786207,-0.0007529462180195785,-0.0002012733978221373,0.0009184220609808753,0.001141688154374459,-0.0006533662224203081,-0.00018592450897498292,0.0006415259681541739,-0.00043740701027712866,-0.0002140100088674192,0.00044807238072839514,-0.000531534682150342,-0.0003077072006509845,-0.00020969572626105128,0.00017609160780709187,0.001416819545743125,0.00017112783589780017,0.0013142298380202661,-0.0004594034508244,-0.0008698365162149394,-0.0004252764418269596,0.0001201715452459226,-0.001419703310453201,0.0003794170288299342,-6.142497446739501e-5,-0.00016768520905907102,-0.0005323003549933722,-6.62052615339343e-5,-0.00038495857469784316,0.000396174845580039,-0.00010799438973850939,-3.526647369583826e-5,-0.0002849259842758839,-0.00044182551388479113,0.00019611899515246546,0.00017112783589780017,0.0013758588362160127,-0.0002385370546650957,-0.0002006323374066638,-0.0009198082425932396,0.0006722408955597593,-0.003911755188997087,0.000735491206397654,0.0036814028115550127,0.0003811345024715298,0.0004245737220555081,-0.002874152226539934,0.0009703435134211395,-0.0002150285206895176,-0.0018079624264327864,0.002281383861387022,0.00024661047456025294,0.000760448967538041,0.0002631053319802051,0.0006507259142205012,0.0013142298380202661,-0.0002385370546650957,0.005449942310615449,0.0010197681444410345,-0.0010118621320612765,-0.00378391113773321,-0.0009063743312858342,0.0014414772478094232,0.002815985763001254,6.542186204776842e-5,0.0013757415933942233,-0.002312337936476818,1.7367340284751953e-5,0.001005081229246852,-0.0017511152418449851,-0.0006524030450641942,0.0021979475784858777,-0.004503738754111003,5.156320398236677e-5,-0.0016100527871051589,-0.0004594034508244,-0.0002006323374066638,0.0010197681444410345,0.004883198213184144,2.375570359700041e-5,-0.0008396739100726124,0.001935672461644067,0.004009527754563915,-0.0016551258279704436,-0.001329395412163274,-0.0001728010736629477,0.009235390101279554,-0.0017257723929788857,-0.002468169788209285,0.004361561290286415,0.0012843528989355214,-0.0014643988801997959,0.00037118563103215687,-0.0008093283859970927,-0.007720286809834732,-0.0008698365162149394,-0.0009198082425932396,-0.0010118621320612765,2.375570359700041e-5,0.013887691654477343,-0.006804324661711461,0.003226687070247968,-0.00265002913927389,-0.0039812870175962075,0.0011800859382290092,-0.000266096059388305,-0.0009655744651104188,8.989816796909646e-5,0.00013874849249404967,-0.002639977210974147,-0.0009840214516724137,0.0022927352537113217,2.320137294593213e-5,-2.9652084808498515e-5,0.003888100135786207,-0.0004252764418269596,0.0006722408955597593,-0.00378391113773321,-0.0008396739100726124,-0.006804324661711461,0.009699455315700786
0.003609025945554817,0.0018170208912598883,-0.0016410046579087326,-0.0004979780546020499,-0.0008500627375980516,-0.00044553581008842,0.00040596769726937237,0.0005822863043219586,-0.00022007740034698001,-0.001517420033531709,-5.676362719112958e-5,-0.0021287519591749026,-0.0001554692082829893,-0.0031976227713972462,0.00013250581168484888,0.0005465754007052167,-0.0008632149009661233,2.263842066018573e-5,-0.0003246262224160839,-0.0007690391414021431,0.0018170208912598883,0.00637774001438916,-0.001872805457297671,-0.0011569721759932296,0.00032744961507966233,-0.0036294101056550386,-0.0033890653700047787,-0.0007873069149953764,0.000510697577896119,-0.0005348008920681719,-0.00020159513465709808,0.00024051185440501725,0.00037845314750823507,-0.0019100929389552724,5.7583865172398886e-5,0.00018314182151131256,-0.0020000193579059328,-0.001390734313282133,0.00040747204904833167,8.395136941751559e-5,-0.0016410046579087326,-0.001872805457297671,0.006306158648048632,0.0006326986583759584,0.0027716764360081443,0.0041607094790502164,0.0021089006829156237,0.0012133658649247112,0.0011569809957541377,-0.0012150744086782584,0.0004746805206546325,-0.0001512831314532384,0.0003583366511880258,0.0029600605653875033,0.0014092622211084478,0.0006118783210399908,-0.0009635283229935052,0.003081511773756914,0.006095548905361696,0.002386657772780937,-0.0004979780546020499,-0.0011569721759932296,0.0006326986583759584,0.003299332208859425,-0.00034392101820844345,-0.00025193242440497174,0.0007902157076729665,-0.00011223476980425532,-0.0010527468577821325,-0.002907426654514221,-0.0005819806832274637,0.0001936799808458737,0.0005009525063029031,-0.0008902754711079953,-7.814431592308324e-5,0.00024087225946205717,0.0012348223346194988,0.0005486454296008534,0.001723639469423645,0.0001676120608645657,-0.0008500627375980516,0.00032744961507966233,0.0027716764360081443,-0.00034392101820844345,0.006850352837124462,-0.0006119707005845267,0.0018257391505687199,-0.00014490599321525358,0.0016597206197097709,-0.0017029081088090923,0.0004755582158877859,0.0009439754887164459,0.0004952263110599157,0.0006091739972947914,0.0009785959345354586,0.00017451205334056416,0.002124916194943793,0.0002689176923294565,0.0033945500514424515,0.00372808217774048,-0.00044553581008842,-0.0036294101056550386,0.0041607094790502164,-0.00025193242440497174,-0.0006119707005845267,0.007231144686386267,0.0027033505350576633,0.0005571568926271203,-0.0002974862092967016,0.0010104214525703402,0.0007012461209889164,-0.0021714380670992085,3.983167680877899e-5,0.0024623880700735045,0.0006713569835389466,0.0003330801609814931,-0.0008494199920888632,0.004406536339113813,0.0017743279020790033,-0.0009729984125739328,0.00040596769726937237,-0.0033890653700047787,0.0021089006829156237,0.0007902157076729665,0.0018257391505687199,0.0027033505350576633,0.004773830720027366,0.0005540139787175197,0.0014690784226881063,-0.0022443235338635665,-0.00015760048816932274,-0.0017957478995647034,-8.728368283155296e-5,-0.0010878935104732125,0.0005859933487575586,-0.0001644652183966279,0.0015575236431431363,0.0017585556928876006,0.00042447151333108017,0.0007263669992372307,0.0005822863043219586,-0.0007873069149953764,0.0012133658649247112,-0.00011223476980425532,-0.00014490599321525358,0.0005571568926271203,0.0005540139787175197,0.0025234732115399492,0.0007127808815347445,-0.0005549659308411708,0.0005217332306615176,-1.4484591472033778e-5,8.920553806201302e-5,0.0004863332209597038,0.0003409569016834418,0.0003699289506924337,-0.0010358381681710943,-0.0002955231114508103,0.0026934589905473903,0.00198930315951957,-0.00022007740034698001,0.000510697577896119,0.0011569809957541377,-0.0010527468577821325,0.0016597206197097709,-0.0002974862092967016,0.0014690784226881063,0.0007127808815347445,0.004170599355087467,-0.0011098084997117853,0.0001620428218282173,-0.00014284473802302967,3.082621953379283e-5,-0.0001084004914620749,0.0009983604182969654,-0.0012251217722644102,-0.0009397691559898107,-0.0005152477139534679,0.0008019214437250386,0.0026744826392468917,-0.001517420033531709,-0.0005348008920681719,-0.0012150744086782584,-0.002907426654514221,-0.0017029081088090923,0.0010104214525703402,-0.0022443235338635665,-0.0005549659308411708,-0.0011098084997117853,0.006683168920695693,0.00028670236998734285,0.0011564504294520103,-0.0007783714203539282,0.0033831735400020246,-0.0012703343314850574,-0.00032886698839101945,-0.0005912657074971695,-0.0007694989122816162,-0.004072169729077966,-0.002780660814735145,-5.676362719112958e-5,-0.00020159513465709808,0.0004746805206546325,-0.0005819806832274637,0.0004755582158877859,0.0007012461209889164,-0.00015760048816932274,0.0005217332306615176,0.0001620428218282173,0.00028670236998734285,0.0012722020158233648,0.00018045699506391555,0.00038615274418534845,0.0008360343723700129,0.0006819972978291227,0.00011891128242807659,-0.00019369235371925368,0.00024080265659274814,0.0012941998150979806,0.0016545781718350855,-0.0021287519591749026,0.00024051185440501725,-0.0001512831314532384,0.0001936799808458737,0.0009439754887164459,-0.0021714380670992085,-0.0017957478995647034,-1.4484591472033778e-5,-0.00014284473802302967,0.0011564504294520103,0.00018045699506391555,0.002832219058997015,0.0005099724181588807,0.0016616580357623693,-0.0003902412053260651,-0.00011679443012760108,0.0005932072701115103,-0.0018920647219137767,0.0006779035079939337,0.0016475910059550371,-0.0001554692082829893,0.00037845314750823507,0.0003583366511880258,0.0005009525063029031,0.0004952263110599157,3.983167680877899e-5,-8.728368283155296e-5,8.920553806201302e-5,3.082621953379283e-5,-0.0007783714203539282,0.00038615274418534845,0.0005099724181588807,0.0019325337463000246,-0.000740372922621151,-0.00010252367960075597,-7.224964412898879e-5,0.00011443974661656353,-3.372578583816133e-7,0.001117899194373083,0.0016008943963356716,-0.0031976227713972462,-0.0019100929389552724,0.0029600605653875033,-0.0008902754711079953,0.0006091739972947914,0.0024623880700735045,-0.0010878935104732125,0.0004863332209597038,-0.0001084004914620749,0.0033831735400020246,0.0008360343723700129,0.0016616580357623693,-0.000740372922621151,0.005742762253733563,0.00033589008877081225,-0.00011052535142792234,-0.0005851367086642291,0.0011776642030575045,0.0019046891846314024,0.00046496307351793673,0.00013250581168484888,5.7583865172398886e-5,0.0014092622211084478,-7.814431592308324e-5,0.0009785959345354586,0.0006713569835389466,0.0005859933487575586,0.0003409569016834418,0.0009983604182969654,-0.0012703343314850574,0.0006819972978291227,-0.0003902412053260651,-0.00010252367960075597,0.00033589008877081225,0.0015900561210880977,0.00013766567726877186,-0.0006605710164424281,0.0005289636371971828,0.0023758945906242977,0.0018799039039259632,0.0005465754007052167,0.00018314182151131256,0.0006118783210399908,0.00024087225946205717,0.00017451205334056416,0.0003330801609814931,-0.0001644652183966279,0.0003699289506924337,-0.0012251217722644102,-0.00032886698839101945,0.00011891128242807659,-0.00011679443012760108,-7.224964412898879e-5,-0.00011052535142792234,0.00013766567726877186,0.0012072321619729632,-0.0001408674784840886,0.00036091505370790516,0.001394703474459717,-0.00016408542354702198,-0.0008632149009661233,-0.0020000193579059328,-0.0009635283229935052,0.0012348223346194988,0.002124916194943793,-0.0008494199920888632,0.0015575236431431363,-0.0010358381681710943,-0.0009397691559898107,-0.0005912657074971695,-0.00019369235371925368,0.0005932072701115103,0.00011443974661656353,-0.0005851367086642291,-0.0006605710164424281,-0.0001408674784840886,0.0037169751264752625,-0.0004065665337281943,-0.0017313287102785698,-1.184669933659354e-5,2.263842066018573e-5,-0.001390734313282133,0.003081511773756914,0.0005486454296008534,0.0002689176923294565,0.004406536339113813,0.0017585556928876006,-0.0002955231114508103,-0.0005152477139534679,-0.0007694989122816162,0.00024080265659274814,-0.0018920647219137767,-3.372578583816133e-7,0.0011776642030575045,0.0005289636371971828,0.00036091505370790516,-0.0004065665337281943,0.00406506483315407,0.0018641872890283373,-0.001088217124617059,-0.0003246262224160839,0.00040747204904833167,0.006095548905361696,0.001723639469423645,0.0033945500514424515,0.0017743279020790033,0.00042447151333108017,0.0026934589905473903,0.0008019214437250386,-0.004072169729077966,0.0012941998150979806,0.0006779035079939337,0.001117899194373083,0.0019046891846314024,0.0023758945906242977,0.001394703474459717,-0.0017313287102785698,0.0018641872890283373,0.010817422589003846,0.0057877340577401175,-0.0007690391414021431,8.395136941751559e-5,0.002386657772780937,0.0001676120608645657,0.00372808217774048,-0.0009729984125739328,0.0007263669992372307,0.00198930315951957,0.0026744826392468917,-0.002780660814735145,0.0016545781718350855,0.0016475910059550371,0.0016008943963356716,0.00046496307351793673,0.0018799039039259632,-0.00016408542354702198,-1.184669933659354e-5,-0.001088217124617059,0.0057877340577401175,0.007200271327054308
