0.0036246107113195375,2.919853231687641e-5,0.001032038780695545,0.0003129625746904457,0.0003491505267622321,0.0005586746974373712,3.8543664391403425e-5,0.0001090560762795807,0.0002011969704118348,-0.0003205469376951688,0.000245170251817404,0.000302281145225828,0.00013300010133782461,0.0003556012429187487,0.00023181091448596297,0.0004167063612610149,3.7093205441102e-5,0.0011171534274944652,0.00028466077731160153,4.111930564424399e-5,2.919853231687641e-5,0.002526623887540109,0.000760011811259152,0.00011002373044474912,0.00020821949004809227,0.0003222992662324935,-6.682934345618201e-5,0.00014552709738393612,0.00045118191064324456,0.0003022605398663972,0.0007354533104768892,0.0005013534192449545,-6.050435708876717e-5,-5.863568451958197e-5,-9.410642891728778e-5,-3.715235049316063e-5,0.00019338712246485574,0.000516865923753067,0.000474678441939602,0.00019680745417696946,0.001032038780695545,0.000760011811259152,0.01561506849401315,0.0005386552627236135,0.0005669142424796633,0.0006953430665315075,0.00029782880826110755,-9.102240313382139e-5,0.0006769296949724942,0.000682305828158684,0.0011771050347162402,0.0006561447100138789,0.00037583022030506896,0.0015522353206304947,0.00036605599201165154,0.0001535762077820297,0.0007350039443626195,0.0024559516186229233,0.0019770622504913004,0.0005109454438296343,0.0003129625746904457,0.00011002373044474912,0.0005386552627236135,0.0016591559787515553,0.00020530693395638965,0.0002157741963133627,5.060384686435161e-5,-9.78415475839585e-6,0.0003755854085365364,0.0007402194803959393,8.053798729444495e-5,0.0004607326872044839,0.0004739437238504927,0.0002684952710352477,0.00030558037232459093,0.0002297798098935589,0.0003002171192855084,0.0005216143118197702,0.00045155383655755656,0.0003944724542123787,0.0003491505267622321,0.00020821949004809227,0.0005669142424796633,0.00020530693395638965,0.0023867691835937873,0.0002693083628357174,8.147362265387897e-5,0.00020596153570578738,0.00033512204851746737,0.0005824186257198634,0.0006172621748476738,0.0001548652350691697,0.0003163907133072972,0.0006573063348907181,-0.00010128513840098017,0.00015660497782103374,0.00021007486741177195,0.000706147187842293,0.0005042193073039037,0.00039716312996929896,0.0005586746974373712,0.0003222992662324935,0.0006953430665315075,0.0002157741963133627,0.0002693083628357174,0.008027228691887168,0.0007109418897356524,0.00017395224631948592,0.0007775756247485421,0.0012002217494569908,0.002818107534831707,-6.660037058333238e-5,0.0007476812542190133,0.0014599617879453854,-0.00020132076772891197,-0.00016626095453475088,0.0004927031367886136,0.0012359310457683722,0.0011370726776171816,0.0006548967448869956,3.8543664391403425e-5,-6.682934345618201e-5,0.00029782880826110755,5.060384686435161e-5,8.147362265387897e-5,0.0007109418897356524,0.002604986381538708,6.39902400132218e-5,0.00046866383963236366,0.0006717501479595685,0.000930596882364565,0.0005589308085764341,0.00030147296229140753,0.00013743486126295906,4.669324662614882e-5,0.0004363137944848936,0.0002840669410820876,0.00026957903960072324,0.00034017831823158996,-5.091515892439252e-5,0.0001090560762795807,0.00014552709738393612,-9.102240313382139e-5,-9.78415475839585e-6,0.00020596153570578738,0.00017395224631948592,6.39902400132218e-5,0.0011994317191859104,0.0002776261522572925,9.008621547608071e-5,0.00014963911043709504,0.0003525988975866339,-3.25796610780591e-5,9.420159171967927e-6,9.625866087030298e-5,0.0001752827340434801,0.0002355727562535328,-0.00017178713215858682,0.00010121655647410386,-4.6210440916893226e-5,0.0002011969704118348,0.00045118191064324456,0.0006769296949724942,0.0003755854085365364,0.00033512204851746737,0.0007775756247485421,0.00046866383963236366,0.0002776261522572925,0.007411188266399072,0.0005654278922410972,0.0017455475953982637,0.001235551425091791,0.0006971832497170517,-0.00011649951758661246,0.00011039440245792399,0.0006626337313895281,0.00021504372709441592,0.0009956464088599216,0.0005288649679120662,0.00011662349626513074,-0.0003205469376951688,0.0003022605398663972,0.000682305828158684,0.0007402194803959393,0.0005824186257198634,0.0012002217494569908,0.0006717501479595685,9.008621547608071e-5,0.0005654278922410972,0.009394036474861846,0.002040975174061665,-0.00017801970149292898,0.0010641856716404898,-0.00038910732741983986,0.0003541741594378911,0.0006560940709033657,0.00042710932629730553,0.00069146401077904,0.0013442707625824727,0.0005283496927067889,0.000245170251817404,0.0007354533104768892,0.0011771050347162402,8.053798729444495e-5,0.0006172621748476738,0.002818107534831707,0.000930596882364565,0.00014963911043709504,0.0017455475953982637,0.002040975174061665,0.02092372842099593,-0.0009427465477851945,0.00119235469065409,0.0017338779983227244,0.0006163939886479361,0.00010168218493722994,0.00040155870881563476,0.000786593802126591,0.00201795493813466,-0.0006459234528807278,0.000302281145225828,0.0005013534192449545,0.0006561447100138789,0.0004607326872044839,0.0001548652350691697,-6.660037058333238e-5,0.0005589308085764341,0.0003525988975866339,0.001235551425091791,-0.00017801970149292898,-0.0009427465477851945,0.006290688432692991,0.00018386420986663264,0.00014324575562136953,0.000305960407609718,0.0005412406013643853,-0.00030697292286090545,0.0004891139758548704,6.074813650972607e-5,0.00020326784993596848,0.00013300010133782461,-6.050435708876717e-5,0.00037583022030506896,0.0004739437238504927,0.0003163907133072972,0.0007476812542190133,0.00030147296229140753,-3.25796610780591e-5,0.0006971832497170517,0.0010641856716404898,0.00119235469065409,0.00018386420986663264,0.0026638882813768915,0.0007513048784052471,0.00021849529890941076,0.00024130551946281874,0.0005156747684285235,0.0009002748870350408,0.00035704924975408754,0.0003345841309494443,0.0003556012429187487,-5.863568451958197e-5,0.0015522353206304947,0.0002684952710352477,0.0006573063348907181,0.0014599617879453854,0.00013743486126295906,9.420159171967927e-6,-0.00011649951758661246,-0.00038910732741983986,0.0017338779983227244,0.00014324575562136953,0.0007513048784052471,0.008488178546317813,0.0004861599055421493,0.00041782167811137355,0.00020229970870850298,0.0015252743373325027,0.0015440634073291698,0.0002392063815548759,0.00023181091448596297,-9.410642891728778e-5,0.00036605599201165154,0.00030558037232459093,-0.00010128513840098017,-0.00020132076772891197,4.669324662614882e-5,9.625866087030298e-5,0.00011039440245792399,0.0003541741594378911,0.0006163939886479361,0.000305960407609718,0.00021849529890941076,0.0004861599055421493,0.0022236135509062917,-2.6379828240881216e-5,-6.627164259135475e-6,3.5434549262499497e-5,0.0001105663592913668,4.7819375350863296e-5,0.0004167063612610149,-3.715235049316063e-5,0.0001535762077820297,0.0002297798098935589,0.00015660497782103374,-0.00016626095453475088,0.0004363137944848936,0.0001752827340434801,0.0006626337313895281,0.0006560940709033657,0.00010168218493722994,0.0005412406013643853,0.00024130551946281874,0.00041782167811137355,-2.6379828240881216e-5,0.0058434895020038095,0.0004346060538718635,-0.0002543425504414316,0.000203784939275772,0.00010737788000923188,3.7093205441102e-5,0.00019338712246485574,0.0007350039443626195,0.0003002171192855084,0.00021007486741177195,0.0004927031367886136,0.0002840669410820876,0.0002355727562535328,0.00021504372709441592,0.00042710932629730553,0.00040155870881563476,-0.00030697292286090545,0.0005156747684285235,0.00020229970870850298,-6.627164259135475e-6,0.0004346060538718635,0.002552287228333629,0.0006936982329144079,0.0005404622452737811,0.0003396765984646369,0.0011171534274944652,0.000516865923753067,0.0024559516186229233,0.0005216143118197702,0.000706147187842293,0.0012359310457683722,0.00026957903960072324,-0.00017178713215858682,0.0009956464088599216,0.00069146401077904,0.000786593802126591,0.0004891139758548704,0.0009002748870350408,0.0015252743373325027,3.5434549262499497e-5,-0.0002543425504414316,0.0006936982329144079,0.009168284109452942,0.0015937231577390258,0.0008852324970603281,0.00028466077731160153,0.000474678441939602,0.0019770622504913004,0.00045155383655755656,0.0005042193073039037,0.0011370726776171816,0.00034017831823158996,0.00010121655647410386,0.0005288649679120662,0.0013442707625824727,0.00201795493813466,6.074813650972607e-5,0.00035704924975408754,0.0015440634073291698,0.0001105663592913668,0.000203784939275772,0.0005404622452737811,0.0015937231577390258,0.005229534473934835,0.00018162107337268475,4.111930564424399e-5,0.00019680745417696946,0.0005109454438296343,0.0003944724542123787,0.00039716312996929896,0.0006548967448869956,-5.091515892439252e-5,-4.6210440916893226e-5,0.00011662349626513074,0.0005283496927067889,-0.0006459234528807278,0.00020326784993596848,0.0003345841309494443,0.0002392063815548759,4.7819375350863296e-5,0.00010737788000923188,0.0003396765984646369,0.0008852324970603281,0.00018162107337268475,0.0031412517152995157
