0.013126380605892494,0.00020570085909166357,0.00045869496585097,0.001105467917579365,0.0002878065021750867,0.0036530415572260232,0.0016920500379438578,0.0006856409421922967,-0.00018817470918916507,0.001894515827608767,-4.1719189280831106e-5,0.0005345952525669884,0.00022853807855079765,0.00032429353422187775,0.001296392809533369,0.0007117711923564635,3.9083354243475826e-5,0.001184872654775157,0.0004923060347204161,0.0024160080419846396,0.00020570085909166357,0.006234432595004125,0.001178296009039564,0.00025987882756454793,0.0003927805889257156,-0.0015031132061026774,0.000793946108596345,0.00016662429404147474,0.0006026340002741726,0.0005225964492612507,0.0005218745582625667,-9.372117966260916e-5,6.041092913892399e-6,0.001262093897582015,0.001023113480352193,0.0003761242307584855,-0.00031692536026723837,0.0003204116108220799,0.000353713518286979,-0.0006587090118779619,0.00045869496585097,0.001178296009039564,0.01588275614477122,0.00114259876857123,0.0009635446149925202,-0.0015217979629088534,0.0008913550911849208,0.0012585881397075573,0.0009597545923327262,0.0006687713263438136,0.0009609341460923571,0.0010670454903679574,8.250844532411191e-7,0.0018751840042420705,-0.0006698738166502085,0.00017435161739765232,0.001222760099838995,-0.00019797894922502044,0.0032359192378583817,0.006209330126246139,0.001105467917579365,0.00025987882756454793,0.00114259876857123,0.004796552448963334,8.172248315703326e-5,0.00036415569696748244,0.001395807935898594,0.00023430781519392035,0.00048334146158581827,0.0020056043133091306,0.00013548921378805576,0.0007736255313132456,0.000361454704063298,0.0015655571624595102,-0.0001398183396965737,0.00044647379935054525,0.001041669440325289,0.0007602554753795964,0.001604732124495644,0.0009838828340719046,0.0002878065021750867,0.0003927805889257156,0.0009635446149925202,8.172248315703326e-5,0.006499773609062651,0.002297114625934702,0.0004800173321110853,0.0003505859467102545,0.0006096973659018266,0.00022743525358456983,0.0002245987066911489,0.0005168362323754851,0.00024249832697180158,0.0012308706789193858,0.0005229010485578581,0.00021651648426140036,0.0015217985746876425,0.0002963313007659894,0.0024619935053788893,0.0016389037942611045,0.0036530415572260232,-0.0015031132061026774,-0.0015217979629088534,0.00036415569696748244,0.002297114625934702,0.03881091927996069,0.0043979929884344435,0.0013240246769986009,0.002710288949333985,0.0001281569119228914,0.000539245857006906,0.004126603768521302,0.0005298895867063022,0.00025885605020839323,0.00041862163165490426,0.0004258018242593879,0.001550519151448546,0.001991451229373006,0.0007646259492098445,0.0003368677624970822,0.0016920500379438578,0.000793946108596345,0.0008913550911849208,0.001395807935898594,0.0004800173321110853,0.0043979929884344435,0.006903349347430639,0.00023418663098139224,0.0011364596227879538,0.0013992191917762409,0.0004181427663859272,0.0017430079048519583,0.0005274583066525768,0.0026787486497065424,0.0005306748787444783,0.00044055800130445163,0.0008183560955764139,0.0010271051176991967,0.0007110530525635319,0.002531220043101962,0.0006856409421922967,0.00016662429404147474,0.0012585881397075573,0.00023430781519392035,0.0003505859467102545,0.0013240246769986009,0.00023418663098139224,0.003177676984439626,0.0007196429381921758,-0.00014987137180433844,0.000520578865802134,0.0003198614023317114,-7.161643247753072e-5,0.001863601594023203,0.0002193623452388192,0.00036237043821235615,0.0015807500461084878,8.549024322938362e-5,-0.0011261247542161653,0.0023321556040381075,-0.00018817470918916507,0.0006026340002741726,0.0009597545923327262,0.00048334146158581827,0.0006096973659018266,0.002710288949333985,0.0011364596227879538,0.0007196429381921758,0.007188475649837402,0.0008341021794547826,0.00035564441558692903,0.0006017706806438048,-3.738619438614748e-5,0.0013747229967048323,-0.0003682852214235804,-2.8696796132471103e-7,0.0019121884289700901,0.00025946567191040845,0.0025108376240297954,0.001528638683186671,0.001894515827608767,0.0005225964492612507,0.0006687713263438136,0.0020056043133091306,0.00022743525358456983,0.0001281569119228914,0.0013992191917762409,-0.00014987137180433844,0.0008341021794547826,0.018534764293311967,-0.00016464995987937976,0.0006733266572285807,0.0005091686505123037,0.0012722574270018659,0.00047771702523617606,0.000578953412843115,0.0005994145786049503,0.0016470699297741031,0.0024770341788953832,0.0017687845949184635,-4.1719189280831106e-5,0.0005218745582625667,0.0009609341460923571,0.00013548921378805576,0.0002245987066911489,0.000539245857006906,0.0004181427663859272,0.000520578865802134,0.00035564441558692903,-0.00016464995987937976,0.0015256395966705444,0.0008478803465258244,0.00010546543680732003,0.0012375460254581473,0.0005089898406943838,0.00019697797661483033,5.88569688003631e-5,-0.0004439831084938619,-4.8749069305655673e-5,0.00047711636826048046,0.0005345952525669884,-9.372117966260916e-5,0.0010670454903679574,0.0007736255313132456,0.0005168362323754851,0.004126603768521302,0.0017430079048519583,0.0003198614023317114,0.0006017706806438048,0.0006733266572285807,0.0008478803465258244,0.012577260810370068,0.00022716822358877177,0.0015773010660893288,-0.0002571124822020938,0.00013986316788511304,0.0004693799725030269,-6.244389702134005e-5,0.000453169012841827,0.002804018118694463,0.00022853807855079765,6.041092913892399e-6,8.250844532411191e-7,0.000361454704063298,0.00024249832697180158,0.0005298895867063022,0.0005274583066525768,-7.161643247753072e-5,-3.738619438614748e-5,0.0005091686505123037,0.00010546543680732003,0.00022716822358877177,0.0012922787291727896,0.00040114086592882433,0.00028628428409133903,4.7292175538347334e-5,-3.454891391399152e-5,2.471967477529702e-5,0.0010218792262322342,0.0002275610045229819,0.00032429353422187775,0.001262093897582015,0.0018751840042420705,0.0015655571624595102,0.0012308706789193858,0.00025885605020839323,0.0026787486497065424,0.001863601594023203,0.0013747229967048323,0.0012722574270018659,0.0012375460254581473,0.0015773010660893288,0.00040114086592882433,0.021791900073379677,0.0018043032284295144,0.0005871562971010179,0.002092191133390468,0.0012733804416093916,0.00010243596627285828,0.005655265917740401,0.001296392809533369,0.001023113480352193,-0.0006698738166502085,-0.0001398183396965737,0.0005229010485578581,0.00041862163165490426,0.0005306748787444783,0.0002193623452388192,-0.0003682852214235804,0.00047771702523617606,0.0005089898406943838,-0.0002571124822020938,0.00028628428409133903,0.0018043032284295144,0.0038737555166172364,0.0002167360345051304,-0.00012619913946112647,0.000268237379261262,-0.00033433905123520267,-0.00025210254567552954,0.0007117711923564635,0.0003761242307584855,0.00017435161739765232,0.00044647379935054525,0.00021651648426140036,0.0004258018242593879,0.00044055800130445163,0.00036237043821235615,-2.8696796132471103e-7,0.000578953412843115,0.00019697797661483033,0.00013986316788511304,4.7292175538347334e-5,0.0005871562971010179,0.0002167360345051304,0.0014324674497718367,0.0003137744097290843,0.00032449389381439936,-0.0006567766817947593,0.0008409686182328167,3.9083354243475826e-5,-0.00031692536026723837,0.001222760099838995,0.001041669440325289,0.0015217985746876425,0.001550519151448546,0.0008183560955764139,0.0015807500461084878,0.0019121884289700901,0.0005994145786049503,5.88569688003631e-5,0.0004693799725030269,-3.454891391399152e-5,0.002092191133390468,-0.00012619913946112647,0.0003137744097290843,0.013612930411665048,6.817694488363301e-6,-0.0015326164343554965,0.003907285691932532,0.001184872654775157,0.0003204116108220799,-0.00019797894922502044,0.0007602554753795964,0.0002963313007659894,0.001991451229373006,0.0010271051176991967,8.549024322938362e-5,0.00025946567191040845,0.0016470699297741031,-0.0004439831084938619,-6.244389702134005e-5,2.471967477529702e-5,0.0012733804416093916,0.000268237379261262,0.00032449389381439936,6.817694488363301e-6,0.006251417789354106,0.0011355299813253943,0.00034563834362641725,0.0004923060347204161,0.000353713518286979,0.0032359192378583817,0.001604732124495644,0.0024619935053788893,0.0007646259492098445,0.0007110530525635319,-0.0011261247542161653,0.0025108376240297954,0.0024770341788953832,-4.8749069305655673e-5,0.000453169012841827,0.0010218792262322342,0.00010243596627285828,-0.00033433905123520267,-0.0006567766817947593,-0.0015326164343554965,0.0011355299813253943,0.030520185087890672,-0.001306947493437599,0.0024160080419846396,-0.0006587090118779619,0.006209330126246139,0.0009838828340719046,0.0016389037942611045,0.0003368677624970822,0.002531220043101962,0.0023321556040381075,0.001528638683186671,0.0017687845949184635,0.00047711636826048046,0.002804018118694463,0.0002275610045229819,0.005655265917740401,-0.00025210254567552954,0.0008409686182328167,0.003907285691932532,0.00034563834362641725,-0.001306947493437599,0.02466138802145463
