0.033437805155321916,0.01615592983321807,0.0015018294874167269,0.0055296386589026155,0.007544965446003922,0.007299946371318712,0.006459530378989255,0.0017492580472744461,0.004763213889277007,0.005408094555647964,0.011255655584945023,0.009912615056384397,0.0005459066307470924,0.002936463961057227,0.00272573132758066,0.00539586058365376,0.005044024664085784,0.013421377182057041,0.008569374951482654,0.006566733893322386,0.01615592983321807,0.03403779694792313,0.003650804024325513,0.004782674186661702,0.006563470812153246,0.008552970796360755,0.008706677327654063,0.002780691071968811,0.0055568427566648265,0.010676688695534804,0.011559322775477892,0.010802470104092044,0.0039036794585705073,0.002582860066922596,-0.0010735970867620788,0.006053890994314897,0.006763286539675392,0.011684266730561006,0.009389925907685063,0.006792431844035406,0.0015018294874167269,0.003650804024325513,0.004519648917662037,0.0012360771212871812,0.0002791161732164987,0.0019812006899607246,0.00044576945662111504,0.0018955871645275667,0.0007020045551394325,0.0017210525818867812,0.005816913896667927,0.004165070663843962,0.005443994889549076,0.0010634737394894737,0.0014015130765663872,0.002978078760054067,0.0012548193296845265,0.006088978957196914,0.002343171223465261,0.0005322372595287126,0.0055296386589026155,0.004782674186661702,0.0012360771212871812,0.005962332295851325,0.002617169653005808,0.003211252431185074,0.002415082062913494,0.002237090946121243,0.001803283190312394,0.0010643192413942214,0.006942027307122082,0.004273069702528096,0.0006840208184580199,0.0005495087469724082,0.003468035831438791,0.0019799594616963794,0.0013843793717526506,0.006502652961337011,0.0028177556531129647,0.0017833500553856498,0.007544965446003922,0.006563470812153246,0.0002791161732164987,0.002617169653005808,0.0042656081888564875,0.003013539110842617,0.003383913236757248,0.0010691595209935735,0.002415311010294741,0.0024463248458997996,0.0040083564212075075,0.0035457493454157784,-0.001875330861116915,0.0007663263523018172,0.0022093906959537923,0.0014439946040243463,0.00179645598334214,0.004463009616339969,0.003941232440368754,0.0029576131579560584,0.007299946371318712,0.008552970796360755,0.0019812006899607246,0.003211252431185074,0.003013539110842617,0.010594970950082713,0.002588480507794166,0.0024472876948636382,0.0022347942357009883,0.005151160471762598,0.006896989903420582,0.005881896088348586,0.0006724354337329074,0.0006226377857695335,0.003358969576683894,0.003820502796778722,0.0010038233083641836,0.007832158081895751,0.004638570249494137,0.003732964472405436,0.006459530378989255,0.008706677327654063,0.00044576945662111504,0.002415082062913494,0.003383913236757248,0.002588480507794166,0.009746191976726918,0.0018006577340394182,0.0029684858072234754,0.0025581915604944924,0.005835575745382017,0.004532496184335834,-0.00042642346225970794,0.0006911540131766597,0.002545581755116207,0.0014900856812466157,0.0030157722557901923,0.006182181171013863,0.004976570393556388,0.002824121535038549,0.0017492580472744461,0.002780691071968811,0.0018955871645275667,0.002237090946121243,0.0010691595209935735,0.0024472876948636382,0.0018006577340394182,0.00544410944170684,0.0014253095737907788,0.0012109507377311931,0.004516911274223627,0.0038091960964969853,0.002899672272872792,0.0010888818581033638,0.0030473184155651954,0.001602481085452065,0.0014140661631343264,0.008441697886307758,0.002702651630988399,0.00181118007391532,0.004763213889277007,0.0055568427566648265,0.0007020045551394325,0.001803283190312394,0.002415311010294741,0.0022347942357009883,0.0029684858072234754,0.0014253095737907788,0.003358766792195842,0.00233936365330969,0.004574143234638154,0.003647932024470626,0.0007483308830086238,0.0010112412045175585,0.0018582829832608193,0.000964387442782407,0.0018518626874907984,0.004336124438342588,0.0027966895693906204,0.00240182434111744,0.005408094555647964,0.010676688695534804,0.0017210525818867812,0.0010643192413942214,0.0024463248458997996,0.005151160471762598,0.0025581915604944924,0.0012109507377311931,0.00233936365330969,0.012186579729769689,0.0030298178944924287,0.004374851655153318,0.004182413755629714,0.0010648456012796437,-0.0013118779233930325,0.003396824674291289,0.003606160666097269,0.004271594305593228,0.003673919552300537,0.003406837875874147,0.011255655584945023,0.011559322775477892,0.005816913896667927,0.006942027307122082,0.0040083564212075075,0.006896989903420582,0.005835575745382017,0.004516911274223627,0.004574143234638154,0.0030298178944924287,0.03288148284276547,0.012789497663582696,0.010374580861750991,0.0024072312465768316,0.009488124097216794,0.006484472691771845,0.0043739338462557365,0.02001297813011204,0.007109045298068283,0.0039956951869664446,0.009912615056384397,0.010802470104092044,0.004165070663843962,0.004273069702528096,0.0035457493454157784,0.005881896088348586,0.004532496184335834,0.0038091960964969853,0.003647932024470626,0.004374851655153318,0.012789497663582696,0.012278442627971377,0.005331887134966928,0.002168316683508131,0.002550130137295559,0.005075995378343304,0.0037025333016809567,0.012457466013951977,0.0056777686724487336,0.00379397133391722,0.0005459066307470924,0.0039036794585705073,0.005443994889549076,0.0006840208184580199,-0.001875330861116915,0.0006724354337329074,-0.00042642346225970794,0.002899672272872792,0.0007483308830086238,0.004182413755629714,0.010374580861750991,0.005331887134966928,0.029118213199013122,0.002964003828091893,0.0011056569299222859,0.0037984127515800696,0.003513496984441017,0.01134367418271736,0.0005939134791146093,-8.52565139991001e-5,0.002936463961057227,0.002582860066922596,0.0010634737394894737,0.0005495087469724082,0.0007663263523018172,0.0006226377857695335,0.0006911540131766597,0.0010888818581033638,0.0010112412045175585,0.0010648456012796437,0.0024072312465768316,0.002168316683508131,0.002964003828091893,0.004923923413943901,-9.011529891533363e-5,0.0008784804995283571,0.0019131206781318778,0.002289984917117953,0.001588507112422703,0.0011754384337280945,0.00272573132758066,-0.0010735970867620788,0.0014015130765663872,0.003468035831438791,0.0022093906959537923,0.003358969576683894,0.002545581755116207,0.0030473184155651954,0.0018582829832608193,-0.0013118779233930325,0.009488124097216794,0.002550130137295559,0.0011056569299222859,-9.011529891533363e-5,0.020321594959305387,0.0008813830307624981,-0.0007657782486110301,0.010630738862060927,0.0038144707911255235,0.0016060126879816775,0.00539586058365376,0.006053890994314897,0.002978078760054067,0.0019799594616963794,0.0014439946040243463,0.003820502796778722,0.0014900856812466157,0.001602481085452065,0.000964387442782407,0.003396824674291289,0.006484472691771845,0.005075995378343304,0.0037984127515800696,0.0008784804995283571,0.0008813830307624981,0.005540359006040155,0.001913468468703286,0.007683335929315486,0.002507541502766537,0.0016513477069357565,0.005044024664085784,0.006763286539675392,0.0012548193296845265,0.0013843793717526506,0.00179645598334214,0.0010038233083641836,0.0030157722557901923,0.0014140661631343264,0.0018518626874907984,0.003606160666097269,0.0043739338462557365,0.0037025333016809567,0.003513496984441017,0.0019131206781318778,-0.0007657782486110301,0.001913468468703286,0.007128995841431351,0.0036514593863915985,0.0028976101884556527,0.0021112787992520845,0.013421377182057041,0.011684266730561006,0.006088978957196914,0.006502652961337011,0.004463009616339969,0.007832158081895751,0.006182181171013863,0.008441697886307758,0.004336124438342588,0.004271594305593228,0.02001297813011204,0.012457466013951977,0.01134367418271736,0.002289984917117953,0.010630738862060927,0.007683335929315486,0.0036514593863915985,0.04796446129720762,0.0086710419022966,0.004411360104203267,0.008569374951482654,0.009389925907685063,0.002343171223465261,0.0028177556531129647,0.003941232440368754,0.004638570249494137,0.004976570393556388,0.002702651630988399,0.0027966895693906204,0.003673919552300537,0.007109045298068283,0.0056777686724487336,0.0005939134791146093,0.001588507112422703,0.0038144707911255235,0.002507541502766537,0.0028976101884556527,0.0086710419022966,0.01014695824050055,0.004105618594840587,0.006566733893322386,0.006792431844035406,0.0005322372595287126,0.0017833500553856498,0.0029576131579560584,0.003732964472405436,0.002824121535038549,0.00181118007391532,0.00240182434111744,0.003406837875874147,0.0039956951869664446,0.00379397133391722,-8.52565139991001e-5,0.0011754384337280945,0.0016060126879816775,0.0016513477069357565,0.0021112787992520845,0.004411360104203267,0.004105618594840587,0.00451632243118833
0.017013425632532216,0.0014584079574450873,0.0012236752010160723,-5.7019860763527774e-5,4.3808193382758406e-5,0.0008391486597581859,0.0015736234690473432,0.001965772167520089,0.00016685082129127,0.0021233265793888676,0.00034196412118825924,0.0003620296393322625,6.843197557643551e-5,0.0009719734837896563,0.001459515813101398,-0.00028779845059762055,-0.0003046668022183811,0.003783432904904831,0.0002355822464456427,0.00043634278459968626,0.0014584079574450873,0.02135088287318099,0.0006045239777191384,0.001101136019573621,-2.193799974425798e-5,0.00039383857237457556,0.0015102472730494719,0.0012989166144722437,0.0009618981136908301,0.000945263178395997,0.0020263523922506004,0.0005869754649800905,0.0023313231567245497,0.00045448551130524177,0.0018959287183760933,-0.0006637685968203551,0.0007621825245261495,0.004611354972098955,-0.00037863445476394117,0.0008293130832902223,0.0012236752010160723,0.0006045239777191384,0.0023358805197330732,0.0004796904948303818,4.792164816592827e-6,0.0008405813982527617,0.001046220159932166,0.0006251239833263678,-1.2200535154876038e-5,0.0006662893509013156,0.0009908648933456051,0.0004052040711249674,0.0008306736498710793,0.0006909060114776605,0.0004424513026328227,-6.825153981536539e-5,-0.00040294422646120496,0.0005325425747818916,-0.00012526174467638733,0.0006431704749768194,-5.7019860763527774e-5,0.001101136019573621,0.0004796904948303818,0.004319812996328716,-8.519501528777865e-5,0.0014085629294534859,0.0007460181217042938,0.0007035740652707131,0.0005848973738982843,0.0015660499430263533,0.0025682753390026724,-0.0003419255050418465,0.0015387462879538918,0.00108241778745107,-0.0002557165489935376,0.00013816506258537123,0.00014468910989282854,0.0007551793806209294,0.0008046834479622296,0.0009588218590398737,4.3808193382758406e-5,-2.193799974425798e-5,4.792164816592827e-6,-8.519501528777865e-5,0.0022198763954639775,6.557144994489005e-5,-0.00043136394418501406,0.0003017767044344547,0.00017916595109763745,-0.0003702669493887376,-1.5784740472505e-6,-0.00015377900638864915,0.00030481342351906847,0.0006889725390756924,0.0008486781381434071,0.00047726710249350497,0.001047960248090216,0.0007700462209688253,-0.0002880259069580309,-0.00018836139233292082,0.0008391486597581859,0.00039383857237457556,0.0008405813982527617,0.0014085629294534859,6.557144994489005e-5,0.008763368141936205,0.0019904970804842472,0.00027821550289873704,-0.0009607646508168389,0.0004004389721292544,0.0038905754395280783,0.0009895397257316855,0.004945801608190499,0.0020370651655956286,-0.0021258522738550577,-0.0004135454213307579,0.003132818902988657,0.00269930502467508,0.0004879306368144824,0.0005127419223244504,0.0015736234690473432,0.0015102472730494719,0.001046220159932166,0.0007460181217042938,-0.00043136394418501406,0.0019904970804842472,0.007651623258965421,0.0009454347721616248,-0.00021734879872124422,0.002796941572731121,0.0035256134943813184,0.0009663775918160542,0.0034571181378645326,0.000990950505948526,0.00015761297522030084,-0.0006005433690030166,0.00020360338435335696,0.002582639264489848,0.0003027506451349836,0.0007588378402094804,0.001965772167520089,0.0012989166144722437,0.0006251239833263678,0.0007035740652707131,0.0003017767044344547,0.00027821550289873704,0.0009454347721616248,0.003504919465755464,0.00018438082054536112,0.00036881097722209124,0.001338367620383548,9.696071310829081e-5,0.0005026804550340577,0.0001377407634716667,0.0004759637403756237,-0.00011415321450389501,-0.00025694866880463494,-0.0006478413752871525,-0.0004705971745108288,0.00029364101407328315,0.00016685082129127,0.0009618981136908301,-1.2200535154876038e-5,0.0005848973738982843,0.00017916595109763745,-0.0009607646508168389,-0.00021734879872124422,0.00018438082054536112,0.0019645878207233776,-0.0003429670327767786,8.663158931724106e-6,-0.0007201034811703908,-0.000350810979692335,-0.00020437678375567135,0.00139970183070907,0.0003624215335349476,-0.000747179885757282,-0.0008790373503437163,0.0002488447586941632,3.8920880112968426e-5,0.0021233265793888676,0.000945263178395997,0.0006662893509013156,0.0015660499430263533,-0.0003702669493887376,0.0004004389721292544,0.002796941572731121,0.00036881097722209124,-0.0003429670327767786,0.009983981168919492,0.0015278080730108986,0.0007333037906855364,-0.00036910212884877876,0.0012607732263953913,0.0014770670840131145,-0.0012271608372434423,-0.0007773388367988048,0.00507843435241742,0.00024342577023196238,0.0009458936773753697,0.00034196412118825924,0.0020263523922506004,0.0009908648933456051,0.0025682753390026724,-1.5784740472505e-6,0.0038905754395280783,0.0035256134943813184,0.001338367620383548,8.663158931724106e-6,0.0015278080730108986,0.02341939068220499,-0.0006379587327646446,0.00611717298778554,0.0025883230577725355,-3.5241209591479734e-5,-0.0007246776727668363,0.0005796449694946103,-0.001585306733417397,0.001906096672667958,0.0016732911924460668,0.0003620296393322625,0.0005869754649800905,0.0004052040711249674,-0.0003419255050418465,-0.00015377900638864915,0.0009895397257316855,0.0009663775918160542,9.696071310829081e-5,-0.0007201034811703908,0.0007333037906855364,-0.0006379587327646446,0.004922913351035842,-0.00029032825989198664,0.0008765952344691792,-0.000760665108194575,-0.00045276702161455777,0.0008407202144937564,0.0038743618824859786,0.00015144158933315052,0.00038487672613502107,6.843197557643551e-5,0.0023313231567245497,0.0008306736498710793,0.0015387462879538918,0.00030481342351906847,0.004945801608190499,0.0034571181378645326,0.0005026804550340577,-0.000350810979692335,-0.00036910212884877876,0.00611717298778554,-0.00029032825989198664,0.022825641491858815,0.001243988131908228,-0.0024394247379548647,0.0006348631065394996,0.0026547397977379965,-0.0006607396789229027,0.002968842293580493,0.0012019112870545528,0.0009719734837896563,0.00045448551130524177,0.0006909060114776605,0.00108241778745107,0.0006889725390756924,0.0020370651655956286,0.000990950505948526,0.0001377407634716667,-0.00020437678375567135,0.0012607732263953913,0.0025883230577725355,0.0008765952344691792,0.001243988131908228,0.005066957788844453,-0.0002868308372075141,5.304984564021995e-5,0.0009348162438837942,0.0037503905822665958,0.0003796512332482258,0.00012074991915402772,0.001459515813101398,0.0018959287183760933,0.0004424513026328227,-0.0002557165489935376,0.0008486781381434071,-0.0021258522738550577,0.00015761297522030084,0.0004759637403756237,0.00139970183070907,0.0014770670840131145,-3.5241209591479734e-5,-0.000760665108194575,-0.0024394247379548647,-0.0002868308372075141,0.015944756227729204,0.0008009710761342388,-0.0009581814051895331,-6.554110737725223e-5,-2.69022587710698e-5,0.000572660584964067,-0.00028779845059762055,-0.0006637685968203551,-6.825153981536539e-5,0.00013816506258537123,0.00047726710249350497,-0.0004135454213307579,-0.0006005433690030166,-0.00011415321450389501,0.0003624215335349476,-0.0012271608372434423,-0.0007246776727668363,-0.00045276702161455777,0.0006348631065394996,5.304984564021995e-5,0.0008009710761342388,0.002822164135170611,0.00038188135132751324,-0.0014759088976531365,0.0005167356713484065,8.076142670755545e-6,-0.0003046668022183811,0.0007621825245261495,-0.00040294422646120496,0.00014468910989282854,0.001047960248090216,0.003132818902988657,0.00020360338435335696,-0.00025694866880463494,-0.000747179885757282,-0.0007773388367988048,0.0005796449694946103,0.0008407202144937564,0.0026547397977379965,0.0009348162438837942,-0.0009581814051895331,0.00038188135132751324,0.006748430362027426,0.0038622153252656525,0.00012052006747418091,0.00027595985154648203,0.003783432904904831,0.004611354972098955,0.0005325425747818916,0.0007551793806209294,0.0007700462209688253,0.00269930502467508,0.002582639264489848,-0.0006478413752871525,-0.0008790373503437163,0.00507843435241742,-0.001585306733417397,0.0038743618824859786,-0.0006607396789229027,0.0037503905822665958,-6.554110737725223e-5,-0.0014759088976531365,0.0038622153252656525,0.036064172651498194,0.001821880274958164,0.0012050349424655902,0.0002355822464456427,-0.00037863445476394117,-0.00012526174467638733,0.0008046834479622296,-0.0002880259069580309,0.0004879306368144824,0.0003027506451349836,-0.0004705971745108288,0.0002488447586941632,0.00024342577023196238,0.001906096672667958,0.00015144158933315052,0.002968842293580493,0.0003796512332482258,-2.69022587710698e-5,0.0005167356713484065,0.00012052006747418091,0.001821880274958164,0.00525682829823187,0.0003066776065201481,0.00043634278459968626,0.0008293130832902223,0.0006431704749768194,0.0009588218590398737,-0.00018836139233292082,0.0005127419223244504,0.0007588378402094804,0.00029364101407328315,3.8920880112968426e-5,0.0009458936773753697,0.0016732911924460668,0.00038487672613502107,0.0012019112870545528,0.00012074991915402772,0.000572660584964067,8.076142670755545e-6,0.00027595985154648203,0.0012050349424655902,0.0003066776065201481,0.0023940986970747828
