0.013577659399370855,0.0023543912037859785,-2.92068723982122e-5,0.0004897264186102428,-0.0009462679774599245,5.754422006868252e-5,0.000255574999742917,-7.766985906426592e-5,0.0019435920901070861,0.0001695033819237076,2.4188152512206687e-5,-0.00015481775555117,0.0007820932021484677,0.0004248701254137736,0.0006582955784215339,0.0021393403887120088,0.0009024171037898755,0.0009424158506153354,0.0005750082688932335,0.00012883241443706111,0.0023543912037859785,0.011390027434648542,0.0005122897726454012,0.000687399478906162,0.0011174232579321537,0.00034550995572281125,0.0009843455189466298,-0.0002156123654798487,0.002168205530656931,0.002796253528233978,0.0009230506414688066,-0.00045016015524786926,-0.00017705561795549365,-0.0010606980152987697,0.0003526112588815414,0.001065200112002802,0.0005106334980831928,-0.00033449086268106537,0.00023440948722211843,1.6201004797731785e-5,-2.92068723982122e-5,0.0005122897726454012,0.0016394434204006813,0.0011163965586308462,0.00015185435448172835,8.268820504349064e-5,6.302477818553448e-5,0.00048075351350140096,0.00043352513196993117,0.0008105686694825892,-8.76929679854428e-5,8.574649688291952e-5,0.0005923327645392408,0.0006560506823653342,-0.0001814582074131187,0.0004894020593553784,0.0002521746382491242,0.00014009931058745623,0.00027238999831722104,0.00023769044234058645,0.0004897264186102428,0.000687399478906162,0.0011163965586308462,0.014528462867900787,0.001105814210696055,0.0011585333108709787,0.0006645281816633028,0.0011061599266633713,0.0027368885537284206,0.0016648004593898934,0.0005377508040872459,0.0002483381002112189,0.0011365045933586252,0.0016318794838976842,-0.001030423468884939,0.0015353897279974816,0.0002583811350036709,0.0009202588357841446,0.0030210456308295583,0.0006269435876146881,-0.0009462679774599245,0.0011174232579321537,0.00015185435448172835,0.001105814210696055,0.018978959529805828,0.0012638823744133359,0.000554273515909894,0.000816851035045738,0.003916765778785802,0.002713643742823413,0.001075434128226012,0.0004924428794085742,0.0010351586024557602,0.0015872664803866302,-5.2546345608836905e-6,0.00028824405802580335,0.000846425374746714,0.00041357169920418907,0.0032032152867709045,0.0007186164842741006,5.754422006868252e-5,0.00034550995572281125,8.268820504349064e-5,0.0011585333108709787,0.0012638823744133359,0.003393563419248534,0.0003492716677600786,0.0005528253863330899,0.0014199118293707195,0.0007636593727206517,0.0009872308928417488,0.0001230585057215522,0.001035996642058331,0.0006001899924801611,-7.80391971843694e-5,0.0005087578004269676,0.0002074011279376761,0.00040339233886895756,0.0006778224949079545,0.0001789796516422406,0.000255574999742917,0.0009843455189466298,6.302477818553448e-5,0.0006645281816633028,0.000554273515909894,0.0003492716677600786,0.004781385723823724,0.0001698086543852599,0.0010961450218378143,0.0015494939241618255,0.0002037474904828064,8.122269355314744e-5,0.00041245676464247516,0.0012648375818372576,0.0005743332355292667,0.00036916507196724116,0.00045654402022970476,0.0008763029860186314,0.001174581759569537,0.00038613069363754545,-7.766985906426592e-5,-0.0002156123654798487,0.00048075351350140096,0.0011061599266633713,0.000816851035045738,0.0005528253863330899,0.0001698086543852599,0.0023125295943704736,0.001163554280288833,0.0005942867864060614,-4.8176474497375745e-5,0.00047508429213060483,0.001085396138362079,3.2956381855799274e-5,4.171008368240563e-5,0.0007035869286866313,0.0004098218378726004,0.0005820886202092165,0.0009284054880605996,0.00016013045941373584,0.0019435920901070861,0.002168205530656931,0.00043352513196993117,0.0027368885537284206,0.003916765778785802,0.0014199118293707195,0.0010961450218378143,0.001163554280288833,0.030452744777905705,0.0034581098180696494,0.0010288537409634767,0.0004173887735043899,0.0006899493197709154,0.002464238359333454,-0.0004965869995907963,0.0029697656606614813,0.0016796211641071331,0.0031547076327746544,0.0017089808960101707,-0.000334134350797701,0.0001695033819237076,0.002796253528233978,0.0008105686694825892,0.0016648004593898934,0.002713643742823413,0.0007636593727206517,0.0015494939241618255,0.0005942867864060614,0.0034581098180696494,0.017418775340041777,0.0012657837160040255,0.0002875727730290112,0.0007797361834779745,0.0029236469849169247,0.0007390337520574524,0.000485719196756928,0.00070248047307227,1.0649522524443963e-5,0.0020314859930023093,0.0009080040113579983,2.4188152512206687e-5,0.0009230506414688066,-8.76929679854428e-5,0.0005377508040872459,0.001075434128226012,0.0009872308928417488,0.0002037474904828064,-4.8176474497375745e-5,0.0010288537409634767,0.0012657837160040255,0.006743958867293371,0.00020687237046314002,0.0005873426325128386,0.001163842428966042,0.00048282831521539614,0.0012705053200598188,3.303135207824564e-6,-0.0010038607458705054,0.0003986637403844762,-7.469572011991078e-5,-0.00015481775555117,-0.00045016015524786926,8.574649688291952e-5,0.0002483381002112189,0.0004924428794085742,0.0001230585057215522,8.122269355314744e-5,0.00047508429213060483,0.0004173887735043899,0.0002875727730290112,0.00020687237046314002,0.002740163117384761,0.0003442916900438677,0.000877961009291097,-4.421430566359201e-5,0.0001360592625132503,0.0001218374794493925,-0.00010191310038167316,0.00022566681946193138,1.7365249253886716e-5,0.0007820932021484677,-0.00017705561795549365,0.0005923327645392408,0.0011365045933586252,0.0010351586024557602,0.001035996642058331,0.00041245676464247516,0.001085396138362079,0.0006899493197709154,0.0007797361834779745,0.0005873426325128386,0.0003442916900438677,0.009636629015796339,0.00010438613906273168,0.00040907158778736566,0.002424325845545647,0.000720734217292473,-0.00023490743671712353,0.001796583773025702,0.0009394017206142238,0.0004248701254137736,-0.0010606980152987697,0.0006560506823653342,0.0016318794838976842,0.0015872664803866302,0.0006001899924801611,0.0012648375818372576,3.2956381855799274e-5,0.002464238359333454,0.0029236469849169247,0.001163842428966042,0.000877961009291097,0.00010438613906273168,0.014969849480996474,-0.0003857963317317593,-0.0007127447633323324,-3.405285182092458e-6,0.00039196500652477354,-0.000915446292242474,0.0001878734608321819,0.0006582955784215339,0.0003526112588815414,-0.0001814582074131187,-0.001030423468884939,-5.2546345608836905e-6,-7.80391971843694e-5,0.0005743332355292667,4.171008368240563e-5,-0.0004965869995907963,0.0007390337520574524,0.00048282831521539614,-4.421430566359201e-5,0.00040907158778736566,-0.0003857963317317593,0.0032884598975000748,-3.888124652961078e-5,0.00033674090475886763,0.000506921607849138,0.000640035065097523,0.00013496533682516462,0.0021393403887120088,0.001065200112002802,0.0004894020593553784,0.0015353897279974816,0.00028824405802580335,0.0005087578004269676,0.00036916507196724116,0.0007035869286866313,0.0029697656606614813,0.000485719196756928,0.0012705053200598188,0.0001360592625132503,0.002424325845545647,-0.0007127447633323324,-3.888124652961078e-5,0.011862512708814364,0.0011363326422420008,0.00033865008957104564,0.0010282363667746307,-1.529323501134997e-5,0.0009024171037898755,0.0005106334980831928,0.0002521746382491242,0.0002583811350036709,0.000846425374746714,0.0002074011279376761,0.00045654402022970476,0.0004098218378726004,0.0016796211641071331,0.00070248047307227,3.303135207824564e-6,0.0001218374794493925,0.000720734217292473,-3.405285182092458e-6,0.00033674090475886763,0.0011363326422420008,0.0035721997873594115,0.00032394560908526623,0.0021635196898486123,0.00017718924314393984,0.0009424158506153354,-0.00033449086268106537,0.00014009931058745623,0.0009202588357841446,0.00041357169920418907,0.00040339233886895756,0.0008763029860186314,0.0005820886202092165,0.0031547076327746544,1.0649522524443963e-5,-0.0010038607458705054,-0.00010191310038167316,-0.00023490743671712353,0.00039196500652477354,0.000506921607849138,0.00033865008957104564,0.00032394560908526623,0.008970305701594902,2.688260616481969e-5,5.44818835088722e-5,0.0005750082688932335,0.00023440948722211843,0.00027238999831722104,0.0030210456308295583,0.0032032152867709045,0.0006778224949079545,0.001174581759569537,0.0009284054880605996,0.0017089808960101707,0.0020314859930023093,0.0003986637403844762,0.00022566681946193138,0.001796583773025702,-0.000915446292242474,0.000640035065097523,0.0010282363667746307,0.0021635196898486123,2.688260616481969e-5,0.02616063849685549,0.0010617035957327246,0.00012883241443706111,1.6201004797731785e-5,0.00023769044234058645,0.0006269435876146881,0.0007186164842741006,0.0001789796516422406,0.00038613069363754545,0.00016013045941373584,-0.000334134350797701,0.0009080040113579983,-7.469572011991078e-5,1.7365249253886716e-5,0.0009394017206142238,0.0001878734608321819,0.00013496533682516462,-1.529323501134997e-5,0.00017718924314393984,5.44818835088722e-5,0.0010617035957327246,0.0024270100529830887
