0.010710815376508944,0.0016030068398827208,0.001359989715232862,0.0012343320662236445,0.0030788924579724245,0.0004512651176986065,0.0009270683942177163,0.0009463919361923086,0.0005069986704512477,0.0032513199972804526,0.00331371630396222,0.0005897758479031838,0.0011135107301553098,0.002223837824476305,0.0051914766165645655,0.0034264483347279133,0.0015592198109340653,0.001649721283484298,0.0015370374328865502,0.0016602695300173412,0.0016030068398827208,0.007431149623381199,0.001008112480761109,0.0016258049310363238,0.0010144397962641458,0.001074447725244262,0.0014483982979057802,0.00020510956506359908,0.000984384242567872,0.0009471272681481608,0.001895269457075987,0.00031958757395561614,0.00025170214118117176,0.0013315305388880336,0.0006843272624631105,0.00127776928549356,0.0008339452377054561,0.001985576919481258,0.000710311469187217,0.001938712381131487,0.001359989715232862,0.001008112480761109,0.00500907248017033,0.000638339429999099,0.002480451377233327,0.0005133984473966794,0.00017605534470010594,0.0009717382866388819,0.00034242105676240454,0.0009937410576790133,0.0023278692775187586,0.00018587852076794108,0.0008921257308281403,0.0013174985668674278,0.0021773157062132727,0.0012347248001097783,0.0004112618326221298,0.0011663592310911645,0.0008199378116222384,0.0011843964194823433,0.0012343320662236445,0.0016258049310363238,0.000638339429999099,0.005519718652568343,0.0014053213427941272,0.0004999876068153665,0.0011680164134137655,0.0002740952310673574,0.0002860619328981035,0.001677364848813239,0.0019750153731746363,-4.598465199116806e-5,0.00026267194837832554,0.001410913785425189,0.0008215160603562478,0.0013532150591343147,0.0011415644283116993,0.0014622178230002756,0.000770029436654257,0.0017861679340437767,0.0030788924579724245,0.0010144397962641458,0.002480451377233327,0.0014053213427941272,0.01047718195006557,0.0001924130962685843,0.0003563830916537543,0.0020349812021552803,0.0009773661044845722,0.003922863357458475,0.0036032635960284312,0.0011297128703780172,0.0014300614662390173,0.0022610035950794034,0.0046631963274934365,0.0028716602866442386,0.0013578680937616616,0.0023106154372070182,0.0015337672544903694,0.002299254257165706,0.0004512651176986065,0.001074447725244262,0.0005133984473966794,0.0004999876068153665,0.0001924130962685843,0.0034757104290822614,0.0006724765695750292,0.00024514914013027995,0.0004589541677634737,7.87400222816842e-5,0.00015921846839636036,0.00038762048892589525,0.00013354140382128304,0.0005296986416481761,-0.00046008805742388356,-0.0003530406260304501,0.0006563075211685815,0.000703935943454649,0.00029439686341870247,0.001012556869763097,0.0009270683942177163,0.0014483982979057802,0.00017605534470010594,0.0011680164134137655,0.0003563830916537543,0.0006724765695750292,0.006984726344867301,0.0005947385756543181,0.0001678564414007607,0.0009372330573948583,6.277304581172975e-5,-0.001318978125517799,-0.000245464172617292,0.0010600132831869316,-0.0007496303876351372,5.114219974101833e-6,0.0010642913484397221,0.0011728846800873535,0.00013051827653426035,0.0015889728501081134,0.0009463919361923086,0.00020510956506359908,0.0009717382866388819,0.0002740952310673574,0.0020349812021552803,0.00024514914013027995,0.0005947385756543181,0.0033126495878555645,0.00023534169325550793,0.0007029676304664298,0.0008993944690161139,-0.00010262991797270802,0.0005206589247084197,0.00102136951600618,0.0017529777271311979,0.0011439731242726251,0.0006824732124559016,0.0005363147243127335,0.0003714879317201498,0.0015288865660520535,0.0005069986704512477,0.000984384242567872,0.00034242105676240454,0.0002860619328981035,0.0009773661044845722,0.0004589541677634737,0.0001678564414007607,0.00023534169325550793,0.002659462418754901,0.0005033440738843765,0.0003977053346581476,0.000511578245691465,0.0006946982007183682,0.0004996837359149985,0.00046609294417891375,0.00041992120976435803,0.0005752076735388541,0.0007072617863654122,0.0005456449119871638,-5.874243553172497e-5,0.0032513199972804526,0.0009471272681481608,0.0009937410576790133,0.001677364848813239,0.003922863357458475,7.87400222816842e-5,0.0009372330573948583,0.0007029676304664298,0.0005033440738843765,0.013419884358987583,0.003514700298026007,0.001347549660733502,0.0010658439656745103,0.0016347378575460086,0.0053006571415205265,0.0035797046200764905,0.0027805740037458544,0.0016135911477841436,0.0005420063207886956,0.0013006722632244228,0.00331371630396222,0.001895269457075987,0.0023278692775187586,0.0019750153731746363,0.0036032635960284312,0.00015921846839636036,6.277304581172975e-5,0.0008993944690161139,0.0003977053346581476,0.003514700298026007,0.016550175761367712,0.0003495571543502871,0.0012809824856846778,0.001437001761922319,0.004651728573436931,0.0016011329222327816,0.0006505187654977491,0.002401774602273048,0.001445201787182648,0.0011904208239230814,0.0005897758479031838,0.00031958757395561614,0.00018587852076794108,-4.598465199116806e-5,0.0011297128703780172,0.00038762048892589525,-0.001318978125517799,-0.00010262991797270802,0.000511578245691465,0.001347549660733502,0.0003495571543502871,0.0052553559017244995,0.0005700512949224564,-0.00010744091896918687,0.0014548500526605868,0.0012784234774903388,0.0002319783841940545,0.0005041087683135568,0.00020942523866546799,-0.0006633516621711475,0.0011135107301553098,0.00025170214118117176,0.0008921257308281403,0.00026267194837832554,0.0014300614662390173,0.00013354140382128304,-0.000245464172617292,0.0005206589247084197,0.0006946982007183682,0.0010658439656745103,0.0012809824856846778,0.0005700512949224564,0.0034776591685540467,0.000260113359963578,0.0021086566948511605,0.0012451955671822796,0.0006000421325983393,0.00052387140506721,0.0006858897737923974,0.00028096625838760635,0.002223837824476305,0.0013315305388880336,0.0013174985668674278,0.001410913785425189,0.0022610035950794034,0.0005296986416481761,0.0010600132831869316,0.00102136951600618,0.0004996837359149985,0.0016347378575460086,0.001437001761922319,-0.00010744091896918687,0.000260113359963578,0.008401240491682513,0.0020164052506061137,0.0019242675797477638,0.0015449936383567955,0.0012566040385576182,0.0011025246903905146,0.002107249629923773,0.0051914766165645655,0.0006843272624631105,0.0021773157062132727,0.0008215160603562478,0.0046631963274934365,-0.00046008805742388356,-0.0007496303876351372,0.0017529777271311979,0.00046609294417891375,0.0053006571415205265,0.004651728573436931,0.0014548500526605868,0.0021086566948511605,0.0020164052506061137,0.018021344970627812,0.00363089521286575,0.0010976440368280268,0.002218882286813118,0.0017283877186898607,0.001522986943186551,0.0034264483347279133,0.00127776928549356,0.0012347248001097783,0.0013532150591343147,0.0028716602866442386,-0.0003530406260304501,5.114219974101833e-6,0.0011439731242726251,0.00041992120976435803,0.0035797046200764905,0.0016011329222327816,0.0012784234774903388,0.0012451955671822796,0.0019242675797477638,0.00363089521286575,0.015617105519455204,0.002344179107834186,0.0019492574459909176,0.0012809763847410358,-0.00021434267786698104,0.0015592198109340653,0.0008339452377054561,0.0004112618326221298,0.0011415644283116993,0.0013578680937616616,0.0006563075211685815,0.0010642913484397221,0.0006824732124559016,0.0005752076735388541,0.0027805740037458544,0.0006505187654977491,0.0002319783841940545,0.0006000421325983393,0.0015449936383567955,0.0010976440368280268,0.002344179107834186,0.007288723877241632,0.001199019086960151,0.0006370987206853952,0.0008384120663360844,0.001649721283484298,0.001985576919481258,0.0011663592310911645,0.0014622178230002756,0.0023106154372070182,0.000703935943454649,0.0011728846800873535,0.0005363147243127335,0.0007072617863654122,0.0016135911477841436,0.002401774602273048,0.0005041087683135568,0.00052387140506721,0.0012566040385576182,0.002218882286813118,0.0019492574459909176,0.001199019086960151,0.011356764548582763,0.0006185969572544902,0.0006738792014476744,0.0015370374328865502,0.000710311469187217,0.0008199378116222384,0.000770029436654257,0.0015337672544903694,0.00029439686341870247,0.00013051827653426035,0.0003714879317201498,0.0005456449119871638,0.0005420063207886956,0.001445201787182648,0.00020942523866546799,0.0006858897737923974,0.0011025246903905146,0.0017283877186898607,0.0012809763847410358,0.0006370987206853952,0.0006185969572544902,0.0022498705943125056,0.0007174519877105374,0.0016602695300173412,0.001938712381131487,0.0011843964194823433,0.0017861679340437767,0.002299254257165706,0.001012556869763097,0.0015889728501081134,0.0015288865660520535,-5.874243553172497e-5,0.0013006722632244228,0.0011904208239230814,-0.0006633516621711475,0.00028096625838760635,0.002107249629923773,0.001522986943186551,-0.00021434267786698104,0.0008384120663360844,0.0006738792014476744,0.0007174519877105374,0.012069579161692014
