0.01768565153872595,0.00043085937899408006,0.0024665088852784452,0.0017430011479557684,0.001263514117277447,0.0029796765120766494,0.001911120534351503,0.000925369152602237,0.0018654868015736152,-0.0017109848438137689,0.0009730710914964687,0.002765296449358426,0.0016022017303393746,-0.0018360270429742145,0.00547468629015177,0.005311551467364157,0.0018896656116086778,0.005544300799726093,0.004108793262070022,0.005777975333933283,0.00043085937899408006,0.013322491289969627,0.004670162507731298,0.005900870530902355,0.0023745461655004705,0.004115131775494446,0.0030259875165559317,0.0008401016874342924,0.002587759356540331,0.005309896944684032,0.004766027358770181,0.0015716952091934366,0.002325724343091578,0.00562597286232537,0.005555654073284223,0.002398943257445133,0.0068671948354706415,0.0031223623806936425,0.0027648309858753313,0.003457010475697953,0.0024665088852784452,0.004670162507731298,0.008230184139538677,0.004947507769243887,0.0036109307215133404,0.0037191288391279264,0.0026650808711563352,0.001370878151898342,0.002625459804125488,0.004695033696343512,0.0046715588889984895,0.0029369400595637865,0.003472283846356677,0.004791871496326157,0.006546458435296477,0.0038412895482901497,0.004530569744676097,0.0027065369581997173,0.003305183226932497,0.0021458694255698145,0.0017430011479557684,0.005900870530902355,0.004947507769243887,0.009974631546113964,0.0028805304487324003,0.0052924225559689,0.0029867426701089862,0.0013434504674155556,0.0018235792300225846,0.006727160621701311,0.005687882542854688,0.003066871182059242,0.001996477172044398,0.004934218880279345,0.006104725991819333,0.0031932451567873955,0.0056039863890691545,0.003993926962300665,0.003133104926998964,0.00303202164851618,0.001263514117277447,0.0023745461655004705,0.0036109307215133404,0.0028805304487324003,0.010143545583508953,0.0011718658571219958,0.0029546513569409486,0.0014024754147914907,0.002361673236408535,0.004974979711688583,0.00315979468736072,0.0002317882870601618,0.0016610133179935736,0.006124234883178252,0.004791253116003799,0.0037205714086559457,0.0030297475214343217,0.0009318085411411874,0.0009224835433021432,0.001521186861134151,0.0029796765120766494,0.004115131775494446,0.0037191288391279264,0.0052924225559689,0.0011718658571219958,0.008974148543999666,0.003194152705277081,0.000745275396557842,0.0020589621557224732,0.00410283996893277,0.005293866242410015,0.005137852144683042,0.0025143341486907767,0.0025554332519332245,0.006547643124322117,0.0019179422349472996,0.004258478709136873,0.0042938568160553955,0.003781496524636159,0.0016163881279824088,0.001911120534351503,0.0030259875165559317,0.0026650808711563352,0.0029867426701089862,0.0029546513569409486,0.003194152705277081,0.0086173901425146,0.0006852528277318044,0.002812459142124494,0.003917228522201796,0.0009364751138062654,0.0005104160333415641,0.001261859931859173,0.004627558864984359,0.0053248609954934635,0.004965696691643517,0.00511357515944879,0.0043508515559552135,0.0026851153566071393,0.0021997027764866913,0.000925369152602237,0.0008401016874342924,0.001370878151898342,0.0013434504674155556,0.0014024754147914907,0.000745275396557842,0.0006852528277318044,0.0035632899923593335,0.0002808148937296207,0.00046912932138848374,-0.0006744149466198384,0.001329795674522573,0.00037167552545281285,0.0006224733699937406,0.002403969668261893,0.00019331747030149104,0.0019366496732170118,0.00032498307156731174,0.0007993845457803284,0.0018124139822533023,0.0018654868015736152,0.002587759356540331,0.002625459804125488,0.0018235792300225846,0.002361673236408535,0.0020589621557224732,0.002812459142124494,0.0002808148937296207,0.005169098328752791,0.0011327323026479553,0.002095861188341902,7.292425857977503e-5,0.0018902225660572492,0.004074774761537348,0.003427219473891463,0.002065474765081827,0.002320187279137637,0.002662497120103335,0.0030245634906848912,0.0027311834889420673,-0.0017109848438137689,0.005309896944684032,0.004695033696343512,0.006727160621701311,0.004974979711688583,0.00410283996893277,0.003917228522201796,0.00046912932138848374,0.0011327323026479553,0.017730978921556926,0.007048351328681278,0.0028998783399389063,0.0016036872642847992,0.006210107806145791,0.005943930235259553,0.0036875779466898056,0.006058781867451744,0.001987195144634966,0.0013720550669638638,-0.0017494877620095914,0.0009730710914964687,0.004766027358770181,0.0046715588889984895,0.005687882542854688,0.00315979468736072,0.005293866242410015,0.0009364751138062654,-0.0006744149466198384,0.002095861188341902,0.007048351328681278,0.020215002122563434,0.0029112130784334253,0.0032438479859708672,0.0012452442506815974,0.005977143547295898,0.0012227145751823295,0.0019797580888214032,0.0013610367046945685,0.0029101527483064763,0.0005850858304315416,0.002765296449358426,0.0015716952091934366,0.0029369400595637865,0.003066871182059242,0.0002317882870601618,0.005137852144683042,0.0005104160333415641,0.001329795674522573,7.292425857977503e-5,0.0028998783399389063,0.0029112130784334253,0.010038523706796918,0.0010614803576481072,0.000350162807026468,0.0061305601945202265,-0.0008802735234751196,0.0033678806404098703,0.0022851829205281916,0.002726540294065092,-0.001076684826403258,0.0016022017303393746,0.002325724343091578,0.003472283846356677,0.001996477172044398,0.0016610133179935736,0.0025143341486907767,0.001261859931859173,0.00037167552545281285,0.0018902225660572492,0.0016036872642847992,0.0032438479859708672,0.0010614803576481072,0.004873032148205489,0.0018568934325438945,0.002808184590141807,0.0011410187264421165,0.0016774104792948489,0.0013902036743602434,0.0020287436136446173,0.002623476897073611,-0.0018360270429742145,0.00562597286232537,0.004791871496326157,0.004934218880279345,0.006124234883178252,0.0025554332519332245,0.004627558864984359,0.0006224733699937406,0.004074774761537348,0.006210107806145791,0.0012452442506815974,0.000350162807026468,0.0018568934325438945,0.016163309176236193,0.00493569517941581,0.005186307871673495,0.004780682118128455,0.0018084629132686621,0.0023252261784042173,0.0018062393672777237,0.00547468629015177,0.005555654073284223,0.006546458435296477,0.006104725991819333,0.004791253116003799,0.006547643124322117,0.0053248609954934635,0.002403969668261893,0.003427219473891463,0.005943930235259553,0.005977143547295898,0.0061305601945202265,0.002808184590141807,0.00493569517941581,0.02075909255737603,0.0062252175827321645,0.005189786234138155,0.005494874821214461,0.004960458360856273,0.0015092108026820293,0.005311551467364157,0.002398943257445133,0.0038412895482901497,0.0031932451567873955,0.0037205714086559457,0.0019179422349472996,0.004965696691643517,0.00019331747030149104,0.002065474765081827,0.0036875779466898056,0.0012227145751823295,-0.0008802735234751196,0.0011410187264421165,0.005186307871673495,0.0062252175827321645,0.02091846778768948,0.003812803732051161,0.005894397371458448,0.002534858321561707,0.0005068977176426188,0.0018896656116086778,0.0068671948354706415,0.004530569744676097,0.0056039863890691545,0.0030297475214343217,0.004258478709136873,0.00511357515944879,0.0019366496732170118,0.002320187279137637,0.006058781867451744,0.0019797580888214032,0.0033678806404098703,0.0016774104792948489,0.004780682118128455,0.005189786234138155,0.003812803732051161,0.013979581924891571,0.004058410886889182,0.0025392775676283653,0.003043038176897502,0.005544300799726093,0.0031223623806936425,0.0027065369581997173,0.003993926962300665,0.0009318085411411874,0.0042938568160553955,0.0043508515559552135,0.00032498307156731174,0.002662497120103335,0.001987195144634966,0.0013610367046945685,0.0022851829205281916,0.0013902036743602434,0.0018084629132686621,0.005494874821214461,0.005894397371458448,0.004058410886889182,0.013030811097645752,0.003919641235327392,0.0029640253780935846,0.004108793262070022,0.0027648309858753313,0.003305183226932497,0.003133104926998964,0.0009224835433021432,0.003781496524636159,0.0026851153566071393,0.0007993845457803284,0.0030245634906848912,0.0013720550669638638,0.0029101527483064763,0.002726540294065092,0.0020287436136446173,0.0023252261784042173,0.004960458360856273,0.002534858321561707,0.0025392775676283653,0.003919641235327392,0.00536802848158454,0.003140519971502509,0.005777975333933283,0.003457010475697953,0.0021458694255698145,0.00303202164851618,0.001521186861134151,0.0016163881279824088,0.0021997027764866913,0.0018124139822533023,0.0027311834889420673,-0.0017494877620095914,0.0005850858304315416,-0.001076684826403258,0.002623476897073611,0.0018062393672777237,0.0015092108026820293,0.0005068977176426188,0.003043038176897502,0.0029640253780935846,0.003140519971502509,0.01613426012691484
0.009609753910377201,0.0014538761221307393,0.0005207127891198157,0.0004770287397241108,0.0021679182939801705,-0.00010986660042831841,-3.77250563442411e-6,0.0009474773801139122,7.186279938157586e-5,0.0029378390512360252,0.0011828688905992717,-0.0009453044301090953,0.0014647547626767334,0.00039620198983737287,0.004817742623869697,0.0014836750133488462,0.0018221078705274538,-0.0013549086662438393,0.0008161725186626375,-3.527511785375332e-5,0.0014538761221307393,0.009373253591628135,-0.0008002955547877827,0.0020282717251200143,0.00040293436985802065,0.0013555735364696076,0.0008104312388915207,0.003762209605755776,0.002034856691300757,0.002623460777804144,0.00016383300551824653,0.0013846912340193507,0.00010163524132048062,0.003618993362894558,-0.0008023448654589298,0.004816388143600763,-0.0011031966296773462,0.003520223610211171,0.0005206754184057132,0.0008429633780544308,0.0005207127891198157,-0.0008002955547877827,0.006115344837749363,-0.00046143587545034454,0.0017503872165534511,-5.52623775040865e-5,-0.00029844932117559773,-0.0007709853960748306,-0.0010162708324481977,0.0008970260237093702,0.0009623885819427875,-0.0005955395445035547,-0.0008449730139402875,-0.0003896791362427896,0.0027343865169609394,-0.0009411505052547967,-0.0009451489946251087,-6.79882524872793e-5,0.000141394334110332,0.00028220893449819133,0.0004770287397241108,0.0020282717251200143,-0.00046143587545034454,0.006453303015041894,0.000672780573047288,6.986136190337578e-5,0.0013259452846180217,0.0007350960865230559,0.0010953816977267844,0.0013932782115849006,-0.0002654651430587582,3.419108219987687e-5,0.00044035561929608584,0.0013498714091286228,-0.0010816301596554302,0.0025073726338110634,0.0006018381271108606,0.0005783338439014783,0.00036341405997599493,0.00016107328053742063,0.0021679182939801705,0.00040293436985802065,0.0017503872165534511,0.000672780573047288,0.012682234525770116,0.0006857204271706464,-0.0015705522729796383,0.001639353199847509,0.00018515777373954035,0.004166522522628105,0.00419984704408063,-0.0010333966773254546,0.0015960956071464651,0.0008944479975849602,0.005953966396456719,0.0013625787744088271,0.0023659853094572924,0.003663155743817867,0.0026144837517433975,0.0023416488066227473,-0.00010986660042831841,0.0013555735364696076,-5.52623775040865e-5,6.986136190337578e-5,0.0006857204271706464,0.00366108754060323,-0.001015929127329689,0.001289162384788375,0.001035748802550637,0.0006689923780211743,-0.0002635778766169968,0.0006618298826370703,-6.564683340893116e-5,0.0011995227350473192,-0.0003015967762156986,0.0028532107453667203,-1.3002044968128419e-5,0.0008504929963663496,0.00043307980803135987,0.0009443042034232731,-3.77250563442411e-6,0.0008104312388915207,-0.00029844932117559773,0.0013259452846180217,-0.0015705522729796383,-0.001015929127329689,0.00985490840791863,0.0003464521939943512,-0.0008192872278960338,-0.0004699658101326599,0.00039416997315550343,-0.00048670668467803464,-0.00011929395953058855,0.0016693350607078572,-0.0024454891644774598,-0.0020076837410742485,-0.001392939787709602,0.0012446579305224084,-0.0012122821345468813,3.509073599779315e-5,0.0009474773801139122,0.003762209605755776,-0.0007709853960748306,0.0007350960865230559,0.001639353199847509,0.001289162384788375,0.0003464521939943512,0.007150866520990362,0.0015004300607998013,0.003553862076202013,0.0002859501868313088,-5.006720196600119e-5,0.0006454889526320723,0.0032852510439133143,0.0031571842377780706,0.006234942252770799,0.0006939447723680755,0.00549069850969456,0.0003682886612124206,0.0021563680680950453,7.186279938157586e-5,0.002034856691300757,-0.0010162708324481977,0.0010953816977267844,0.00018515777373954035,0.001035748802550637,-0.0008192872278960338,0.0015004300607998013,0.0042680347509098295,0.0012907488259059812,-0.0008323388864346763,0.0014105955046962958,0.0010466222701979427,0.0008034575862638301,-0.0007571751179874173,0.002345029221297022,-0.0001865491807471058,0.0009048137163045508,-1.0861864937858833e-5,-0.00064915535738922,0.0029378390512360252,0.002623460777804144,0.0008970260237093702,0.0013932782115849006,0.004166522522628105,0.0006689923780211743,-0.0004699658101326599,0.003553862076202013,0.0012907488259059812,0.016643883437389994,0.0006501749468880822,-0.0004360360936235266,0.0019474841802673793,-4.2920429040868915e-6,0.008238874165182784,0.005470988152297615,0.002019282714354043,0.004694198555887091,0.0007408780547573862,0.0018084469065116008,0.0011828688905992717,0.00016383300551824653,0.0009623885819427875,-0.0002654651430587582,0.00419984704408063,-0.0002635778766169968,0.00039416997315550343,0.0002859501868313088,-0.0008323388864346763,0.0006501749468880822,0.01414538103970607,-0.0004612725928483268,0.00080718757761291,0.0006048862883154731,0.0018632537458074078,-0.0014726778835786342,0.0016881162467252055,0.00198239474472781,0.0014153004601689418,0.0014289749432340472,-0.0009453044301090953,0.0013846912340193507,-0.0005955395445035547,3.419108219987687e-5,-0.0010333966773254546,0.0006618298826370703,-0.00048670668467803464,-5.006720196600119e-5,0.0014105955046962958,-0.0004360360936235266,-0.0004612725928483268,0.006267643577644542,0.0006986310297055192,0.0022769710203752007,-0.0018042339757108543,0.004839878899377917,-0.0011004839998233445,0.0012232388362052708,-0.0008526691900598714,-0.000881166667693958,0.0014647547626767334,0.00010163524132048062,-0.0008449730139402875,0.00044035561929608584,0.0015960956071464651,-6.564683340893116e-5,-0.00011929395953058855,0.0006454889526320723,0.0010466222701979427,0.0019474841802673793,0.00080718757761291,0.0006986310297055192,0.004156605140892323,-4.701763191339108e-5,0.0024801667322790874,0.0016907880197895935,0.0010621608604500115,0.0008064808247664334,0.0005267924797244031,-0.0005304663621854813,0.00039620198983737287,0.003618993362894558,-0.0003896791362427896,0.0013498714091286228,0.0008944479975849602,0.0011995227350473192,0.0016693350607078572,0.0032852510439133143,0.0008034575862638301,-4.2920429040868915e-6,0.0006048862883154731,0.0022769710203752007,-4.701763191339108e-5,0.010474932938568823,-0.00015486634297638994,0.006427448650900969,0.00011596018583887426,0.0035489393289688705,0.0006166148725494415,0.0021977687576356726,0.004817742623869697,-0.0008023448654589298,0.0027343865169609394,-0.0010816301596554302,0.005953966396456719,-0.0003015967762156986,-0.0024454891644774598,0.0031571842377780706,-0.0007571751179874173,0.008238874165182784,0.0018632537458074078,-0.0018042339757108543,0.0024801667322790874,-0.00015486634297638994,0.023088632986668002,0.0029117595138088252,0.003287695826177206,0.00492103226709392,0.0018834338159902,0.001542530191344428,0.0014836750133488462,0.004816388143600763,-0.0009411505052547967,0.0025073726338110634,0.0013625787744088271,0.0028532107453667203,-0.0020076837410742485,0.006234942252770799,0.002345029221297022,0.005470988152297615,-0.0014726778835786342,0.004839878899377917,0.0016907880197895935,0.006427448650900969,0.0029117595138088252,0.026324547193921306,0.0017509899246530543,0.005424119226369503,0.0005757115504368125,0.0016391322808629923,0.0018221078705274538,-0.0011031966296773462,-0.0009451489946251087,0.0006018381271108606,0.0023659853094572924,-1.3002044968128419e-5,-0.001392939787709602,0.0006939447723680755,-0.0001865491807471058,0.002019282714354043,0.0016881162467252055,-0.0011004839998233445,0.0010621608604500115,0.00011596018583887426,0.003287695826177206,0.0017509899246530543,0.008645540956018511,0.00013997340481779457,0.0015805836245353683,8.892896012783108e-5,-0.0013549086662438393,0.003520223610211171,-6.79882524872793e-5,0.0005783338439014783,0.003663155743817867,0.0008504929963663496,0.0012446579305224084,0.00549069850969456,0.0009048137163045508,0.004694198555887091,0.00198239474472781,0.0012232388362052708,0.0008064808247664334,0.0035489393289688705,0.00492103226709392,0.005424119226369503,0.00013997340481779457,0.016408860930197458,0.00029484137969347117,0.0014874069787333111,0.0008161725186626375,0.0005206754184057132,0.000141394334110332,0.00036341405997599493,0.0026144837517433975,0.00043307980803135987,-0.0012122821345468813,0.0003682886612124206,-1.0861864937858833e-5,0.0007408780547573862,0.0014153004601689418,-0.0008526691900598714,0.0005267924797244031,0.0006166148725494415,0.0018834338159902,0.0005757115504368125,0.0015805836245353683,0.00029484137969347117,0.002606452541803285,0.0009755984535744058,-3.527511785375332e-5,0.0008429633780544308,0.00028220893449819133,0.00016107328053742063,0.0023416488066227473,0.0009443042034232731,3.509073599779315e-5,0.0021563680680950453,-0.00064915535738922,0.0018084469065116008,0.0014289749432340472,-0.000881166667693958,-0.0005304663621854813,0.0021977687576356726,0.001542530191344428,0.0016391322808629923,8.892896012783108e-5,0.0014874069787333111,0.0009755984535744058,0.012020775468348913
