0.06214089617747528,0.002317300306061895,0.0077640385506481824,0.0070978229618437,-0.003954869174133905,0.009336047487032439,0.007308888703338318,0.002021583745204335,0.00791488238813972,0.0108450902497641,0.01618779718968706,0.007896207792782958,0.00886280106959679,0.004236747684759642,0.006612480029778646,0.002878798050060634,0.004945365176748064,0.011002774652060288,0.008428658949439973,0.009693934794196796,0.002317300306061895,0.0021008891331726503,0.0019995366855149865,0.0007878755822378569,-0.0005992752592345658,0.003601165957365737,0.001708752829947821,0.0006939743457681758,0.0038449420371185275,0.0012880133805227823,0.0004613061032488242,0.003100445161264902,0.0015929387112732093,0.001710060118494879,0.0036298758643934733,0.0006766798088429398,0.004277529711285148,0.0020451768585116633,0.0014187388301283473,0.0016896173404212466,0.0077640385506481824,0.0019995366855149865,0.022578538222662273,0.0021422663349366915,0.00301437293191977,0.006357025461380979,0.002985081326439378,0.002267178024799707,0.009058981337932428,0.002029051037289071,0.007238890642632305,0.004613509923493896,0.002778804382569295,0.008796592262593259,0.0028042632828865453,0.00028555813526935224,0.0036574443744013625,0.00761265335784434,0.005190750141046609,0.008527050439451265,0.0070978229618437,0.0007878755822378569,0.0021422663349366915,0.010421222666979972,0.003139440740447848,0.007877944062125304,0.0012942758177708143,0.0005838177137767834,0.0026261655872831446,0.001463415012849143,-0.0010041232624504815,0.0038624357286403217,0.00242043251135318,0.004531858772771708,0.008080141414001159,0.0003774452675822491,0.002532656977143127,0.005187248649365236,0.0014869433388920838,0.0012245326742576798,-0.003954869174133905,-0.0005992752592345658,0.00301437293191977,0.003139440740447848,0.028353774120049198,0.0012028727285074339,0.0003924421804216863,-0.0005164393961292041,0.002531692951176623,-4.851056378165112e-5,0.001642074664550931,0.0029385361416970263,-0.0010504732186510002,0.011714828551146179,0.002570207841797163,-0.0020136802108979787,0.00038292304920759185,-0.0004842192151345955,0.0017489601885156058,0.005322268199616169,0.009336047487032439,0.003601165957365737,0.006357025461380979,0.007877944062125304,0.0012028727285074339,0.031683144602928245,0.005204097765782449,0.0019255573225165311,0.007198283667861431,0.004012805965237172,-0.00020359921113215565,0.01047807139288782,0.00436993412614833,0.009945817219021456,0.014179548682840184,0.0024216173085164217,0.00939324200985211,0.011049124694078125,0.002880952107606643,0.0059378111153714766,0.007308888703338318,0.001708752829947821,0.002985081326439378,0.0012942758177708143,0.0003924421804216863,0.005204097765782449,0.005551874568304132,0.0007851941309177849,0.004794911407394353,0.002109608856409549,0.0015351672538146078,0.004670083706837727,0.002504107921881231,0.003615942604654424,0.00456641783898584,0.0006158702895852318,0.0052069110650999565,0.002643754204520922,0.0028427953619599372,0.004726246351825201,0.002021583745204335,0.0006939743457681758,0.002267178024799707,0.0005838177137767834,-0.0005164393961292041,0.0019255573225165311,0.0007851941309177849,0.0017096896573794223,0.003146417376818649,0.0006549634157605447,0.001661737221662968,0.0015170254518868567,0.0005352481358379536,0.0015582924858195946,0.0020701083420279773,0.0004034279687269548,0.0021730987822371466,0.0016929013033805975,0.001103210251854059,0.002856355014425345,0.00791488238813972,0.0038449420371185275,0.009058981337932428,0.0026261655872831446,0.002531692951176623,0.007198283667861431,0.004794911407394353,0.003146417376818649,0.030075352073200105,0.002472649464512729,0.004210432791373402,0.011176255534674717,0.0038316845767169382,0.010099302081730707,0.007385744369995577,0.0012647913109456329,0.012238776843069068,0.008783352109933563,0.0039077680188575265,0.011497559736996977,0.0108450902497641,0.0012880133805227823,0.002029051037289071,0.001463415012849143,-4.851056378165112e-5,0.004012805965237172,0.002109608856409549,0.0006549634157605447,0.002472649464512729,0.005855197665916533,0.0025813606470898266,0.0032148327896111546,0.002280981177453974,0.002877993752197413,0.003967232215144182,0.0007887961934633882,0.005003312400832533,0.002525905187247836,0.0027414843481036047,0.0037904902938854824,0.01618779718968706,0.0004613061032488242,0.007238890642632305,-0.0010041232624504815,0.001642074664550931,-0.00020359921113215565,0.0015351672538146078,0.001661737221662968,0.004210432791373402,0.0025813606470898266,0.03865723567179438,-0.0009648051081215304,0.0009643637147465423,-0.001335927215213445,-0.0057098117926919064,0.0018108927221874187,-0.0063065007552229,0.003938479599141477,0.00284462946775831,-0.001305374545407086,0.007896207792782958,0.003100445161264902,0.004613509923493896,0.0038624357286403217,0.0029385361416970263,0.01047807139288782,0.004670083706837727,0.0015170254518868567,0.011176255534674717,0.0032148327896111546,-0.0009648051081215304,0.017891360909994214,0.006014792987055486,0.005887185356867827,0.008633845871831983,0.002056556717586599,0.011551495465762078,0.010388139222389044,0.0022921149887195646,0.008166391003416072,0.00886280106959679,0.0015929387112732093,0.002778804382569295,0.00242043251135318,-0.0010504732186510002,0.00436993412614833,0.002504107921881231,0.0005352481358379536,0.0038316845767169382,0.002280981177453974,0.0009643637147465423,0.006014792987055486,0.006485975019345013,0.0011206059188420892,0.004339589617349219,0.0010751221298613408,0.00469997223117684,0.00625215229733799,0.0018076957515688176,0.0020215010874755756,0.004236747684759642,0.001710060118494879,0.008796592262593259,0.004531858772771708,0.011714828551146179,0.009945817219021456,0.003615942604654424,0.0015582924858195946,0.010099302081730707,0.002877993752197413,-0.001335927215213445,0.005887185356867827,0.0011206059188420892,0.041488251166906034,0.012914129505328283,-0.0031084941885308687,0.004656093649082164,0.002212418620201916,0.004986073912970045,0.012846223334196445,0.006612480029778646,0.0036298758643934733,0.0028042632828865453,0.008080141414001159,0.002570207841797163,0.014179548682840184,0.00456641783898584,0.0020701083420279773,0.007385744369995577,0.003967232215144182,-0.0057098117926919064,0.008633845871831983,0.004339589617349219,0.012914129505328283,0.03071957822556489,0.0007677907029940254,0.013614800038696962,0.005867418684778065,0.002724415903096352,0.007246158399801649,0.002878798050060634,0.0006766798088429398,0.00028555813526935224,0.0003774452675822491,-0.0020136802108979787,0.0024216173085164217,0.0006158702895852318,0.0004034279687269548,0.0012647913109456329,0.0007887961934633882,0.0018108927221874187,0.002056556717586599,0.0010751221298613408,-0.0031084941885308687,0.0007677907029940254,0.002381635981072384,0.0017009026275314968,0.0021384649280262458,0.0004299286975288809,0.00018357505873620714,0.004945365176748064,0.004277529711285148,0.0036574443744013625,0.002532656977143127,0.00038292304920759185,0.00939324200985211,0.0052069110650999565,0.0021730987822371466,0.012238776843069068,0.005003312400832533,-0.0063065007552229,0.011551495465762078,0.00469997223117684,0.004656093649082164,0.013614800038696962,0.0017009026275314968,0.027054102268839565,0.005549945994690618,0.0021321794359789783,0.008124012925834066,0.011002774652060288,0.0020451768585116633,0.00761265335784434,0.005187248649365236,-0.0004842192151345955,0.011049124694078125,0.002643754204520922,0.0016929013033805975,0.008783352109933563,0.002525905187247836,0.003938479599141477,0.010388139222389044,0.00625215229733799,0.002212418620201916,0.005867418684778065,0.0021384649280262458,0.005549945994690618,0.025729825995655785,0.0023164635315021448,0.009926265132130319,0.008428658949439973,0.0014187388301283473,0.005190750141046609,0.0014869433388920838,0.0017489601885156058,0.002880952107606643,0.0028427953619599372,0.001103210251854059,0.0039077680188575265,0.0027414843481036047,0.00284462946775831,0.0022921149887195646,0.0018076957515688176,0.004986073912970045,0.002724415903096352,0.0004299286975288809,0.0021321794359789783,0.0023164635315021448,0.007751205903911623,0.005582048480346482,0.009693934794196796,0.0016896173404212466,0.008527050439451265,0.0012245326742576798,0.005322268199616169,0.0059378111153714766,0.004726246351825201,0.002856355014425345,0.011497559736996977,0.0037904902938854824,-0.001305374545407086,0.008166391003416072,0.0020215010874755756,0.012846223334196445,0.007246158399801649,0.00018357505873620714,0.008124012925834066,0.009926265132130319,0.005582048480346482,0.04102481891695001
0.06323805696856677,-2.9976885236157217e-5,0.01539283876191818,0.005464969682589173,0.0165765240828531,-0.004055302653504421,-9.038884755361806e-5,-0.002442768958612989,0.008017896002714842,0.0002754837290862616,0.013533330219266214,-0.009652176594206701,0.0035981695128450737,0.002157492880164511,0.01572255309753233,0.0025951214569776837,0.00597700514670773,0.006321943055361003,0.003681552897678216,0.008427097555997236,-2.9976885236157217e-5,0.0021516080173459326,-0.0007155488059436289,0.0006747498886256971,-0.0009316435440668589,0.0003861170920433349,0.0007158335680072329,-4.3115779691421815e-5,-0.00031311774225077204,0.0002677331649957055,-0.0004052319707561724,0.0011902188183117214,-0.0002564888813386539,0.000393076777672838,1.2992504239908048e-5,0.0006723853505634962,-0.002773430284387689,-0.0012340362018556242,0.0007190038430354342,-0.0012321954440017726,0.01539283876191818,-0.0007155488059436289,0.021916321611757435,0.002349893214077678,0.010835288430419455,0.0009866566673088018,0.0007642115474574102,-0.0010704225443136303,0.005872256516539374,0.0014517466209722277,0.010995776650340672,-0.0022616463104037383,0.00047929120756071435,0.004488085420345739,0.0048082137958398215,0.0012264623942026644,0.002991520612012811,0.0014947793730020593,0.002152451345991208,0.0012246785664726933,0.005464969682589173,0.0006747498886256971,0.002349893214077678,0.008955913169184933,0.004635611760069337,-0.002267284208511384,0.0009193678594884845,-0.001622620321759372,0.004074880192853814,0.0014125264806202943,0.005158657767918809,-0.004188582601139882,0.0004228362812490074,0.0004886733105791974,0.0028564149233367376,0.0020516981732850966,0.003452743685361353,0.0029058347872104907,0.0023678399606204973,-0.0002551457105723382,0.0165765240828531,-0.0009316435440668589,0.010835288430419455,0.004635611760069337,0.038642167524900184,0.005100745849661643,0.0025771281749767424,-0.0023218312802146205,0.010460833744928337,0.003809461797627299,0.013957248109016301,-0.005845689920112286,0.004200313577467115,0.005742546241044011,0.007346354858910189,0.003609099338171275,0.009569369135103714,0.003156640815677393,0.005043256664612273,0.006902137176304418,-0.004055302653504421,0.0003861170920433349,0.0009866566673088018,-0.002267284208511384,0.005100745849661643,0.028028981911149078,0.0033312099881500404,0.0012407639544296288,0.011180548639499922,8.641233177262349e-5,0.003297719458488998,0.0035053642347587033,0.0008219489432636641,-0.0004638065156926524,-0.007215049775812509,-0.0009116511054182135,0.004078750367116249,0.002751756555365935,0.003192020076133908,-0.0002067530790641381,-9.038884755361806e-5,0.0007158335680072329,0.0007642115474574102,0.0009193678594884845,0.0025771281749767424,0.0033312099881500404,0.003955782160993553,-0.00041282422551832743,0.0040705170415247655,0.0013702642127394516,0.0022123165459936285,0.00026051314228888936,-0.00010320030129397768,-2.627113911930724e-5,-0.0010610783845231052,0.0011445829962552592,-0.0005040658775205594,0.0007734288468897981,0.001896108381592139,-0.0014802635446654836,-0.002442768958612989,-4.3115779691421815e-5,-0.0010704225443136303,-0.001622620321759372,-0.0023218312802146205,0.0012407639544296288,-0.00041282422551832743,0.0019951312898528377,-0.0022609853941339495,-0.0009235346304709222,-0.0017647468669636662,0.0021049858356280977,1.4227387871370558e-5,-0.00011128047715559678,-0.0015255650436452471,-0.0010623624918039644,-0.0010113766791472534,-0.0002642805146982603,-0.0014065435628509658,0.0001583703476978563,0.008017896002714842,-0.00031311774225077204,0.005872256516539374,0.004074880192853814,0.010460833744928337,0.011180548639499922,0.0040705170415247655,-0.0022609853941339495,0.026223874917748892,0.00285412616790782,0.0067535435685335925,-0.003310607179676625,1.452621850698253e-5,-0.0012784468195528968,-0.002746800490107575,0.0012992824424899313,0.0047821966431263446,0.0030646858611563244,0.006073464437993716,-0.00042571233718597377,0.0002754837290862616,0.0002677331649957055,0.0014517466209722277,0.0014125264806202943,0.003809461797627299,8.641233177262349e-5,0.0013702642127394516,-0.0009235346304709222,0.00285412616790782,0.004633857818480213,0.0029547899850445097,-0.0009240347622462306,0.00032687686106694207,0.0018134399917781553,0.0007472324833489694,0.002225902691101919,-6.620637512945416e-5,9.726858973171427e-5,0.0017798720704153576,-0.0028319261472747903,0.013533330219266214,-0.0004052319707561724,0.010995776650340672,0.005158657767918809,0.013957248109016301,0.003297719458488998,0.0022123165459936285,-0.0017647468669636662,0.0067535435685335925,0.0029547899850445097,0.0449759267880816,0.00038588924867834825,0.003272329653527058,0.0031012682112816245,0.011396297544393577,0.003452756167405563,0.010817949115640489,0.010811901359613725,0.005271443077407583,0.01106054551419303,-0.009652176594206701,0.0011902188183117214,-0.0022616463104037383,-0.004188582601139882,-0.005845689920112286,0.0035053642347587033,0.00026051314228888936,0.0021049858356280977,-0.003310607179676625,-0.0009240347622462306,0.00038588924867834825,0.016344171277911775,-0.0001309668510043415,0.003785616541175458,-0.0008177321068634127,-0.0011963291909193327,-0.003732644874456995,-0.0009340989177379906,-0.002599840995138333,-0.0016422788669101587,0.0035981695128450737,-0.0002564888813386539,0.00047929120756071435,0.0004228362812490074,0.004200313577467115,0.0008219489432636641,-0.00010320030129397768,1.4227387871370558e-5,1.452621850698253e-5,0.00032687686106694207,0.003272329653527058,-0.0001309668510043415,0.003533172298545048,0.0016376087914981908,0.0037549650783432072,0.0003264428276975573,0.002434722677892293,0.0012931683917232336,0.0006898519329244798,0.0028494291530729255,0.002157492880164511,0.000393076777672838,0.004488085420345739,0.0004886733105791974,0.005742546241044011,-0.0004638065156926524,-2.627113911930724e-5,-0.00011128047715559678,-0.0012784468195528968,0.0018134399917781553,0.0031012682112816245,0.003785616541175458,0.0016376087914981908,0.03565047867839492,-0.0017796289625156539,0.003240598475268229,0.0005508843556790556,-0.006125016073159302,-0.0009361995025687414,-0.002893405310704124,0.01572255309753233,1.2992504239908048e-5,0.0048082137958398215,0.0028564149233367376,0.007346354858910189,-0.007215049775812509,-0.0010610783845231052,-0.0015255650436452471,-0.002746800490107575,0.0007472324833489694,0.011396297544393577,-0.0008177321068634127,0.0037549650783432072,-0.0017796289625156539,0.028683273371383298,0.0019577570640647197,0.007951952494534297,0.009024146090012947,-0.00015483555656447276,0.006496428420357305,0.0025951214569776837,0.0006723853505634962,0.0012264623942026644,0.0020516981732850966,0.003609099338171275,-0.0009116511054182135,0.0011445829962552592,-0.0010623624918039644,0.0012992824424899313,0.002225902691101919,0.003452756167405563,-0.0011963291909193327,0.0003264428276975573,0.003240598475268229,0.0019577570640647197,0.0031292285329828405,0.0004712218215104409,0.00011757961791251232,0.0014785814546934908,-0.001765063310566701,0.00597700514670773,-0.002773430284387689,0.002991520612012811,0.003452743685361353,0.009569369135103714,0.004078750367116249,-0.0005040658775205594,-0.0010113766791472534,0.0047821966431263446,-6.620637512945416e-5,0.010817949115640489,-0.003732644874456995,0.002434722677892293,0.0005508843556790556,0.007951952494534297,0.0004712218215104409,0.02791372956120925,0.019176346900180823,0.0024744139085604517,0.005997550138226388,0.006321943055361003,-0.0012340362018556242,0.0014947793730020593,0.0029058347872104907,0.003156640815677393,0.002751756555365935,0.0007734288468897981,-0.0002642805146982603,0.0030646858611563244,9.726858973171427e-5,0.010811901359613725,-0.0009340989177379906,0.0012931683917232336,-0.006125016073159302,0.009024146090012947,0.00011757961791251232,0.019176346900180823,0.032195957573336355,0.002990220905543805,0.0008120557618223755,0.003681552897678216,0.0007190038430354342,0.002152451345991208,0.0023678399606204973,0.005043256664612273,0.003192020076133908,0.001896108381592139,-0.0014065435628509658,0.006073464437993716,0.0017798720704153576,0.005271443077407583,-0.002599840995138333,0.0006898519329244798,-0.0009361995025687414,-0.00015483555656447276,0.0014785814546934908,0.0024744139085604517,0.002990220905543805,0.007596263123067358,0.0010160772509130505,0.008427097555997236,-0.0012321954440017726,0.0012246785664726933,-0.0002551457105723382,0.006902137176304418,-0.0002067530790641381,-0.0014802635446654836,0.0001583703476978563,-0.00042571233718597377,-0.0028319261472747903,0.01106054551419303,-0.0016422788669101587,0.0028494291530729255,-0.002893405310704124,0.006496428420357305,-0.001765063310566701,0.005997550138226388,0.0008120557618223755,0.0010160772509130505,0.035645212339689085
