0.01644304266786399,0.0008355961450240857,-2.706202330690177e-5,0.0003482955679918892,0.00025131456916750196,0.00039131792569726805,0.00023149127577876626,0.0007234019857982809,-9.45230249603612e-5,0.0007070694689054012,-0.0005556379836264315,-0.00010368040023538328,-0.00028075738612020067,0.0015536507503961334,0.0007973840182134997,0.0007119879681790615,0.0006508478503935021,0.004654998630827387,0.0013387378109196062,0.00019602279808406285,0.0008355961450240857,0.0197634168668052,-3.847251488107848e-5,0.0015766871473653946,0.0010471291924178054,0.002028354160798951,0.0002894046995993081,0.0004862494076489602,0.0005444821354741655,-6.743630988496072e-6,0.0015053453946901954,0.0009174060650387059,0.0030167144070826477,0.001851744305737113,-0.0006695787515851035,0.00018157713723261773,0.001652148669105926,0.000951845388280549,-3.564401352087901e-5,0.00010970500986183084,-2.706202330690177e-5,-3.847251488107848e-5,0.0020655123028066108,0.0002499891300094318,2.609907507033894e-5,0.0005814391012869484,0.0002709481442070759,0.000672458283698282,-8.743370426845856e-5,7.895792111809679e-5,0.0006886726567718959,0.0008507951357768721,0.001163962897855661,0.0004529155521475637,-0.00011569849471897996,0.0005040658191632698,-4.4783841544958266e-5,0.0008766889880376094,1.4038779362438149e-5,0.0001677536943460192,0.0003482955679918892,0.0015766871473653946,0.0002499891300094318,0.0040077993214023295,0.0004907728753287149,0.001351070561050616,-0.00015254822586199232,0.000443081394778097,0.00016036964088225227,0.0008472512960280981,0.0012451393420749323,0.0005148236102124803,0.0010948669045016631,0.0008982399366830949,0.0002486224386416703,0.0003438944192568656,0.0010306414225296659,0.00042157113414844944,-0.0002354673724801975,0.0005329242988343568,0.00025131456916750196,0.0010471291924178054,2.609907507033894e-5,0.0004907728753287149,0.0017059608582511952,0.0007463321822099053,0.0001154415749615873,0.0006124825589254836,0.00018709219828030806,-0.00018195190003606797,0.0006595642009783149,-0.00015938723183692285,0.00036150752486198846,0.0004912753419054887,0.0003440915304114072,4.062763917647558e-5,0.00047052099589740023,0.0005049145917848794,-5.1934160311992e-5,0.00011479035656959875,0.00039131792569726805,0.002028354160798951,0.0005814391012869484,0.001351070561050616,0.0007463321822099053,0.006605494214543695,0.0007308287752248009,0.0011900625722419582,-0.00010178447689665709,0.00028861910564735994,0.002782726574942755,0.0005813906603577468,0.0005302617875092613,0.0019059659284929175,5.0113179164439645e-5,0.0004481122481524254,0.0013915483852636936,0.001565103483103078,0.00044792770850700543,0.0005674050928728483,0.00023149127577876626,0.0002894046995993081,0.0002709481442070759,-0.00015254822586199232,0.0001154415749615873,0.0007308287752248009,0.006231157777214772,0.001262104562577156,0.0001635761296177355,0.0003836375963293256,0.0020609479824390325,0.0006553260264562051,0.0008740298282494262,0.0005127550650919525,5.211428949997138e-5,0.00017262504653812398,-0.0001294191748383846,-0.0001654537570364681,-3.4012244182147496e-5,0.00015070639080688096,0.0007234019857982809,0.0004862494076489602,0.000672458283698282,0.000443081394778097,0.0006124825589254836,0.0011900625722419582,0.001262104562577156,0.004070052178012607,-8.207794741549077e-5,-3.4105465976462914e-5,0.0020495107109391483,0.0007327807004402047,0.0006367510259299438,0.0007869872154250637,0.0002727240988573103,-3.637036577849836e-5,-0.00022245464339688755,0.0013639456975989615,7.678892679824451e-5,0.0005993047982480496,-9.45230249603612e-5,0.0005444821354741655,-8.743370426845856e-5,0.00016036964088225227,0.00018709219828030806,-0.00010178447689665709,0.0001635761296177355,-8.207794741549077e-5,0.0016159246125745782,-0.00037468420625065243,0.00028356214769576817,-0.00010577683891653671,0.00041723193290030893,-0.00020437423068903803,0.0007204720221956336,-0.0001542786233364926,1.9239564147236653e-5,1.2913772138063343e-5,0.00026514626986851204,8.884996537696512e-5,0.0007070694689054012,-6.743630988496072e-6,7.895792111809679e-5,0.0008472512960280981,-0.00018195190003606797,0.00028861910564735994,0.0003836375963293256,-3.4105465976462914e-5,-0.00037468420625065243,0.007923038931544673,-0.0003330948215323781,0.00045904708536708013,0.0013956163226890677,-1.516642533212363e-6,0.000981717015710736,0.0001458709009691662,0.00017878017700594603,0.001424770062729364,0.00013449661827045592,0.00025538813768099784,-0.0005556379836264315,0.0015053453946901954,0.0006886726567718959,0.0012451393420749323,0.0006595642009783149,0.002782726574942755,0.0020609479824390325,0.0020495107109391483,0.00028356214769576817,-0.0003330948215323781,0.020679222189688897,0.0010234186383047393,0.0035909571785702546,0.002142577927238637,0.0028763417882849036,0.0001468472633632163,-0.0009717733217210941,0.0008950057514247271,0.0005230426881373098,0.0006458952296613843,-0.00010368040023538328,0.0009174060650387059,0.0008507951357768721,0.0005148236102124803,-0.00015938723183692285,0.0005813906603577468,0.0006553260264562051,0.0007327807004402047,-0.00010577683891653671,0.00045904708536708013,0.0010234186383047393,0.004221747961548223,0.0011101250575521419,0.0007770778165819554,-0.0005406784218774485,0.0003870289938600637,0.0004160301772821244,0.0015918887444645398,-0.00011939914030843697,0.00021454916474017882,-0.00028075738612020067,0.0030167144070826477,0.001163962897855661,0.0010948669045016631,0.00036150752486198846,0.0005302617875092613,0.0008740298282494262,0.0006367510259299438,0.00041723193290030893,0.0013956163226890677,0.0035909571785702546,0.0011101250575521419,0.019951180809912508,0.0003096421975028405,-0.00033202648629459034,0.000693587002938394,-4.183904131651564e-5,-0.001191328801453577,0.00089705361108741,0.0006085537320293898,0.0015536507503961334,0.001851744305737113,0.0004529155521475637,0.0008982399366830949,0.0004912753419054887,0.0019059659284929175,0.0005127550650919525,0.0007869872154250637,-0.00020437423068903803,-1.516642533212363e-6,0.002142577927238637,0.0007770778165819554,0.0003096421975028405,0.004849918304725086,-0.0007389363836778668,0.000111167635633578,0.0009204044454383606,0.0019431805378444735,6.42581378145815e-5,0.00026769000594547405,0.0007973840182134997,-0.0006695787515851035,-0.00011569849471897996,0.0002486224386416703,0.0003440915304114072,5.0113179164439645e-5,5.211428949997138e-5,0.0002727240988573103,0.0007204720221956336,0.000981717015710736,0.0028763417882849036,-0.0005406784218774485,-0.00033202648629459034,-0.0007389363836778668,0.014302041806358766,-0.00018497064265995242,-0.0009163911930808444,0.0028481807347943435,0.0013578019151377738,0.0007704703722017229,0.0007119879681790615,0.00018157713723261773,0.0005040658191632698,0.0003438944192568656,4.062763917647558e-5,0.0004481122481524254,0.00017262504653812398,-3.637036577849836e-5,-0.0001542786233364926,0.0001458709009691662,0.0001468472633632163,0.0003870289938600637,0.000693587002938394,0.000111167635633578,-0.00018497064265995242,0.0025129946204386668,0.0005083328462748675,0.0011127002430143297,0.0004196436753695625,0.00024815616124942877,0.0006508478503935021,0.001652148669105926,-4.4783841544958266e-5,0.0010306414225296659,0.00047052099589740023,0.0013915483852636936,-0.0001294191748383846,-0.00022245464339688755,1.9239564147236653e-5,0.00017878017700594603,-0.0009717733217210941,0.0004160301772821244,-4.183904131651564e-5,0.0009204044454383606,-0.0009163911930808444,0.0005083328462748675,0.005325621203153256,0.001145104674714905,0.00018184605650770525,7.733312410722287e-5,0.004654998630827387,0.000951845388280549,0.0008766889880376094,0.00042157113414844944,0.0005049145917848794,0.001565103483103078,-0.0001654537570364681,0.0013639456975989615,1.2913772138063343e-5,0.001424770062729364,0.0008950057514247271,0.0015918887444645398,-0.001191328801453577,0.0019431805378444735,0.0028481807347943435,0.0011127002430143297,0.001145104674714905,0.03212198812773968,0.0034837151091699943,0.0004487042184187593,0.0013387378109196062,-3.564401352087901e-5,1.4038779362438149e-5,-0.0002354673724801975,-5.1934160311992e-5,0.00044792770850700543,-3.4012244182147496e-5,7.678892679824451e-5,0.00026514626986851204,0.00013449661827045592,0.0005230426881373098,-0.00011939914030843697,0.00089705361108741,6.42581378145815e-5,0.0013578019151377738,0.0004196436753695625,0.00018184605650770525,0.0034837151091699943,0.00536932862209369,0.0004653861840673674,0.00019602279808406285,0.00010970500986183084,0.0001677536943460192,0.0005329242988343568,0.00011479035656959875,0.0005674050928728483,0.00015070639080688096,0.0005993047982480496,8.884996537696512e-5,0.00025538813768099784,0.0006458952296613843,0.00021454916474017882,0.0006085537320293898,0.00026769000594547405,0.0007704703722017229,0.00024815616124942877,7.733312410722287e-5,0.0004487042184187593,0.0004653861840673674,0.0018751091604254089
