0.0448316596738125,0.002374151166305254,0.0030596546850713753,-0.00410972875294684,-0.006328291490518638,0.012007063017682087,0.001263545064328655,0.0037880425458105367,-0.006054996908226527,-0.0015985591058779907,0.017483029713084644,0.006853064018474476,0.0035389775204330383,0.010740414263102693,-0.00010119416997383279,0.003366675223961105,0.006594820630009422,0.008820730955953066,0.002218794206211419,-0.001117370914918256,0.002374151166305254,0.0013872433672680645,0.00035251559829205074,0.00023863005599161104,-0.0008629539252777067,0.00029615269451949405,0.00022441087203252727,0.0004073831300391715,-0.0013470421594114581,-3.788729690730706e-5,0.0015617109575309937,6.799485671284175e-5,0.00032144137000850203,0.0007969586773452221,0.00032897628787183567,0.00018682640548311455,0.00011976102203787377,0.0002509011863184033,0.001168583387448518,0.000430708844361686,0.0030596546850713753,0.00035251559829205074,0.019987833818054402,0.0009720760397974467,0.0017854720930381672,0.00633182450087042,0.002248311250239263,0.0012791922049931815,-0.001406048006959061,-0.001973931935163378,0.011546070585495019,0.0001663838173265932,0.0018419957142442882,-1.2604155608060542e-5,0.0033438439342594536,0.0004898520071680521,0.0003532240030797519,0.002170096662066575,0.001900136444277626,-0.002852371886925659,-0.00410972875294684,0.00023863005599161104,0.0009720760397974467,0.008067284982562352,-0.00011832092187756595,-0.000565844578493875,8.788872263054841e-5,-0.0014280544168631553,0.005024825706458359,-0.00030451920137761435,-0.0025896756210401824,-0.0023548031554935147,-0.00011027311013650978,-0.0037461909458771725,-0.0013251222457474712,-0.0007098861776335475,-0.0011788296872112195,-0.0019960828327407437,0.00011115462841434033,-0.0012376453528531377,-0.006328291490518638,-0.0008629539252777067,0.0017854720930381672,-0.00011832092187756595,0.031038405583304184,0.0006804813104593172,0.00047683211142719186,-0.0027649608948337595,0.008681512596457566,0.0014069233362790892,-0.0007706503466681637,0.008607823867494629,0.0002520018581622023,0.0028702153898416786,-0.0005213940133593269,-0.0009760198440918289,-0.0006284387912046205,-0.0027322927414686676,-0.004066116854703619,0.0034180585607381433,0.012007063017682087,0.00029615269451949405,0.00633182450087042,-0.000565844578493875,0.0006804813104593172,0.03171851859296581,0.003165601707795075,0.0012582991801874366,0.0026808345251255116,-0.0014525076670887467,0.010569563195489717,0.004382696855631181,0.006160133458758,0.008238843433480685,0.0013444345148886632,0.0013837075747091566,0.003778690172363289,0.005234469505940891,-0.0013492719499694004,-0.0036733936874398304,0.001263545064328655,0.00022441087203252727,0.002248311250239263,8.788872263054841e-5,0.00047683211142719186,0.003165601707795075,0.003559582829647045,0.0005316589437775979,0.0011555825984634076,-0.0003119650453820972,0.0024147643782744398,8.849141487106043e-5,0.0014378611847186175,0.000670805570653748,-5.089204387115826e-5,3.9887920187394265e-5,0.0008621459610197535,0.002254248539314272,0.0011735779792111187,-0.000819748972149735,0.0037880425458105367,0.0004073831300391715,0.0012791922049931815,-0.0014280544168631553,-0.0027649608948337595,0.0012582991801874366,0.0005316589437775979,0.002781451397558579,-0.0036802379442214613,-0.00015147149321211847,0.003967204873297875,0.0003546974254300338,-0.00013635516245029554,0.0006564341249928897,0.0011355208995011772,0.0006261356994124534,0.0005456213865372246,0.002956587690398826,0.0010348995533425234,0.0018195172786630918,-0.006054996908226527,-0.0013470421594114581,-0.001406048006959061,0.005024825706458359,0.008681512596457566,0.0026808345251255116,0.0011555825984634076,-0.0036802379442214613,0.02489860321551093,-0.0003261304096499004,-0.006360476674724041,0.0029054130792965567,0.0020821238571663184,-0.002031139260230732,-0.0023084978010227113,-0.0028391010157370975,-0.0036491326221940817,-0.004361388893216994,-0.0028845671994711785,-0.0006187063338162557,-0.0015985591058779907,-3.788729690730706e-5,-0.001973931935163378,-0.00030451920137761435,0.0014069233362790892,-0.0014525076670887467,-0.0003119650453820972,-0.00015147149321211847,-0.0003261304096499004,0.004748649115623903,-0.0028177481213507855,0.0011400097001512568,-0.0015103289501120238,-0.0004188800912871799,0.002574091292146645,2.866929536429327e-5,0.0010231457349828463,-0.001546356647638917,-0.0005366736047908087,0.0032944164092178854,0.017483029713084644,0.0015617109575309937,0.011546070585495019,-0.0025896756210401824,-0.0007706503466681637,0.010569563195489717,0.0024147643782744398,0.003967204873297875,-0.006360476674724041,-0.0028177481213507855,0.041245497755299294,0.005118148594962163,0.0031003658441862538,0.004890035372399527,0.00024594077960554347,0.0021381144808793845,0.002569679266547664,0.0083432483681944,0.001323301935175705,0.003757438249459094,0.006853064018474476,6.799485671284175e-5,0.0001663838173265932,-0.0023548031554935147,0.008607823867494629,0.004382696855631181,8.849141487106043e-5,0.0003546974254300338,0.0029054130792965567,0.0011400097001512568,0.005118148594962163,0.01782165896736355,0.0010514789549939355,0.0008938242694645257,0.0012188839093403027,-7.588338028623605e-5,0.000684308564058364,0.002770129447852556,-0.003802931803839821,0.005116724653335658,0.0035389775204330383,0.00032144137000850203,0.0018419957142442882,-0.00011027311013650978,0.0002520018581622023,0.006160133458758,0.0014378611847186175,-0.00013635516245029554,0.0020821238571663184,-0.0015103289501120238,0.0031003658441862538,0.0010514789549939355,0.00454693394490717,0.002630167664479018,-0.0006011178068830681,8.459861337984745e-5,0.0003479457913298519,0.0022271834375403093,0.0006654669372704114,-0.0018416704008955358,0.010740414263102693,0.0007969586773452221,-1.2604155608060542e-5,-0.0037461909458771725,0.0028702153898416786,0.008238843433480685,0.000670805570653748,0.0006564341249928897,-0.002031139260230732,-0.0004188800912871799,0.004890035372399527,0.0008938242694645257,0.002630167664479018,0.022721233626767073,-0.0024553707826362476,0.0018564973559803376,0.0016737824760998635,-2.590927832727718e-5,0.0006995153504781993,-0.0019916437669896085,-0.00010119416997383279,0.00032897628787183567,0.0033438439342594536,-0.0013251222457474712,-0.0005213940133593269,0.0013444345148886632,-5.089204387115826e-5,0.0011355208995011772,-0.0023084978010227113,0.002574091292146645,0.00024594077960554347,0.0012188839093403027,-0.0006011178068830681,-0.0024553707826362476,0.01837066351995408,0.0003061299507294152,0.003708446720254623,0.003347843937143306,0.0014551459395912313,0.005620415546668506,0.003366675223961105,0.00018682640548311455,0.0004898520071680521,-0.0007098861776335475,-0.0009760198440918289,0.0013837075747091566,3.9887920187394265e-5,0.0006261356994124534,-0.0028391010157370975,2.866929536429327e-5,0.0021381144808793845,-7.588338028623605e-5,8.459861337984745e-5,0.0018564973559803376,0.0003061299507294152,0.0018875336339109533,0.002001915617851025,0.0009090994462287495,0.000991195414219772,-0.0008399292768071926,0.006594820630009422,0.00011976102203787377,0.0003532240030797519,-0.0011788296872112195,-0.0006284387912046205,0.003778690172363289,0.0008621459610197535,0.0005456213865372246,-0.0036491326221940817,0.0010231457349828463,0.002569679266547664,0.000684308564058364,0.0003479457913298519,0.0016737824760998635,0.003708446720254623,0.002001915617851025,0.015594971399859091,0.004855077483614149,0.0006083230182530501,0.0014128240861213514,0.008820730955953066,0.0002509011863184033,0.002170096662066575,-0.0019960828327407437,-0.0027322927414686676,0.005234469505940891,0.002254248539314272,0.002956587690398826,-0.004361388893216994,-0.001546356647638917,0.0083432483681944,0.002770129447852556,0.0022271834375403093,-2.590927832727718e-5,0.003347843937143306,0.0009090994462287495,0.004855077483614149,0.01938861608600414,0.0018115966324737636,0.0036909422774044076,0.002218794206211419,0.001168583387448518,0.001900136444277626,0.00011115462841434033,-0.004066116854703619,-0.0013492719499694004,0.0011735779792111187,0.0010348995533425234,-0.0028845671994711785,-0.0005366736047908087,0.001323301935175705,-0.003802931803839821,0.0006654669372704114,0.0006995153504781993,0.0014551459395912313,0.000991195414219772,0.0006083230182530501,0.0018115966324737636,0.00822033377510633,-0.0022510577921466797,-0.001117370914918256,0.000430708844361686,-0.002852371886925659,-0.0012376453528531377,0.0034180585607381433,-0.0036733936874398304,-0.000819748972149735,0.0018195172786630918,-0.0006187063338162557,0.0032944164092178854,0.003757438249459094,0.005116724653335658,-0.0018416704008955358,-0.0019916437669896085,0.005620415546668506,-0.0008399292768071926,0.0014128240861213514,0.0036909422774044076,-0.0022510577921466797,0.03192459048642147
0.04271325164464369,0.0011280968482331646,0.00883584560630271,0.005469649821630182,-0.0008386716276383667,-0.002027407577918803,0.006767433993094965,0.003035953357224181,-0.0008476799543865722,0.0005394918289125473,0.008474890811181166,-0.0006441447819611821,0.0011703511717927723,0.009578213329609859,0.00012391419228227206,0.003721999802879605,-0.006477483802900115,0.003843875814565349,0.005813007313096724,0.005628262653760792,0.0011280968482331646,0.002816678664476612,0.0015257910374619889,0.00025253039950999816,0.001840178007312024,0.003474993668432632,0.0023036309698735197,0.0006001963526831085,0.0036704761846732253,0.0005091132904712968,0.0057468240420852825,0.0008167945557404017,0.0005157718761977929,0.0043582015520411185,0.0016505946261150574,0.0012927942121726465,0.0011922979503652602,0.0006082461217111151,0.0010366490778182108,0.004046895797948338,0.00883584560630271,0.0015257910374619889,0.019451817255100787,0.0016051327641204637,0.002380427715016181,-0.0024712391478844686,0.0018707250248654107,0.00048378570493963664,0.008257126796664004,0.0017840593830710603,0.008028042444105401,-0.0032595112484273365,0.0003011898375515346,0.007760747783833765,-0.00018234863324312459,0.0017345062141523758,0.0010642819323560461,0.00043286369076619237,0.0032828562606612302,0.0034739891147755053,0.005469649821630182,0.00025253039950999816,0.0016051327641204637,0.007129963790069458,0.0013738562207018259,-4.736587527472835e-5,0.0002544791427177128,0.00016631053589748098,-0.002666338481990459,0.0005580670171108808,-1.2792013828545685e-5,0.001517524930559874,0.0018701431288217114,0.002464361404372361,0.0009650927340463396,0.0013441013095628887,-0.001961200643953341,0.0009356331363256458,0.0022198081465844466,-0.0015515969122502418,-0.0008386716276383667,0.001840178007312024,0.002380427715016181,0.0013738562207018259,0.028301889766657456,0.0003358055876013794,-0.002039905119803828,-0.0004078087321898052,0.010598637290647455,0.002920000427576187,0.0015449834010250098,0.0006578136693969274,0.0029067994352712074,0.0007968100687868111,0.005351199910222598,-4.7838168726256814e-5,0.004592748030861221,0.0032879395725694018,0.000699135122416689,-0.0033632420588960155,-0.002027407577918803,0.003474993668432632,-0.0024712391478844686,-4.736587527472835e-5,0.0003358055876013794,0.028018427627719857,0.0040832960615901515,0.002185026865360879,-0.001998411944877307,0.0008449336120415397,0.002378243532472562,0.005560124211487348,0.0006125244583518964,0.004982164976542219,0.00038671101287107213,0.0024088143118302942,0.001183843413176074,0.005378768315641502,0.0007850451239367359,0.013306421492908893,0.006767433993094965,0.0023036309698735197,0.0018707250248654107,0.0002544791427177128,-0.002039905119803828,0.0040832960615901515,0.00810929273004334,0.0014498136874920747,0.0015100805833464352,-0.0001748833218401303,0.010727317359040782,0.001820236547549356,-0.0008256395322535698,0.01084794976606886,0.0036185330812530444,0.003297257807677129,0.0008104703920082355,-0.0012070098642441578,0.0016923859873341214,0.010046494531292173,0.003035953357224181,0.0006001963526831085,0.00048378570493963664,0.00016631053589748098,-0.0004078087321898052,0.002185026865360879,0.0014498136874920747,0.0017958326618335108,0.000738619927858946,0.0004465950723420509,0.0026022072085356623,0.0012104194173283922,-7.195532994105817e-5,0.0011861361265722496,-0.0001786385663584364,0.00037153552503895967,-0.00013531693047605066,0.002982206610511925,0.0011627155652617935,0.0007920571027571811,-0.0008476799543865722,0.0036704761846732253,0.008257126796664004,-0.002666338481990459,0.010598637290647455,-0.001998411944877307,0.0015100805833464352,0.000738619927858946,0.040939323408032004,0.00262078973325487,0.017487873793715268,-0.0023249476611726288,0.00042741719172594093,0.004427550437965628,0.004976383714389011,-0.0016208634221623521,0.007275991385709382,0.002485830874951862,0.0003991909507327578,-0.0014135804200459234,0.0005394918289125473,0.0005091132904712968,0.0017840593830710603,0.0005580670171108808,0.002920000427576187,0.0008449336120415397,-0.0001748833218401303,0.0004465950723420509,0.00262078973325487,0.003969415037645937,0.004625890607620491,0.0009080194008227633,0.0008121452268858077,0.0018538281780829421,0.0009983504344661734,4.839208163010417e-5,0.002201634085530212,0.003918481774452253,0.0019375821465338464,0.0002815036883067931,0.008474890811181166,0.0057468240420852825,0.008028042444105401,-1.2792013828545685e-5,0.0015449834010250098,0.002378243532472562,0.010727317359040782,0.0026022072085356623,0.017487873793715268,0.004625890607620491,0.053478403483496355,-0.0009099355991814726,-0.0022112754951324623,0.020294999221269743,0.007942895263688072,0.004703903520325205,0.011133096585576832,0.005856092318348679,0.0049103968589239546,0.02328327044474912,-0.0006441447819611821,0.0008167945557404017,-0.0032595112484273365,0.001517524930559874,0.0006578136693969274,0.005560124211487348,0.001820236547549356,0.0012104194173283922,-0.0023249476611726288,0.0009080194008227633,-0.0009099355991814726,0.011552760876062884,0.001307579436236863,-0.0010561085541674,0.004050619682458083,0.0010111661234124356,-0.0023933641155567125,0.002473929381918423,0.0011257187551878623,-0.0020944607280819804,0.0011703511717927723,0.0005157718761977929,0.0003011898375515346,0.0018701431288217114,0.0029067994352712074,0.0006125244583518964,-0.0008256395322535698,-7.195532994105817e-5,0.00042741719172594093,0.0008121452268858077,-0.0022112754951324623,0.001307579436236863,0.003601877191595149,-0.001242580777721825,0.0008405351440823423,3.822868567534906e-5,-0.0003688333827982142,0.0010520323875011332,0.0006598270858955614,-0.0024770270136073268,0.009578213329609859,0.0043582015520411185,0.007760747783833765,0.002464361404372361,0.0007968100687868111,0.004982164976542219,0.01084794976606886,0.0011861361265722496,0.004427550437965628,0.0018538281780829421,0.020294999221269743,-0.0010561085541674,-0.001242580777721825,0.03943017939365829,0.004389084665318826,0.006681080725346442,0.008019059326483852,-0.0027901181384523575,0.005303629157207583,0.019775452286074094,0.00012391419228227206,0.0016505946261150574,-0.00018234863324312459,0.0009650927340463396,0.005351199910222598,0.00038671101287107213,0.0036185330812530444,-0.0001786385663584364,0.004976383714389011,0.0009983504344661734,0.007942895263688072,0.004050619682458083,0.0008405351440823423,0.004389084665318826,0.01797323340624592,0.0020171662229719082,0.0007317885996770154,0.00021028388642537418,0.002465011048449967,0.0037082463738042043,0.003721999802879605,0.0012927942121726465,0.0017345062141523758,0.0013441013095628887,-4.7838168726256814e-5,0.0024088143118302942,0.003297257807677129,0.00037153552503895967,-0.0016208634221623521,4.839208163010417e-5,0.004703903520325205,0.0010111661234124356,3.822868567534906e-5,0.006681080725346442,0.0020171662229719082,0.003015890318510683,3.209101389377412e-5,-0.00030056167395431767,0.001431085294002237,0.006163468475273349,-0.006477483802900115,0.0011922979503652602,0.0010642819323560461,-0.001961200643953341,0.004592748030861221,0.001183843413176074,0.0008104703920082355,-0.00013531693047605066,0.007275991385709382,0.002201634085530212,0.011133096585576832,-0.0023933641155567125,-0.0003688333827982142,0.008019059326483852,0.0007317885996770154,3.209101389377412e-5,0.01656431734474468,0.0023120566524199304,-0.0009443180071204672,0.00951898630854146,0.003843875814565349,0.0006082461217111151,0.00043286369076619237,0.0009356331363256458,0.0032879395725694018,0.005378768315641502,-0.0012070098642441578,0.002982206610511925,0.002485830874951862,0.003918481774452253,0.005856092318348679,0.002473929381918423,0.0010520323875011332,-0.0027901181384523575,0.00021028388642537418,-0.00030056167395431767,0.0023120566524199304,0.025998402310868782,0.003240240245614254,0.0003793103688547841,0.005813007313096724,0.0010366490778182108,0.0032828562606612302,0.0022198081465844466,0.000699135122416689,0.0007850451239367359,0.0016923859873341214,0.0011627155652617935,0.0003991909507327578,0.0019375821465338464,0.0049103968589239546,0.0011257187551878623,0.0006598270858955614,0.005303629157207583,0.002465011048449967,0.001431085294002237,-0.0009443180071204672,0.003240240245614254,0.007490039828723083,0.0011769294849033524,0.005628262653760792,0.004046895797948338,0.0034739891147755053,-0.0015515969122502418,-0.0033632420588960155,0.013306421492908893,0.010046494531292173,0.0007920571027571811,-0.0014135804200459234,0.0002815036883067931,0.02328327044474912,-0.0020944607280819804,-0.0024770270136073268,0.019775452286074094,0.0037082463738042043,0.006163468475273349,0.00951898630854146,0.0003793103688547841,0.0011769294849033524,0.051992899181422664
0.04818234416424361,0.0004889156701523879,0.005808104090734687,0.007575370303024459,0.016021800352023562,0.0010471307936161574,0.003717727987419183,0.003071664106026579,0.0061695908712500955,0.004710912858012031,0.011530916826834405,0.0030838316620004557,0.004792805084477183,-3.196709073739148e-5,0.009767931240475756,0.0029611544903180185,0.006159039967272198,-0.0003383996395680686,0.004851613765180788,0.00909660410089954,0.0004889156701523879,0.00140475636196685,-0.00034446259586402844,0.0005076688971168166,-0.00014088274589576578,0.0007096013787916413,0.0005953446890084022,-0.00017727287580175194,0.0011536094964467983,2.256613200695816e-5,-0.0010620513471765063,0.0006042417182615619,0.0002891871297101464,-0.0013295268419136852,0.0004623198166681899,0.00039854428833700843,0.0016245565576839343,0.0015788494718442306,0.0005259526727965354,0.0010431444080897987,0.005808104090734687,-0.00034446259586402844,0.017153623198412044,0.0020396481579819568,0.004985271387784561,0.0010695099358748192,0.0005926849771226259,0.0018121408756522608,0.0017976148585485763,0.0014196506644573474,0.0049995264307889,0.002886351390860857,0.0020793600727847727,0.005426838493279913,0.0025676194202524827,-6.308619751906329e-5,-0.0003107701024773371,0.0017878616574116637,0.0026972504673013166,0.007420658888998474,0.007575370303024459,0.0005076688971168166,0.0020396481579819568,0.007832227251099626,0.004258637262618065,0.0012138559550138942,0.0018535839541226026,0.0004520907785011218,0.0025667970117915777,0.00023863616921190932,0.0011236802165333418,0.0006925542501981898,0.0007105576608866378,0.0005202621359790365,0.00435645235616774,0.0008300542843782679,0.002836616774880893,0.002941761287383122,0.0011242314060717013,0.004008537721958949,0.016021800352023562,-0.00014088274589576578,0.004985271387784561,0.004258637262618065,0.03588623279032634,0.0007135812722654633,0.004466885318250685,0.0022169057377379943,0.0056702151828989895,0.003088370868636038,0.017829663564816467,0.0016733105513533693,0.0015528121359719533,0.000584308393672166,0.004760182151304989,0.002459070520573394,-0.0002378504219887978,0.002119457000305013,0.005673366256431472,0.008167786934305088,0.0010471307936161574,0.0007096013787916413,0.0010695099358748192,0.0012138559550138942,0.0007135812722654633,0.019484529879063864,0.001861421219564131,-0.0008789511300825374,0.0013759679940438065,0.0016845245989832716,0.0003207257513165387,-0.00039187253655839063,-0.0013483525007370223,0.0019794189497840415,-0.0004160337609404926,-0.00012136464360707307,0.0034602902680399205,0.0028901687790145046,0.0032271687255691207,-0.0003535590500326834,0.003717727987419183,0.0005953446890084022,0.0005926849771226259,0.0018535839541226026,0.004466885318250685,0.001861421219564131,0.003784641824162544,0.00018243719123502643,0.0016640518973882338,0.0004834262132278325,0.0024100526831161927,0.0010755728658170764,0.0004037359467448135,-0.00011913857020408722,0.0013226699845010292,0.0008160500951976872,0.0014151803415141245,0.0015966435422549762,0.0019386263036514058,0.0036153519937780405,0.003071664106026579,-0.00017727287580175194,0.0018121408756522608,0.0004520907785011218,0.0022169057377379943,-0.0008789511300825374,0.00018243719123502643,0.0017578692435227096,0.0018717169822406337,0.0007872831114539409,0.0022074195196690053,0.0017302098939525183,0.0016405749835174724,0.0008259321735897206,0.0015358182981109684,0.0006585331793289874,0.0013208296275404514,-0.0002711902222012368,0.0004650835612563896,0.003918706061919747,0.0061695908712500955,0.0011536094964467983,0.0017976148585485763,0.0025667970117915777,0.0056702151828989895,0.0013759679940438065,0.0016640518973882338,0.0018717169822406337,0.021293200134905765,0.0011661960831452541,0.00839231898988028,0.0045836071856580896,0.003973108518128574,-2.1813195322909057e-5,0.0019786471271725785,0.0033542775424443335,0.005673002846672973,0.004579040969953232,0.0025058054488437433,0.010677353704172207,0.004710912858012031,2.256613200695816e-5,0.0014196506644573474,0.00023863616921190932,0.003088370868636038,0.0016845245989832716,0.0004834262132278325,0.0007872831114539409,0.0011661960831452541,0.003881603428451815,0.003944255946745412,0.00110930636885411,0.0010719548220513443,0.0012182575119366683,0.00044564461832742055,0.0006293939910426176,0.002193193106610319,0.00034482982964483515,0.0012198034055615863,0.0003170302254603951,0.011530916826834405,-0.0010620513471765063,0.0049995264307889,0.0011236802165333418,0.017829663564816467,0.0003207257513165387,0.0024100526831161927,0.0022074195196690053,0.00839231898988028,0.003944255946745412,0.041834629693509894,0.004991915771461177,0.002371136278774437,0.0027917531047603737,0.0015707339235733623,0.0032801966005222187,0.0013992861334883107,0.0015582089087994948,0.0038655170586332473,0.000745888578856109,0.0030838316620004557,0.0006042417182615619,0.002886351390860857,0.0006925542501981898,0.0016733105513533693,-0.00039187253655839063,0.0010755728658170764,0.0017302098939525183,0.0045836071856580896,0.00110930636885411,0.004991915771461177,0.010851601714051532,0.002916757389980081,0.0007842206753752021,0.002809966396767883,0.0013439311145891349,0.004289031347944857,0.000216896197171764,0.0006913767350337011,0.007614610905579153,0.004792805084477183,0.0002891871297101464,0.0020793600727847727,0.0007105576608866378,0.0015528121359719533,-0.0013483525007370223,0.0004037359467448135,0.0016405749835174724,0.003973108518128574,0.0010719548220513443,0.002371136278774437,0.002916757389980081,0.0055756372996601765,0.000760222883163875,0.0025641448558167464,0.0011609843337173592,0.003484913554035719,-0.0004988703163295782,0.00028177305195286305,0.006715874849580441,-3.196709073739148e-5,-0.0013295268419136852,0.005426838493279913,0.0005202621359790365,0.000584308393672166,0.0019794189497840415,-0.00011913857020408722,0.0008259321735897206,-2.1813195322909057e-5,0.0012182575119366683,0.0027917531047603737,0.0007842206753752021,0.000760222883163875,0.030537325191521327,0.004691635550559616,-0.00221367372037056,-0.009471397116077186,-0.0017417892577816165,0.0018325338693383933,0.008093265114173364,0.009767931240475756,0.0004623198166681899,0.0025676194202524827,0.00435645235616774,0.004760182151304989,-0.0004160337609404926,0.0013226699845010292,0.0015358182981109684,0.0019786471271725785,0.00044564461832742055,0.0015707339235733623,0.002809966396767883,0.0025641448558167464,0.004691635550559616,0.01744911251015385,0.0007763005424610029,0.0009206815453502356,0.0016259574491716716,0.001158296161405416,0.008407476062399725,0.0029611544903180185,0.00039854428833700843,-6.308619751906329e-5,0.0008300542843782679,0.002459070520573394,-0.00012136464360707307,0.0008160500951976872,0.0006585331793289874,0.0033542775424443335,0.0006293939910426176,0.0032801966005222187,0.0013439311145891349,0.0011609843337173592,-0.00221367372037056,0.0007763005424610029,0.002264102512251769,0.003065674326701199,0.0014834889475030836,0.0008031471995212278,0.0017061112274503391,0.006159039967272198,0.0016245565576839343,-0.0003107701024773371,0.002836616774880893,-0.0002378504219887978,0.0034602902680399205,0.0014151803415141245,0.0013208296275404514,0.005673002846672973,0.002193193106610319,0.0013992861334883107,0.004289031347944857,0.003484913554035719,-0.009471397116077186,0.0009206815453502356,0.003065674326701199,0.020615280645898876,0.0023969817084103727,0.00030005311885581635,0.0025221669574379255,-0.0003383996395680686,0.0015788494718442306,0.0017878616574116637,0.002941761287383122,0.002119457000305013,0.0028901687790145046,0.0015966435422549762,-0.0002711902222012368,0.004579040969953232,0.00034482982964483515,0.0015582089087994948,0.000216896197171764,-0.0004988703163295782,-0.0017417892577816165,0.0016259574491716716,0.0014834889475030836,0.0023969817084103727,0.01701782009349688,0.0011862109739485935,0.0001374480383965106,0.004851613765180788,0.0005259526727965354,0.0026972504673013166,0.0011242314060717013,0.005673366256431472,0.0032271687255691207,0.0019386263036514058,0.0004650835612563896,0.0025058054488437433,0.0012198034055615863,0.0038655170586332473,0.0006913767350337011,0.00028177305195286305,0.0018325338693383933,0.001158296161405416,0.0008031471995212278,0.00030005311885581635,0.0011862109739485935,0.006871959808574436,0.004083407940606652,0.00909660410089954,0.0010431444080897987,0.007420658888998474,0.004008537721958949,0.008167786934305088,-0.0003535590500326834,0.0036153519937780405,0.003918706061919747,0.010677353704172207,0.0003170302254603951,0.000745888578856109,0.007614610905579153,0.006715874849580441,0.008093265114173364,0.008407476062399725,0.0017061112274503391,0.0025221669574379255,0.0001374480383965106,0.004083407940606652,0.04745883882313493
