0.007615120360115365,0.00021911468158545725,0.0005178067837727591,-0.00459441635615496,-0.0004381155491870102,0.0021765438689501466,0.001123909656046762,0.0007941483629939109,-0.00041752640452595005,-0.0007120828642644358,0.002637010386537953,-0.00041145049115297707,-0.0008632933263306421,0.0011484763686796648,-0.0003806008595232251,-0.00016377811052683855,-0.0008135521859613552,0.0019397525679256738,0.0024339523368820826,0.0007966031777623685,0.00021911468158545725,0.006559458825522499,0.0015079609866706124,-0.0034050981986349115,0.0001095921864407564,0.002000843689669304,0.0022688461575228673,0.00030463926559317684,-0.0010219479763183825,-0.0005049952002522764,0.00027589855042760324,0.0004543985516533523,0.0006460974382950031,0.0015358262005514757,-0.0006999288207020039,0.0004238879714397629,-0.00022072521202321676,0.002319525675045886,-0.0009714516501732895,0.00043447693674963076,0.0005178067837727591,0.0015079609866706124,0.03210888819812036,-0.0060976145585031755,0.0054231453935607386,0.0012654330888238817,-0.00259046759264832,0.0008689033327760862,0.002897454268357302,-0.0015158755894992164,-0.0009376861800256619,-0.004678906044032729,-0.00010501784765028135,0.006059363646880095,-0.00012542899385329032,0.002995226187903503,0.0009861335482127453,0.002861600004901186,-0.0018642538203254189,0.0013271336726404415,-0.00459441635615496,-0.0034050981986349115,-0.0060976145585031755,0.05664764690193533,0.005907891441933968,-0.0055387795271181406,-0.010403103827648249,-0.0025366761466870348,0.013443645714009664,0.0035108352836477454,-0.002695915411133112,0.0056550289184861945,0.009989080650979155,-0.00014287520310163533,0.0038172809445929465,-0.0008790747206623854,0.003880889437361891,-0.0035255813248607527,0.0016416389916043702,-0.00030826175515676513,-0.0004381155491870102,0.0001095921864407564,0.0054231453935607386,0.005907891441933968,0.026596988749233642,-0.0009359586665458938,0.0002835108847720414,-0.0008979798501480365,0.0028739044766257493,0.0017027320887411182,0.0012144319289761852,0.00016772694826730332,0.003978666115746025,0.002296817760957296,0.0035692642295086147,0.0007878210579704555,0.00010656645986516092,-0.0004675148273712643,-0.002466507316875508,0.0015905098425404588,0.0021765438689501466,0.002000843689669304,0.0012654330888238817,-0.0055387795271181406,-0.0009359586665458938,0.0053823161224439645,0.004263919182262007,0.0007271207910249627,0.0007771041379618141,-0.0003708863222190305,0.0017801974983228449,-0.0008418334537990851,3.59721449774974e-5,0.0025566001192580713,-0.0012180704443735895,0.0006648349380721178,-0.0005759881841576927,0.0027503936647006256,0.0002150170787270695,0.0003567574733883168,0.001123909656046762,0.0022688461575228673,-0.00259046759264832,-0.010403103827648249,0.0002835108847720414,0.004263919182262007,0.02188150697090745,0.0009746928389419087,-0.003059094290536697,-0.00018310230280037653,0.0011623731639517983,-0.0009846127188296162,-0.0022561648486016956,0.0018434839221187372,-0.0037947901157673524,-0.0003914358785518941,-0.0014570393403844798,0.002674804133660123,0.00031866899321613356,-0.0009461085024786459,0.0007941483629939109,0.00030463926559317684,0.0008689033327760862,-0.0025366761466870348,-0.0008979798501480365,0.0007271207910249627,0.0009746928389419087,0.002141869511678944,-0.001662390215110846,-0.0004673673624406198,-0.000425752088064507,-5.253018839320314e-6,-0.00015005505189802636,0.000803808737295026,-0.0014401465863192863,-0.0003972356777564943,0.00017554104393039982,0.0011186873380471152,0.0015547768916154324,-0.0002628364035128206,-0.00041752640452595005,-0.0010219479763183825,0.002897454268357302,0.013443645714009664,0.0028739044766257493,0.0007771041379618141,-0.003059094290536697,-0.001662390215110846,0.029337200796726123,0.004617576336282304,0.0053379354383575744,0.001957422056845408,0.0022400285124568983,0.00654763917733236,0.006225684086222417,0.00023490631438124565,0.0010982694122428787,-0.004097852300378301,-0.002980979077113672,0.0009780581557073498,-0.0007120828642644358,-0.0005049952002522764,-0.0015158755894992164,0.0035108352836477454,0.0017027320887411182,-0.0003708863222190305,-0.00018310230280037653,-0.0004673673624406198,0.004617576336282304,0.0033813652777678178,0.001632985862346528,0.0015031577415890647,-0.0004194758447033862,0.002090528931416299,0.002447741188926494,-0.0004433476660173138,0.0005708961485691474,-0.0018770108154243577,0.0006128187991584688,0.0007405754348320941,0.002637010386537953,0.00027589855042760324,-0.0009376861800256619,-0.002695915411133112,0.0012144319289761852,0.0017801974983228449,0.0011623731639517983,-0.000425752088064507,0.0053379354383575744,0.001632985862346528,0.0063801734235099045,-7.654677626126266e-5,0.0002814326594242271,0.002485398246972502,0.003205538356855105,0.00010021767347815827,-0.0012127190260526536,-0.0013830299156309177,0.0002243999312624193,0.0013095211668761571,-0.00041145049115297707,0.0004543985516533523,-0.004678906044032729,0.0056550289184861945,0.00016772694826730332,-0.0008418334537990851,-0.0009846127188296162,-5.253018839320314e-6,0.001957422056845408,0.0015031577415890647,-7.654677626126266e-5,0.00803839550218904,0.002167371686799176,-0.0005200941361224885,0.0017211654717633907,-0.001238441112275752,0.001130763106847202,7.633896528671028e-5,0.0018392911531688184,0.00033875579209748953,-0.0008632933263306421,0.0006460974382950031,-0.00010501784765028135,0.009989080650979155,0.003978666115746025,3.59721449774974e-5,-0.0022561648486016956,-0.00015005505189802636,0.0022400285124568983,-0.0004194758447033862,0.0002814326594242271,0.002167371686799176,0.027548409122565357,0.0016726889321756397,0.0006340531508646155,0.000795714451575035,0.00019284900666358183,-0.00041065519516362214,-0.0007672485532446392,-0.000295340947448479,0.0011484763686796648,0.0015358262005514757,0.006059363646880095,-0.00014287520310163533,0.002296817760957296,0.0025566001192580713,0.0018434839221187372,0.000803808737295026,0.00654763917733236,0.002090528931416299,0.002485398246972502,-0.0005200941361224885,0.0016726889321756397,0.01448466888938897,0.0003796655277243274,0.0005128860297283339,0.0003079961300263139,0.0012628403774771501,-0.0011550410245981507,0.001114827154108222,-0.0003806008595232251,-0.0006999288207020039,-0.00012542899385329032,0.0038172809445929465,0.0035692642295086147,-0.0012180704443735895,-0.0037947901157673524,-0.0014401465863192863,0.006225684086222417,0.002447741188926494,0.003205538356855105,0.0017211654717633907,0.0006340531508646155,0.0003796655277243274,0.008628695768395206,0.0001052186240785799,0.0002730895713190857,-0.004008397012844835,-0.00021157272973144556,0.0016150996093238952,-0.00016377811052683855,0.0004238879714397629,0.002995226187903503,-0.0008790747206623854,0.0007878210579704555,0.0006648349380721178,-0.0003914358785518941,-0.0003972356777564943,0.00023490631438124565,-0.0004433476660173138,0.00010021767347815827,-0.001238441112275752,0.000795714451575035,0.0005128860297283339,0.0001052186240785799,0.002099347574425338,-0.00024908186735075617,0.00012738888600522332,-0.0009598252634458126,0.00018078567732484515,-0.0008135521859613552,-0.00022072521202321676,0.0009861335482127453,0.003880889437361891,0.00010656645986516092,-0.0005759881841576927,-0.0014570393403844798,0.00017554104393039982,0.0010982694122428787,0.0005708961485691474,-0.0012127190260526536,0.001130763106847202,0.00019284900666358183,0.0003079961300263139,0.0002730895713190857,-0.00024908186735075617,0.0022044537842214446,1.4381110948022122e-5,0.0011205820241503568,0.0003835541221008851,0.0019397525679256738,0.002319525675045886,0.002861600004901186,-0.0035255813248607527,-0.0004675148273712643,0.0027503936647006256,0.002674804133660123,0.0011186873380471152,-0.004097852300378301,-0.0018770108154243577,-0.0013830299156309177,7.633896528671028e-5,-0.00041065519516362214,0.0012628403774771501,-0.004008397012844835,0.00012738888600522332,1.4381110948022122e-5,0.008167844403732465,-0.0005145555664893399,-0.0005389030486910772,0.0024339523368820826,-0.0009714516501732895,-0.0018642538203254189,0.0016416389916043702,-0.002466507316875508,0.0002150170787270695,0.00031866899321613356,0.0015547768916154324,-0.002980979077113672,0.0006128187991584688,0.0002243999312624193,0.0018392911531688184,-0.0007672485532446392,-0.0011550410245981507,-0.00021157272973144556,-0.0009598252634458126,0.0011205820241503568,-0.0005145555664893399,0.016012867622142282,0.0018368692323195372,0.0007966031777623685,0.00043447693674963076,0.0013271336726404415,-0.00030826175515676513,0.0015905098425404588,0.0003567574733883168,-0.0009461085024786459,-0.0002628364035128206,0.0009780581557073498,0.0007405754348320941,0.0013095211668761571,0.00033875579209748953,-0.000295340947448479,0.001114827154108222,0.0016150996093238952,0.00018078567732484515,0.0003835541221008851,-0.0005389030486910772,0.0018368692323195372,0.0033896975012979885
0.00657042154640779,0.001843724193698586,0.004174359285606107,0.0034088474878778067,0.0014521904137446242,0.0011483372070610006,0.0037325547882214516,0.0005836474307768647,0.0026243854718540644,0.001684587689353821,0.0002842805512618166,-9.856137673736179e-5,0.0034970338409214914,0.0035126562205049466,0.0013622820003621255,0.00026666048440378753,0.0008085246312027152,0.0011726404025402103,0.0019092931406888918,0.0010810196147485558,0.001843724193698586,0.006369898100281215,0.005399748205306416,0.0021274288974436435,0.0029337805655424015,0.0007571230152246678,0.003153661495486397,0.000433295496660112,0.0034937905425058793,0.0016961308898381113,0.0007415728910882462,0.0020241643517518665,0.005201095745010457,0.0007222571443778607,0.0005645424845537722,0.0005917272404709642,0.0006214467760232179,0.001255886382619674,0.001859140123815888,0.0007906279804915949,0.004174359285606107,0.005399748205306416,0.04022964321014927,0.018043104372167162,0.0054572364273223276,0.004459721974731807,0.011233439832430657,0.0024823106020531427,0.005365389000785608,0.004219335606930752,0.0036828657633011406,0.002901448354609955,0.01125681048527047,0.0016581122442586855,0.003579070867930757,0.0013671452771377875,0.0014074454380649988,0.0010094922697390057,0.005039569213929476,0.00414750687009163,0.0034088474878778067,0.0021274288974436435,0.018043104372167162,0.03727722389296565,0.006593030494011747,0.0027899030876188504,0.005967283191016038,0.0024516347430447154,-0.0014779114230223087,0.0017831679384794708,0.002217613011779768,0.0016558822337441625,4.492971893637655e-6,0.004907625218193319,0.0038902116217029367,0.0013892893516952185,0.0005848579509398333,-0.0008192659644947586,0.0008675415086813769,0.002276613445029758,0.0014521904137446242,0.0029337805655424015,0.0054572364273223276,0.006593030494011747,0.027089142003514845,0.0026423834191788274,0.007112890571224005,0.00037387172515745113,0.007998019803144126,0.000630095295261447,0.0018337433974739009,0.0019773224211266528,0.0074511957518062066,0.005785918329766613,0.0026533264289326473,0.0009620318610936427,0.001304779308623301,0.0013657262237895525,0.006167788260314749,0.002548080954754264,0.0011483372070610006,0.0007571230152246678,0.004459721974731807,0.0027899030876188504,0.0026423834191788274,0.0028458447327145125,0.0017288501341964535,0.00038437470564911763,0.0009056789437078966,0.0007535204316155382,0.001101417724189627,0.0004076713728329461,0.00237716322219423,0.0004932064664777826,0.0012804176890220504,0.00014760643828142265,0.0004446283591862596,0.00015464210588508957,0.0014021241621780844,0.0011113661793578857,0.0037325547882214516,0.003153661495486397,0.011233439832430657,0.005967283191016038,0.007112890571224005,0.0017288501341964535,0.026444947363427784,0.0018446389621051649,0.009413685639990274,0.0015976221033348389,0.0004992017648407464,0.0037869881695266183,0.00858711086246124,0.005449063886589578,0.00464411900418746,0.0007118076509429647,0.0016598185380847198,0.003932063713438251,0.0037508192095434215,0.0026436551811948837,0.0005836474307768647,0.000433295496660112,0.0024823106020531427,0.0024516347430447154,0.00037387172515745113,0.00038437470564911763,0.0018446389621051649,0.002525803888317395,0.0012603563456129248,0.0003600838621298889,-9.83103725232289e-5,0.0013555184483807076,-0.0002530757512562117,-0.0006954602639556611,0.0008280479157877335,0.0001528895594324886,0.0004155153674279029,-0.00028431809278875935,-0.000955550942694545,0.0003506631703940773,0.0026243854718540644,0.0034937905425058793,0.005365389000785608,-0.0014779114230223087,0.007998019803144126,0.0009056789437078966,0.009413685639990274,0.0012603563456129248,0.024929076052770408,2.1260137934466308e-5,-0.0007897318421738757,0.0038564753991021175,0.010531603971531031,0.004189295129207222,0.002195807607819378,0.000594867582537614,0.0014464827780154002,0.0025132871022940724,0.004499429399987892,0.003066194346447496,0.001684587689353821,0.0016961308898381113,0.004219335606930752,0.0017831679384794708,0.000630095295261447,0.0007535204316155382,0.0015976221033348389,0.0003600838621298889,2.1260137934466308e-5,0.003691832591792989,0.0012696323096391237,0.0007639792577068681,0.0034931997112923026,0.0011032172128706908,0.0002610158911251293,0.0006302902144900141,0.0004825744369013916,0.0009766421393087674,0.0021438829769320007,0.0003329135582041412,0.0002842805512618166,0.0007415728910882462,0.0036828657633011406,0.002217613011779768,0.0018337433974739009,0.001101417724189627,0.0004992017648407464,-9.83103725232289e-5,-0.0007897318421738757,0.0012696323096391237,0.003367397663796408,-0.00025775462711490293,0.0018399224923028815,0.000545871847941399,0.0004618545839827806,0.0002899304686374107,0.0002246722166313547,0.000678544981021767,0.0013900407161309863,0.0006961726433572129,-9.856137673736179e-5,0.0020241643517518665,0.002901448354609955,0.0016558822337441625,0.0019773224211266528,0.0004076713728329461,0.0037869881695266183,0.0013555184483807076,0.0038564753991021175,0.0007639792577068681,-0.00025775462711490293,0.009709927393213812,0.000996847997863938,0.00036500239258558114,0.0003283334880098246,0.0007122386465038841,0.0010174114666901702,0.0006469442141395594,0.0012216990541288988,0.0006685585428905494,0.0034970338409214914,0.005201095745010457,0.01125681048527047,4.492971893637655e-6,0.0074511957518062066,0.00237716322219423,0.00858711086246124,-0.0002530757512562117,0.010531603971531031,0.0034931997112923026,0.0018399224923028815,0.000996847997863938,0.038378762449900405,0.0037969608738875962,0.002967382943849979,0.00120572999397584,0.0007965143222304052,0.0045844403140587915,0.009791879018958418,0.0013206879617094116,0.0035126562205049466,0.0007222571443778607,0.0016581122442586855,0.004907625218193319,0.005785918329766613,0.0004932064664777826,0.005449063886589578,-0.0006954602639556611,0.004189295129207222,0.0011032172128706908,0.000545871847941399,0.00036500239258558114,0.0037969608738875962,0.015369038973916102,0.0021682975934655072,0.0006426103873697517,0.00044926236441435977,0.0031417806124501954,0.004859104506467319,0.0019183385352051618,0.0013622820003621255,0.0005645424845537722,0.003579070867930757,0.0038902116217029367,0.0026533264289326473,0.0012804176890220504,0.00464411900418746,0.0008280479157877335,0.002195807607819378,0.0002610158911251293,0.0004618545839827806,0.0003283334880098246,0.002967382943849979,0.0021682975934655072,0.006932417443046038,0.00012765243289246104,0.000684256387108473,0.000996496214253951,0.0012637096625283384,0.0007627488913149928,0.00026666048440378753,0.0005917272404709642,0.0013671452771377875,0.0013892893516952185,0.0009620318610936427,0.00014760643828142265,0.0007118076509429647,0.0001528895594324886,0.000594867582537614,0.0006302902144900141,0.0002899304686374107,0.0007122386465038841,0.00120572999397584,0.0006426103873697517,0.00012765243289246104,0.0014714206834251882,2.639719994908127e-5,0.0005951706050173595,0.0008571908639315009,0.00026255134986472386,0.0008085246312027152,0.0006214467760232179,0.0014074454380649988,0.0005848579509398333,0.001304779308623301,0.0004446283591862596,0.0016598185380847198,0.0004155153674279029,0.0014464827780154002,0.0004825744369013916,0.0002246722166313547,0.0010174114666901702,0.0007965143222304052,0.00044926236441435977,0.000684256387108473,2.639719994908127e-5,0.0014111262870624796,0.0005148617477253297,0.0003871900804752962,0.0003233584774323162,0.0011726404025402103,0.001255886382619674,0.0010094922697390057,-0.0008192659644947586,0.0013657262237895525,0.00015464210588508957,0.003932063713438251,-0.00028431809278875935,0.0025132871022940724,0.0009766421393087674,0.000678544981021767,0.0006469442141395594,0.0045844403140587915,0.0031417806124501954,0.000996496214253951,0.0005951706050173595,0.0005148617477253297,0.006422413159898087,0.002285795928189062,0.0007535958983745679,0.0019092931406888918,0.001859140123815888,0.005039569213929476,0.0008675415086813769,0.006167788260314749,0.0014021241621780844,0.0037508192095434215,-0.000955550942694545,0.004499429399987892,0.0021438829769320007,0.0013900407161309863,0.0012216990541288988,0.009791879018958418,0.004859104506467319,0.0012637096625283384,0.0008571908639315009,0.0003871900804752962,0.002285795928189062,0.01772105232890899,0.0023018617666068332,0.0010810196147485558,0.0007906279804915949,0.00414750687009163,0.002276613445029758,0.002548080954754264,0.0011113661793578857,0.0026436551811948837,0.0003506631703940773,0.003066194346447496,0.0003329135582041412,0.0006961726433572129,0.0006685585428905494,0.0013206879617094116,0.0019183385352051618,0.0007627488913149928,0.00026255134986472386,0.0003233584774323162,0.0007535958983745679,0.0023018617666068332,0.004142235119689322
