0.03284017772018999,0.00016500651780666515,0.0024645470451861626,-0.001452987732109914,0.0049189676486011275,0.004924429321027501,0.0018657773037549586,0.006500563499951246,-0.003062175106971865,-0.0013833088329327494,0.002936231601552394,0.005845005742669327,0.0015914615043385967,0.0032882608294235384,0.007601159880161771,0.003537136078330798,-0.001714237972596355,0.0075542207961466264,-0.0027791576492437594,0.0017332085428181962,0.00016500651780666515,0.012206098472278956,-0.0006032850504253558,0.002848901571846754,-0.0004914316334340288,0.0004810291589060601,0.0018808497914372655,-0.001158026258312515,0.0013221409393613924,0.0024898305320503336,0.0005401994193398167,0.001314089042089759,0.002641297722690289,-0.0016845429855278495,0.00029783225033035263,0.002240740395317107,0.006889763140721882,0.002896076208691044,0.0017792910258092238,0.000804621348037742,0.0024645470451861626,-0.0006032850504253558,0.004907544636163452,0.0037684339561113484,0.0007892883915955463,0.00020632802040656775,0.0010918090400040498,0.006164206702822462,0.004575404103907975,-0.0009054199094329392,0.00029298446410892977,0.001465318703223966,0.001182216898324487,0.002230084712127677,0.0017766788381035905,0.0013559175611049723,0.0011358377019884403,0.001029770562011552,0.00018148061350423188,0.0019784460986399127,-0.001452987732109914,0.002848901571846754,0.0037684339561113484,0.012981226815354687,0.0004111893989846336,-0.0004656421290954552,0.0018391850840021513,0.005433980698644977,0.008504172509116701,-0.0036379073535689884,0.0009495429470594468,0.002793071884107646,0.0034893623848683414,0.0021839637187573,0.001323496318790457,0.001970477512241919,0.0032637852658485593,0.0017135845713038473,0.002514056421727822,0.0023922493325444806,0.0049189676486011275,-0.0004914316334340288,0.0007892883915955463,0.0004111893989846336,0.005837627655677014,0.001418929333270947,0.003510149500442951,0.002736032249047225,0.001362972286102856,0.0013667302823788538,0.0006998580011154469,0.0030733651141675116,0.0008684894548934641,0.0011442766132497204,0.0017926255400606546,0.0012159319840219693,0.00043471634660308806,0.0022790096218278377,0.0015203214781846109,0.0007027817342169389,0.004924429321027501,0.0004810291589060601,0.00020632802040656775,-0.0004656421290954552,0.001418929333270947,0.006579056703197359,0.002860707346039503,0.0005944915153067618,0.00033293538095270425,0.000887632898478972,0.000398273507772265,0.002581552987909616,0.0006001655316197934,0.0004923714586050432,0.0014690126018972755,0.0006219390736360933,0.001360375617521547,0.0017145152133460912,0.0006225588939759766,0.00010984012459433777,0.0018657773037549586,0.0018808497914372655,0.0010918090400040498,0.0018391850840021513,0.003510149500442951,0.002860707346039503,0.015600933447725372,-0.0005146634292668385,0.005461346816170226,0.003790905389647439,0.0003092395538782401,0.003912583464670256,0.0014681559095392988,-0.0006002905090947124,0.002773243251460213,0.00163783657618327,0.007424574541831984,0.00399347699376477,0.0032911040475906003,0.0022230217484127328,0.006500563499951246,-0.001158026258312515,0.006164206702822462,0.005433980698644977,0.002736032249047225,0.0005944915153067618,-0.0005146634292668385,0.02620548302062297,0.008431846874476293,0.0017645696038772112,0.0013736398097915945,0.003555419883478909,-0.00033798334096360157,0.005993731831729381,0.0034675539132592408,0.0022535276701749697,0.0009642078000372417,0.00031393933851793076,0.0015750898630919148,0.00465347208578585,-0.003062175106971865,0.0013221409393613924,0.004575404103907975,0.008504172509116701,0.001362972286102856,0.00033293538095270425,0.005461346816170226,0.008431846874476293,0.03296080207766818,0.005405187100288653,0.0012582530186222712,-1.9710435501985913e-5,0.0024558082088026708,0.004554242852732981,0.002063406446157584,0.0004906065410363331,0.005503120404820307,0.001901319743547329,0.004390286683764787,0.003073042316334733,-0.0013833088329327494,0.0024898305320503336,-0.0009054199094329392,-0.0036379073535689884,0.0013667302823788538,0.000887632898478972,0.003790905389647439,0.0017645696038772112,0.005405187100288653,0.021542288428267286,0.00030664098453011407,0.0008719514082475741,-0.0015512330466460646,0.0007100113614737576,0.0011587203398290941,-0.0008767981327756679,0.0018673140574474371,0.0008588234680134231,0.001037992714365482,-0.0002839441964752682,0.002936231601552394,0.0005401994193398167,0.00029298446410892977,0.0009495429470594468,0.0006998580011154469,0.000398273507772265,0.0003092395538782401,0.0013736398097915945,0.0012582530186222712,0.00030664098453011407,0.0020733388288593398,0.0026422370228513866,0.0006886281231837008,0.0013572705669359804,0.001542335152823041,0.00039904974684729896,-0.0009290356552689957,0.0019048585968061802,0.0004034978706422655,-6.048298383459766e-6,0.005845005742669327,0.001314089042089759,0.001465318703223966,0.002793071884107646,0.0030733651141675116,0.002581552987909616,0.003912583464670256,0.003555419883478909,-1.9710435501985913e-5,0.0008719514082475741,0.0026422370228513866,0.014115700537354517,0.001862755262617804,0.003523446341212424,0.003566204269724383,0.0018602478765614551,0.002638979837161204,0.0040538459006388035,0.0031033073537891026,0.001096052185780211,0.0015914615043385967,0.002641297722690289,0.001182216898324487,0.0034893623848683414,0.0008684894548934641,0.0006001655316197934,0.0014681559095392988,-0.00033798334096360157,0.0024558082088026708,-0.0015512330466460646,0.0006886281231837008,0.001862755262617804,0.004857454568813914,0.0003400262993208854,0.0010873379079247192,0.0015598065905675774,0.001550506682627639,0.003217454856493977,0.0009215946638837663,0.0004234008583498646,0.0032882608294235384,-0.0016845429855278495,0.002230084712127677,0.0021839637187573,0.0011442766132497204,0.0004923714586050432,-0.0006002905090947124,0.005993731831729381,0.004554242852732981,0.0007100113614737576,0.0013572705669359804,0.003523446341212424,0.0003400262993208854,0.009301703975242945,0.001679126821456274,4.917240086482375e-5,-0.002068586604651955,0.0006001569167164187,0.0005958131446240808,0.0011005207762806624,0.007601159880161771,0.00029783225033035263,0.0017766788381035905,0.001323496318790457,0.0017926255400606546,0.0014690126018972755,0.002773243251460213,0.0034675539132592408,0.002063406446157584,0.0011587203398290941,0.001542335152823041,0.003566204269724383,0.0010873379079247192,0.001679126821456274,0.006791741548418467,0.001401974273377518,0.0005660924763175593,0.0029641362890855238,0.00022948511148736857,0.0005965747300668806,0.003537136078330798,0.002240740395317107,0.0013559175611049723,0.001970477512241919,0.0012159319840219693,0.0006219390736360933,0.00163783657618327,0.0022535276701749697,0.0004906065410363331,-0.0008767981327756679,0.00039904974684729896,0.0018602478765614551,0.0015598065905675774,4.917240086482375e-5,0.001401974273377518,0.004895159419047506,0.0027385342995773464,0.0020969667221772846,0.0011847404403111102,0.0013195311607530997,-0.001714237972596355,0.006889763140721882,0.0011358377019884403,0.0032637852658485593,0.00043471634660308806,0.001360375617521547,0.007424574541831984,0.0009642078000372417,0.005503120404820307,0.0018673140574474371,-0.0009290356552689957,0.002638979837161204,0.001550506682627639,-0.002068586604651955,0.0005660924763175593,0.0027385342995773464,0.023756408466647685,0.0028643305167579958,0.004838336672248365,0.0031247261762880896,0.0075542207961466264,0.002896076208691044,0.001029770562011552,0.0017135845713038473,0.0022790096218278377,0.0017145152133460912,0.00399347699376477,0.00031393933851793076,0.001901319743547329,0.0008588234680134231,0.0019048585968061802,0.0040538459006388035,0.003217454856493977,0.0006001569167164187,0.0029641362890855238,0.0020969667221772846,0.0028643305167579958,0.01093203325686812,0.0016397670272609022,0.0017033649786782003,-0.0027791576492437594,0.0017792910258092238,0.00018148061350423188,0.002514056421727822,0.0015203214781846109,0.0006225588939759766,0.0032911040475906003,0.0015750898630919148,0.004390286683764787,0.001037992714365482,0.0004034978706422655,0.0031033073537891026,0.0009215946638837663,0.0005958131446240808,0.00022948511148736857,0.0011847404403111102,0.004838336672248365,0.0016397670272609022,0.009322186297767201,0.0011065633059859606,0.0017332085428181962,0.000804621348037742,0.0019784460986399127,0.0023922493325444806,0.0007027817342169389,0.00010984012459433777,0.0022230217484127328,0.00465347208578585,0.003073042316334733,-0.0002839441964752682,-6.048298383459766e-6,0.001096052185780211,0.0004234008583498646,0.0011005207762806624,0.0005965747300668806,0.0013195311607530997,0.0031247261762880896,0.0017033649786782003,0.0011065633059859606,0.003414343125397459
0.02222437595695635,0.0016158320788708749,-0.0007366488678406945,0.002530526696961157,-0.0009148310789405256,0.0004740823698071633,0.0021095992439242547,0.005098442805180521,0.0028784095102240134,-0.0015052482151725391,-0.00033492263219131533,0.004575242002166319,-0.00038243901251526686,0.001870924040790769,-0.000493920593834864,0.0020352368363425717,0.001679464358343553,-0.0005090557471516713,-0.0011107575790574816,0.001114970217799023,0.0016158320788708749,0.008882375871007502,0.0004705373392157126,0.002512399360096589,0.0011253551066326781,0.0009289761531537359,0.0015552088041225964,0.0017541425146718555,0.00208787819953695,0.002140391174569918,-0.0004847806418209787,0.0005387059281854842,8.854407516070838e-5,-0.0007212918784482449,0.00016401548158756225,0.0006645332749749316,-0.0013191091268379635,0.0005852411012898344,0.0008470335212812555,-0.00047828763051490427,-0.0007366488678406945,0.0004705373392157126,0.0034875677908207292,0.000744058642773503,0.0002661398564732223,0.0012588851438567,0.0006356194218030312,-0.0004316122365524411,-6.713020830453138e-5,0.0024501937576670184,0.0001377436811812168,-0.0009600340816283877,6.966131815859764e-5,-0.001010136099453619,-0.0005455658194044885,0.00026721699118783637,-0.0004850201522557687,0.0005322857617577159,0.001989883896485382,7.681867222145777e-5,0.002530526696961157,0.002512399360096589,0.000744058642773503,0.008566113040003407,0.0005814699764352595,0.00019850282368781303,0.0024753462068636493,0.0005077732602847499,0.0003669247420551208,0.003215723304742911,-0.0005849273610797156,0.0003151016314263535,-0.0006404689105878852,-0.0006272675574953427,0.0003210625999637227,0.0007425390315261166,-0.0011127955388137004,0.0014681400156029058,0.0023149093461078156,-0.0007136374964132931,-0.0009148310789405256,0.0011253551066326781,0.0002661398564732223,0.0005814699764352595,0.004539241853709347,-0.0007695878630333655,0.001188956423726162,0.000847185987504702,-0.0006189371588039747,5.688502246222149e-5,0.000552878873281171,-0.0007852558366646935,-7.585927674140259e-5,-0.0005195580541894337,0.0003268097521487187,0.00014751570708278458,0.00018049390338599597,-0.00012705703932133525,0.00024666784551943995,0.0003007446820714253,0.0004740823698071633,0.0009289761531537359,0.0012588851438567,0.00019850282368781303,-0.0007695878630333655,0.005252084919678871,-0.0006224563626031266,-0.00042441521954189793,0.004367105848282347,0.0031753603367825544,-0.00014949697233368822,0.0008603531758159435,0.0004962152281175983,0.000431219685442187,0.0008073976848406109,-0.0001325240511378611,-0.002234808116107669,0.00039697689606801737,0.0004208173043881637,0.0003703094040641932,0.0021095992439242547,0.0015552088041225964,0.0006356194218030312,0.0024753462068636493,0.001188956423726162,-0.0006224563626031266,0.015121678133278242,0.007617005929998852,-0.0038296959224541744,0.0016367198089644974,0.00015132445405374793,-5.4856293347063916e-5,0.0013042901098443927,0.0009433689257991364,-0.0021423834523040357,0.0009219543041331119,0.0021590828495209142,0.00254927213568271,-2.3501489048073946e-5,-0.0011110658667889371,0.005098442805180521,0.0017541425146718555,-0.0004316122365524411,0.0005077732602847499,0.000847185987504702,-0.00042441521954189793,0.007617005929998852,0.024155130454992062,-0.0013426297316891413,-0.00015428651968489495,-0.00047057890034841305,0.003475279306004903,0.001449429921048402,0.000522204480757978,-0.002210639330158648,0.0016711093585608122,0.00390104777360194,0.003810685328529052,-0.0028688550094970833,-0.0021698171390295293,0.0028784095102240134,0.00208787819953695,-6.713020830453138e-5,0.0003669247420551208,-0.0006189371588039747,0.004367105848282347,-0.0038296959224541744,-0.0013426297316891413,0.024512403468689797,0.004204450610497487,-0.0009320294598461096,0.004307441585204913,0.0005785647973884149,-9.648481803717633e-5,0.002598514132105851,0.0009454557427178026,-0.006065430195005047,-8.415545643668132e-5,0.00034506943260521905,0.0019284510886095271,-0.0015052482151725391,0.002140391174569918,0.0024501937576670184,0.003215723304742911,5.688502246222149e-5,0.0031753603367825544,0.0016367198089644974,-0.00015428651968489495,0.004204450610497487,0.023423944361590537,-0.00010355436352122002,-0.000552067217014681,0.002359854365918977,-0.0003038273499089787,0.0027890027333102307,0.00011249722539066677,-0.003170422064956326,0.0014446491366019879,0.0024241996415732825,0.0008279466315143404,-0.00033492263219131533,-0.0004847806418209787,0.0001377436811812168,-0.0005849273610797156,0.000552878873281171,-0.00014949697233368822,0.00015132445405374793,-0.00047057890034841305,-0.0009320294598461096,-0.00010355436352122002,0.0019609331804660906,-0.0009769252600223548,0.000338600820899762,-0.0003698480639923134,-1.2980458243618203e-5,0.0007086048702208705,0.001013974625742911,-0.00046181191284829073,1.7468207877044249e-6,0.00047124050416970506,0.004575242002166319,0.0005387059281854842,-0.0009600340816283877,0.0003151016314263535,-0.0007852558366646935,0.0008603531758159435,-5.4856293347063916e-5,0.003475279306004903,0.004307441585204913,-0.000552067217014681,-0.0009769252600223548,0.010491087305509383,0.0008759891775442354,0.0011482285730061127,0.0009223854954787372,0.000530818523943143,-0.0011422587037216757,0.00028383260259033443,-0.0015310679335903748,-0.0002693321643564422,-0.00038243901251526686,8.854407516070838e-5,6.966131815859764e-5,-0.0006404689105878852,-7.585927674140259e-5,0.0004962152281175983,0.0013042901098443927,0.001449429921048402,0.0005785647973884149,0.002359854365918977,0.000338600820899762,0.0008759891775442354,0.004189986617128073,-0.0004655530664880994,0.0002280159290176441,0.0002812801879275938,0.0007829963343128194,3.775562832835158e-7,-0.0011765755523621617,0.000268583193401127,0.001870924040790769,-0.0007212918784482449,-0.001010136099453619,-0.0006272675574953427,-0.0005195580541894337,0.000431219685442187,0.0009433689257991364,0.000522204480757978,-9.648481803717633e-5,-0.0003038273499089787,-0.0003698480639923134,0.0011482285730061127,-0.0004655530664880994,0.007563210497636379,0.0009681135207874267,-0.0005927183863733776,-3.670919864062633e-5,0.0003383168098906338,-0.0001945847629496892,-0.00029705072559512227,-0.000493920593834864,0.00016401548158756225,-0.0005455658194044885,0.0003210625999637227,0.0003268097521487187,0.0008073976848406109,-0.0021423834523040357,-0.002210639330158648,0.002598514132105851,0.0027890027333102307,-1.2980458243618203e-5,0.0009223854954787372,0.0002280159290176441,0.0009681135207874267,0.006003006673022194,0.00034665656782310113,-0.0024815560707659233,-3.493569123800645e-5,-0.0004216521891351919,0.0006122003322063553,0.0020352368363425717,0.0006645332749749316,0.00026721699118783637,0.0007425390315261166,0.00014751570708278458,-0.0001325240511378611,0.0009219543041331119,0.0016711093585608122,0.0009454557427178026,0.00011249722539066677,0.0007086048702208705,0.000530818523943143,0.0002812801879275938,-0.0005927183863733776,0.00034665656782310113,0.00438578502036087,0.0008949973647834061,0.00037213028064581456,-0.0007769230026235278,-8.71928446667087e-5,0.001679464358343553,-0.0013191091268379635,-0.0004850201522557687,-0.0011127955388137004,0.00018049390338599597,-0.002234808116107669,0.0021590828495209142,0.00390104777360194,-0.006065430195005047,-0.003170422064956326,0.001013974625742911,-0.0011422587037216757,0.0007829963343128194,-3.670919864062633e-5,-0.0024815560707659233,0.0008949973647834061,0.014754660081961121,0.00017437857744905254,-0.0002170797634655749,-0.0013094159953972563,-0.0005090557471516713,0.0005852411012898344,0.0005322857617577159,0.0014681400156029058,-0.00012705703932133525,0.00039697689606801737,0.00254927213568271,0.003810685328529052,-8.415545643668132e-5,0.0014446491366019879,-0.00046181191284829073,0.00028383260259033443,3.775562832835158e-7,0.0003383168098906338,-3.493569123800645e-5,0.00037213028064581456,0.00017437857744905254,0.006949878794136101,-0.0003530211659127021,-0.0022225934315419854,-0.0011107575790574816,0.0008470335212812555,0.001989883896485382,0.0023149093461078156,0.00024666784551943995,0.0004208173043881637,-2.3501489048073946e-5,-0.0028688550094970833,0.00034506943260521905,0.0024241996415732825,1.7468207877044249e-6,-0.0015310679335903748,-0.0011765755523621617,-0.0001945847629496892,-0.0004216521891351919,-0.0007769230026235278,-0.0002170797634655749,-0.0003530211659127021,0.011871907226593363,0.0007906477084019296,0.001114970217799023,-0.00047828763051490427,7.681867222145777e-5,-0.0007136374964132931,0.0003007446820714253,0.0003703094040641932,-0.0011110658667889371,-0.0021698171390295293,0.0019284510886095271,0.0008279466315143404,0.00047124050416970506,-0.0002693321643564422,0.000268583193401127,-0.00029705072559512227,0.0006122003322063553,-8.71928446667087e-5,-0.0013094159953972563,-0.0022225934315419854,0.0007906477084019296,0.0033716176177147005
