0.004624795345865905,0.0003159432620116772,0.0026699864072361208,0.00017740577550337481,-0.00016655989231849746,0.001091943417164717,0.0006945006037500521,0.00013545378355404733,0.0004980032222001484,0.0007418586032649516,0.00013248689380372024,0.0002490293355828486,0.00042550940187751176,0.0009408894639725395,0.0004914505158320084,0.0004958668493243731,-0.0002647239537630469,0.00014511320456507787,0.00034763579031980325,0.000426429091140811,0.0003159432620116772,0.0035559448729697777,-0.00024589378782542584,-1.968573346595507e-5,0.0007947044673776572,0.00021234641255193443,0.0003093776046563287,0.0002578920049261861,-6.979942631255037e-5,0.0008628733221117078,0.0018129203920814413,0.00031470030528245736,0.0005258974358721884,0.0004495425045516363,0.0005920485906255482,0.0003765186612419571,0.00021610533546444726,0.00028468307353775394,0.000215752591568343,0.00027747311694310123,0.0026699864072361208,-0.00024589378782542584,0.02193966099192119,-0.0002610540300142388,-0.0007463011250680558,0.0025393604244654455,0.00048780467605531643,0.0001209291203170516,0.0013059457886278746,0.003226759585569944,0.000867117725175926,0.0005218822372874463,-0.0005833354300285047,0.0019435974963202362,0.00021380061978016335,0.0008766325693764165,-0.00048235544353985736,0.0030867260775371917,0.0009036713626825544,0.0007274387564138475,0.00017740577550337481,-1.968573346595507e-5,-0.0002610540300142388,0.0017275032402254275,9.437366788589854e-5,0.0002989287000571265,0.0001413983673495994,-0.0001697112728505568,-3.224465640275703e-5,0.0006511347999317009,0.00041772558326222555,2.64398217680464e-5,-5.352512866088753e-5,0.0004419840204077954,0.00019467565792102216,-0.00029663746306566935,0.0001763653427267064,8.109261171652401e-5,0.00037579809482082746,0.00032148827498398505,-0.00016655989231849746,0.0007947044673776572,-0.0007463011250680558,9.437366788589854e-5,0.003835272065104589,-0.0005696256345032273,-1.4873317505740556e-5,0.000575096123267744,-0.00045333754240270055,3.549212644274297e-5,0.0018535569313797473,0.00011799454198423971,0.0006343247328493811,0.00045992852183880813,0.0008313880279979379,0.0005819550806835704,0.00034160415101173016,0.0008093915849453349,0.0011943853407394686,0.00063124116975337,0.001091943417164717,0.00021234641255193443,0.0025393604244654455,0.0002989287000571265,-0.0005696256345032273,0.010979307038903968,0.0007548285122367282,6.122671088689111e-5,0.002076226185682455,0.0027822387965501837,0.0019134011374176995,0.00040823005084570567,-0.00031915796172412566,0.0003506130000076077,0.0007763516445585127,0.0015474277450874749,-0.0004162676246136578,-0.00011944172238471536,9.751362987634488e-5,0.0007812532403366916,0.0006945006037500521,0.0003093776046563287,0.00048780467605531643,0.0001413983673495994,-1.4873317505740556e-5,0.0007548285122367282,0.0026696518767905767,-5.381256963546066e-5,0.0007313349668205979,0.0010947612869862896,0.0013463844615015813,0.00019763629781729714,0.00031686012706363937,0.0007359438766542527,0.00022391156927478785,0.000672264861800994,-0.00016764231793936387,0.00025274393674028017,-0.0001401531846221297,0.00018853488229631006,0.00013545378355404733,0.0002578920049261861,0.0001209291203170516,-0.0001697112728505568,0.000575096123267744,6.122671088689111e-5,-5.381256963546066e-5,0.0016626858186751406,0.00030238125409349966,0.0006623477446136989,0.0005631876222311792,5.18497952071171e-5,0.00013929933992969074,0.0003405951420225532,0.00021230051707346752,0.0002905103928972759,-2.9006135642925067e-5,4.1158648335357956e-5,0.0003953958166235226,0.0002151483252099066,0.0004980032222001484,-6.979942631255037e-5,0.0013059457886278746,-3.224465640275703e-5,-0.00045333754240270055,0.002076226185682455,0.0007313349668205979,0.00030238125409349966,0.008736258172986887,0.002115178124399137,0.0010009494240699973,0.0004408621519797943,0.00018844994159234818,0.00031794147425097245,-0.0001123325559537494,0.0007544013676836262,-0.0005714875870972117,0.00024417191905273187,0.0007231851124340299,0.00018703471930387318,0.0007418586032649516,0.0008628733221117078,0.003226759585569944,0.0006511347999317009,3.549212644274297e-5,0.0027822387965501837,0.0010947612869862896,0.0006623477446136989,0.002115178124399137,0.01274951393453277,0.0006526701003471518,-0.0001951535534939766,7.322081990541084e-5,0.0010085239625953653,0.0007142685442603641,0.00023643159958970756,-0.00041748722530183244,-0.0005255896240543743,0.0007231540187090863,0.0006152922416990572,0.00013248689380372024,0.0018129203920814413,0.000867117725175926,0.00041772558326222555,0.0018535569313797473,0.0019134011374176995,0.0013463844615015813,0.0005631876222311792,0.0010009494240699973,0.0006526701003471518,0.021204211805244937,0.001445919412365976,0.0016006110332073766,0.0005981183827894889,0.0015013524120398043,0.0005517806422316849,-0.00028222195174494824,0.0033726988965765174,0.0012698902121922745,6.481186635078469e-5,0.0002490293355828486,0.00031470030528245736,0.0005218822372874463,2.64398217680464e-5,0.00011799454198423971,0.00040823005084570567,0.00019763629781729714,5.18497952071171e-5,0.0004408621519797943,-0.0001951535534939766,0.001445919412365976,0.008125273162466582,0.00021522030163857446,0.00015146497374830944,0.00027882232650160816,0.0003927656056905757,-0.00024156403767980003,3.5200122641951596e-5,-7.714284101767148e-5,0.00046254445565871894,0.00042550940187751176,0.0005258974358721884,-0.0005833354300285047,-5.352512866088753e-5,0.0006343247328493811,-0.00031915796172412566,0.00031686012706363937,0.00013929933992969074,0.00018844994159234818,7.322081990541084e-5,0.0016006110332073766,0.00021522030163857446,0.0030920730517776792,0.0005437901122729793,0.0006397286023571596,2.005413908997834e-5,3.491957016012946e-5,0.0004775973063405278,0.00012869624068278254,-0.0001418335234851374,0.0009408894639725395,0.0004495425045516363,0.0019435974963202362,0.0004419840204077954,0.00045992852183880813,0.0003506130000076077,0.0007359438766542527,0.0003405951420225532,0.00031794147425097245,0.0010085239625953653,0.0005981183827894889,0.00015146497374830944,0.0005437901122729793,0.010393882106901335,0.0006253551647591223,0.0005117150082585083,0.0007157711510064412,0.0006873953445375091,0.0015009512265623474,0.0005575532277719978,0.0004914505158320084,0.0005920485906255482,0.00021380061978016335,0.00019467565792102216,0.0008313880279979379,0.0007763516445585127,0.00022391156927478785,0.00021230051707346752,-0.0001123325559537494,0.0007142685442603641,0.0015013524120398043,0.00027882232650160816,0.0006397286023571596,0.0006253551647591223,0.0028602808254754495,-0.0001641169604723875,-0.00011519233888330943,0.000530880343547779,0.0004801842626452775,0.0002861740991008481,0.0004958668493243731,0.0003765186612419571,0.0008766325693764165,-0.00029663746306566935,0.0005819550806835704,0.0015474277450874749,0.000672264861800994,0.0002905103928972759,0.0007544013676836262,0.00023643159958970756,0.0005517806422316849,0.0003927656056905757,2.005413908997834e-5,0.0005117150082585083,-0.0001641169604723875,0.00866765766758323,0.00038980350848426005,0.00036574645408886337,0.0014672405694175958,0.000506454515962271,-0.0002647239537630469,0.00021610533546444726,-0.00048235544353985736,0.0001763653427267064,0.00034160415101173016,-0.0004162676246136578,-0.00016764231793936387,-2.9006135642925067e-5,-0.0005714875870972117,-0.00041748722530183244,-0.00028222195174494824,-0.00024156403767980003,3.491957016012946e-5,0.0007157711510064412,-0.00011519233888330943,0.00038980350848426005,0.00318220973994489,4.3419945591090386e-5,0.0004437628654246444,0.00019045571039867691,0.00014511320456507787,0.00028468307353775394,0.0030867260775371917,8.109261171652401e-5,0.0008093915849453349,-0.00011944172238471536,0.00025274393674028017,4.1158648335357956e-5,0.00024417191905273187,-0.0005255896240543743,0.0033726988965765174,3.5200122641951596e-5,0.0004775973063405278,0.0006873953445375091,0.000530880343547779,0.00036574645408886337,4.3419945591090386e-5,0.010879273807233466,0.0002008338923964776,0.00032661985051812874,0.00034763579031980325,0.000215752591568343,0.0009036713626825544,0.00037579809482082746,0.0011943853407394686,9.751362987634488e-5,-0.0001401531846221297,0.0003953958166235226,0.0007231851124340299,0.0007231540187090863,0.0012698902121922745,-7.714284101767148e-5,0.00012869624068278254,0.0015009512265623474,0.0004801842626452775,0.0014672405694175958,0.0004437628654246444,0.0002008338923964776,0.006469327008430283,0.0009616679372941397,0.000426429091140811,0.00027747311694310123,0.0007274387564138475,0.00032148827498398505,0.00063124116975337,0.0007812532403366916,0.00018853488229631006,0.0002151483252099066,0.00018703471930387318,0.0006152922416990572,6.481186635078469e-5,0.00046254445565871894,-0.0001418335234851374,0.0005575532277719978,0.0002861740991008481,0.000506454515962271,0.00019045571039867691,0.00032661985051812874,0.0009616679372941397,0.003770679538072047
