0.019673505994397184,0.0031185476656334817,0.0005272943296041323,0.002701665872474389,0.0011774333640090595,0.0001278940013436383,0.0015148964103823092,0.0005137766578368986,0.0015813169773404904,-0.001722746990276376,0.0027242548976788164,0.0009687724459949121,0.0016936023091956842,-0.0004760276967987154,0.0011650335951410014,0.0006777745910169464,0.0005917644126906063,-0.0007413090501601091,0.00299426243833697,-0.00010573360085039973,0.0031185476656334817,0.01482422676386701,0.00022240775377194939,0.0004170803634219022,0.0026704396282745315,0.0021612973701209143,1.3986670414321047e-5,9.382835728602337e-5,0.0007328276981284981,0.0034371939194115624,0.0015664968432898508,0.001144752484677648,0.001225034949283116,-0.000563892459281867,0.000522432389841529,0.00018335304065396872,0.0010650167215483456,0.0009828313204633806,0.002533124187055456,0.00032176553217947985,0.0005272943296041323,0.00022240775377194939,0.0019830350651256577,0.0006743296916677665,0.0007052424249784767,0.00027163736161065573,0.0004239691367991911,-0.0001256371424303547,0.0017778175114737604,0.000561143931228016,0.0003263363123897949,-0.00019033203170295055,0.0002196119799199451,0.000461030125991266,8.322469133266863e-5,-0.00022966944187042935,0.0002865759422975593,-0.00014661179887177404,-0.000283745314729923,0.0002305719381385573,0.002701665872474389,0.0004170803634219022,0.0006743296916677665,0.01797058297315745,0.002121985954930041,-0.000190253829221219,-0.00034932415189314084,-0.00031306034872740566,-6.856555186404451e-5,0.0008462846515846271,-0.0009619774424397918,0.00025716556601641566,0.0005118232561523891,0.0010145537504984196,0.0012480334396225423,0.0012983093096856219,0.0008254861754879567,-0.001603414486257768,6.282384406839931e-5,-0.000837424876773915,0.0011774333640090595,0.0026704396282745315,0.0007052424249784767,0.002121985954930041,0.02163628402309053,0.0017520078277560693,0.00041582543510725284,0.0011029992079117559,0.002772169026136773,0.0008253098705447675,0.0003540483167206649,0.0006942505499290608,0.002371379578047925,-0.0011567710214035888,0.0007390820195702132,0.001145678471954238,0.0004405384625305155,-0.00012959726034494608,0.0015070389042782296,0.0013922872708934302,0.0001278940013436383,0.0021612973701209143,0.00027163736161065573,-0.000190253829221219,0.0017520078277560693,0.004292356961819586,0.0008895349886286179,0.0005148862485531547,0.0013471948707810568,0.0018257907492891818,0.0006637117295280239,0.0006978203645948471,0.0013704788315401849,0.000812407013097721,2.1278204564938782e-5,0.0003550526064305682,0.000539401911082717,0.0011896582930131044,0.0014801576398827203,0.00017203528332083708,0.0015148964103823092,1.3986670414321047e-5,0.0004239691367991911,-0.00034932415189314084,0.00041582543510725284,0.0008895349886286179,0.006617648796138725,0.00027204859262761863,0.003499002216905352,0.0016674523629510159,0.001543101593232814,0.0008482926533727868,0.0011854549319584567,0.0010752593456187852,0.00033286999018540623,0.0006773404273230657,0.0007444055572619797,0.0016267507713912327,0.0025367061768615936,0.0014304514083844332,0.0005137766578368986,9.382835728602337e-5,-0.0001256371424303547,-0.00031306034872740566,0.0011029992079117559,0.0005148862485531547,0.00027204859262761863,0.003164987958968178,0.0005084071741997001,-0.000308039430610714,0.00023537594879833196,0.0001837203380189749,0.0006019814143124191,0.0010239059038633725,0.0004429414083826738,2.936257275517997e-5,0.000584997574984179,0.0005887788162175482,0.0023828496724191415,0.0005235317594751609,0.0015813169773404904,0.0007328276981284981,0.0017778175114737604,-6.856555186404451e-5,0.002772169026136773,0.0013471948707810568,0.003499002216905352,0.0005084071741997001,0.036544293776016354,0.00312018960333264,-0.0001433838688138689,-0.0005557660259190288,0.0018956072986082522,0.004570932328881499,0.0003115718623442102,-0.0017404010388435368,0.0020355544030730565,0.0029774942639801084,0.004573128654994739,-0.000323954338945197,-0.001722746990276376,0.0034371939194115624,0.000561143931228016,0.0008462846515846271,0.0008253098705447675,0.0018257907492891818,0.0016674523629510159,-0.000308039430610714,0.00312018960333264,0.020400786594242083,0.00021704969123152317,0.0011616326976274227,0.0017447386592216807,0.0013521241690567839,0.00026976462697580897,0.00011879608099516544,0.0009813789284980792,0.002604364501552489,0.001541276011204288,0.0003220445902130305,0.0027242548976788164,0.0015664968432898508,0.0003263363123897949,-0.0009619774424397918,0.0003540483167206649,0.0006637117295280239,0.001543101593232814,0.00023537594879833196,-0.0001433838688138689,0.00021704969123152317,0.008831461148741879,0.00017133109470028067,0.0015983570018023698,0.00014620689585358897,0.0008452878638201379,0.0009966935631611907,-5.113670071568043e-5,0.0013482766421410576,0.004303102765997863,0.0010598852690121962,0.0009687724459949121,0.001144752484677648,-0.00019033203170295055,0.00025716556601641566,0.0006942505499290608,0.0006978203645948471,0.0008482926533727868,0.0001837203380189749,-0.0005557660259190288,0.0011616326976274227,0.00017133109470028067,0.0036372570362452022,0.0007826735750078639,-0.0001664074507353255,-0.0001248153330894099,0.00037520906449515313,0.00026766431237704744,0.0007171009690869839,0.0011081447300361137,8.612544141235261e-5,0.0016936023091956842,0.001225034949283116,0.0002196119799199451,0.0005118232561523891,0.002371379578047925,0.0013704788315401849,0.0011854549319584567,0.0006019814143124191,0.0018956072986082522,0.0017447386592216807,0.0015983570018023698,0.0007826735750078639,0.009876921199523445,0.0007141043902722597,-0.00023353854681801186,0.00044759883019871653,0.0005480640975832585,0.0009092031053814949,0.0029590583341147897,0.0003499687391929887,-0.0004760276967987154,-0.000563892459281867,0.000461030125991266,0.0010145537504984196,-0.0011567710214035888,0.000812407013097721,0.0010752593456187852,0.0010239059038633725,0.004570932328881499,0.0013521241690567839,0.00014620689585358897,-0.0001664074507353255,0.0007141043902722597,0.016956367024632484,0.0005042178521493033,0.000735095959597347,0.0006105046971783268,0.0016319736648765736,0.005943721365166599,0.00039727613341106324,0.0011650335951410014,0.000522432389841529,8.322469133266863e-5,0.0012480334396225423,0.0007390820195702132,2.1278204564938782e-5,0.00033286999018540623,0.0004429414083826738,0.0003115718623442102,0.00026976462697580897,0.0008452878638201379,-0.0001248153330894099,-0.00023353854681801186,0.0005042178521493033,0.004001537264891835,0.0004760108976385064,0.0007127181250736065,0.0003012660953379602,0.0029239191363868173,0.0005135755634433904,0.0006777745910169464,0.00018335304065396872,-0.00022966944187042935,0.0012983093096856219,0.001145678471954238,0.0003550526064305682,0.0006773404273230657,2.936257275517997e-5,-0.0017404010388435368,0.00011879608099516544,0.0009966935631611907,0.00037520906449515313,0.00044759883019871653,0.000735095959597347,0.0004760108976385064,0.014277767820429457,0.00044012262257145217,0.0021985729708013705,0.0005099078836496697,0.0003007404512741004,0.0005917644126906063,0.0010650167215483456,0.0002865759422975593,0.0008254861754879567,0.0004405384625305155,0.000539401911082717,0.0007444055572619797,0.000584997574984179,0.0020355544030730565,0.0009813789284980792,-5.113670071568043e-5,0.00026766431237704744,0.0005480640975832585,0.0006105046971783268,0.0007127181250736065,0.00044012262257145217,0.004057087709785844,-2.952446743576995e-6,0.002222659220366146,0.00041136084063314083,-0.0007413090501601091,0.0009828313204633806,-0.00014661179887177404,-0.001603414486257768,-0.00012959726034494608,0.0011896582930131044,0.0016267507713912327,0.0005887788162175482,0.0029774942639801084,0.002604364501552489,0.0013482766421410576,0.0007171009690869839,0.0009092031053814949,0.0016319736648765736,0.0003012660953379602,0.0021985729708013705,-2.952446743576995e-6,0.011941758264742223,0.0036710678063555293,0.0007787732530300389,0.00299426243833697,0.002533124187055456,-0.000283745314729923,6.282384406839931e-5,0.0015070389042782296,0.0014801576398827203,0.0025367061768615936,0.0023828496724191415,0.004573128654994739,0.001541276011204288,0.004303102765997863,0.0011081447300361137,0.0029590583341147897,0.005943721365166599,0.0029239191363868173,0.0005099078836496697,0.002222659220366146,0.0036710678063555293,0.03556508539883808,0.0016554249442964834,-0.00010573360085039973,0.00032176553217947985,0.0002305719381385573,-0.000837424876773915,0.0013922872708934302,0.00017203528332083708,0.0014304514083844332,0.0005235317594751609,-0.000323954338945197,0.0003220445902130305,0.0010598852690121962,8.612544141235261e-5,0.0003499687391929887,0.00039727613341106324,0.0005135755634433904,0.0003007404512741004,0.00041136084063314083,0.0007787732530300389,0.0016554249442964834,0.0035771665898545768
