0.006303750577075932,0.00047231799440452176,0.0023204202020756697,0.000893695742877489,0.0009080985743494765,0.0019614096528825183,0.0004195844692228718,0.0008963242545473457,0.0017390361350001454,0.0009367461525192283,-0.0011392778625041822,0.0017378426088594287,0.0005946833426741073,0.0012053937893192618,0.0011207513819590366,0.0016714885452256464,6.771617677612969e-6,0.0008311546984160891,0.0009722389464183148,0.0012693637334067517,0.00047231799440452176,0.00428910855075452,-0.0008017045116921465,-0.00017984301958645432,0.00037410728005426086,0.00019599774783166514,-0.00019476840293855297,3.396626126593976e-5,0.003345887723069811,0.0016045131635883088,0.0018999463041983779,-0.0005138748831530043,-0.0002770932202619774,0.001231051468027474,-0.00040408743565081644,-0.0004196442774796847,0.000143220282952338,0.0011209055907812758,-0.0005815046221373916,0.0018843331907359329,0.0023204202020756697,-0.0008017045116921465,0.029730950921860774,0.0019002063506095167,0.0010892399430902622,0.003767693364553495,-8.161569157022884e-5,0.001112152948661981,0.0026833413980168466,0.0026289106398458303,0.004926953927479959,-0.0014777955970902965,-0.0024733858207029525,-0.0038703722975170253,-0.0014418356207716435,0.002050852653083882,-0.00026574402720609853,0.00614394570196522,-0.002857412413870642,0.004703294245482102,0.000893695742877489,-0.00017984301958645432,0.0019002063506095167,0.002294416998319184,0.00044445366566465825,0.0003714210940994147,0.0001272520519397019,-1.0165501218491673e-5,0.00032895334774872564,0.0009145241058331093,0.0010513699990138637,0.00010247038789789687,0.00031656500897574396,0.0004895198581867528,-2.8772729946591596e-5,7.228365729178125e-5,0.0004088841977706588,0.0017511174076773892,-0.0005868035468741071,0.0012638259426351768,0.0009080985743494765,0.00037410728005426086,0.0010892399430902622,0.00044445366566465825,0.002864684818637857,7.720104979908571e-5,-9.339625961645328e-5,0.00015599754678164563,0.0008732906362047092,0.0016708851086130816,0.0010511543942310405,9.079867789335681e-5,0.0007188186089560269,8.324149848605377e-5,0.000347617212104376,0.00028173589803612775,4.248292453272988e-6,0.002668480218585452,-0.0001815568259153889,0.0011149970896669511,0.0019614096528825183,0.00019599774783166514,0.003767693364553495,0.0003714210940994147,7.720104979908571e-5,0.012722197939401582,0.0006312361607187045,0.00143323722316329,0.0007620074674783582,0.004789208839781237,-0.0019623129390247394,0.0035907969101021883,-0.0011245871028300568,0.0017783623198277766,-0.00024306580997400122,-0.00014518335696012043,0.0016786978300228311,-0.0011228443913406225,0.00037690012522830163,0.0005318931171793738,0.0004195844692228718,-0.00019476840293855297,-8.161569157022884e-5,0.0001272520519397019,-9.339625961645328e-5,0.0006312361607187045,0.003539984153147012,0.0003638768413220541,-0.000745186494808222,-0.0010843166535843586,0.0017646681743505297,-0.0006309080573922801,0.0015930115852427107,0.0002797969376226499,4.148969735187337e-5,0.0005513109877575144,-0.0007159569734492363,-0.0028862926478866414,0.001553887549206033,0.0001121888919222182,0.0008963242545473457,3.396626126593976e-5,0.001112152948661981,-1.0165501218491673e-5,0.00015599754678164563,0.00143323722316329,0.0003638768413220541,0.0021993788170806263,0.00012845231450817548,0.0017518923506531841,-0.0003856630453882093,0.0009771743304069398,-0.0002605152706162835,-0.00014834294984996331,-0.0005685456666847534,0.0006054247546707471,0.0003952720767785791,0.0009281389636324826,-0.001072828213912899,-0.0002078719259355615,0.0017390361350001454,0.003345887723069811,0.0026833413980168466,0.00032895334774872564,0.0008732906362047092,0.0007620074674783582,-0.000745186494808222,0.00012845231450817548,0.013270284195771604,0.0022939406737022905,0.0034074137083349976,-0.00014798037303886247,-0.0017111664827544428,-0.0004431057237611735,-0.00010769021703764481,0.0014230249137195008,0.0004059150336820387,0.005124779565774918,-0.001199239557943727,0.003406637568037367,0.0009367461525192283,0.0016045131635883088,0.0026289106398458303,0.0009145241058331093,0.0016708851086130816,0.004789208839781237,-0.0010843166535843586,0.0017518923506531841,0.0022939406737022905,0.016121214282621386,-0.0002983200365277575,0.003803252668356599,0.0005006112777794318,0.002387632214142422,-0.0009197043618640735,0.0022512441847824653,0.0019440209322175547,0.003912375901787569,-0.0035822527741045255,0.0016441035619324375,-0.0011392778625041822,0.0018999463041983779,0.004926953927479959,0.0010513699990138637,0.0010511543942310405,-0.0019623129390247394,0.0017646681743505297,-0.0003856630453882093,0.0034074137083349976,-0.0002983200365277575,0.029858659974556133,-0.005058573885483001,0.00047150105488487533,-0.0010693930964253272,-0.0014356246758025389,-0.0014268644257201665,-0.00013101618083792663,0.009054250472774356,-0.0026185877999187375,0.0037522738373651997,0.0017378426088594287,-0.0005138748831530043,-0.0014777955970902965,0.00010247038789789687,9.079867789335681e-5,0.0035907969101021883,-0.0006309080573922801,0.0009771743304069398,-0.00014798037303886247,0.003803252668356599,-0.005058573885483001,0.01229030075040603,-0.0017856265242132423,0.003263870494158735,-0.0012879628621905474,0.00276458695699167,0.0026054045034498985,-0.0018110953706238825,-0.0006034827083883484,-0.0006046448774868545,0.0005946833426741073,-0.0002770932202619774,-0.0024733858207029525,0.00031656500897574396,0.0007188186089560269,-0.0011245871028300568,0.0015930115852427107,-0.0002605152706162835,-0.0017111664827544428,0.0005006112777794318,0.00047150105488487533,-0.0017856265242132423,0.005807501298035838,0.0008245243433167328,0.002193092931885395,0.0001597972308461856,-0.0013025510815196674,-0.0017647628832258208,0.001737356303782413,3.895912328935268e-5,0.0012053937893192618,0.001231051468027474,-0.0038703722975170253,0.0004895198581867528,8.324149848605377e-5,0.0017783623198277766,0.0002797969376226499,-0.00014834294984996331,-0.0004431057237611735,0.002387632214142422,-0.0010693930964253272,0.003263870494158735,0.0008245243433167328,0.012812166132258218,-0.0008750877534932256,0.00195956308945905,0.0016340714833206656,-0.003348199158888473,0.0019226951545109655,0.0011552088032119165,0.0011207513819590366,-0.00040408743565081644,-0.0014418356207716435,-2.8772729946591596e-5,0.000347617212104376,-0.00024306580997400122,4.148969735187337e-5,-0.0005685456666847534,-0.00010769021703764481,-0.0009197043618640735,-0.0014356246758025389,-0.0012879628621905474,0.002193092931885395,-0.0008750877534932256,0.004667530955848062,-0.0002658955587677769,-0.001193915385587874,-0.0011819087636310665,0.0020781503496936464,-0.0003645354605689475,0.0016714885452256464,-0.0004196442774796847,0.002050852653083882,7.228365729178125e-5,0.00028173589803612775,-0.00014518335696012043,0.0005513109877575144,0.0006054247546707471,0.0014230249137195008,0.0022512441847824653,-0.0014268644257201665,0.00276458695699167,0.0001597972308461856,0.00195956308945905,-0.0002658955587677769,0.009117065589374685,0.001448805649803422,-0.0012989462451862607,0.0004077195529626485,0.0012886003649506855,6.771617677612969e-6,0.000143220282952338,-0.00026574402720609853,0.0004088841977706588,4.248292453272988e-6,0.0016786978300228311,-0.0007159569734492363,0.0003952720767785791,0.0004059150336820387,0.0019440209322175547,-0.00013101618083792663,0.0026054045034498985,-0.0013025510815196674,0.0016340714833206656,-0.001193915385587874,0.001448805649803422,0.004425584996421514,0.0015902198422970057,-0.00010097180909958097,3.245255878813087e-5,0.0008311546984160891,0.0011209055907812758,0.00614394570196522,0.0017511174076773892,0.002668480218585452,-0.0011228443913406225,-0.0028862926478866414,0.0009281389636324826,0.005124779565774918,0.003912375901787569,0.009054250472774356,-0.0018110953706238825,-0.0017647628832258208,-0.003348199158888473,-0.0011819087636310665,-0.0012989462451862607,0.0015902198422970057,0.023554633869600633,-0.006884891989073598,0.0026091574482780882,0.0009722389464183148,-0.0005815046221373916,-0.002857412413870642,-0.0005868035468741071,-0.0001815568259153889,0.00037690012522830163,0.001553887549206033,-0.001072828213912899,-0.001199239557943727,-0.0035822527741045255,-0.0026185877999187375,-0.0006034827083883484,0.001737356303782413,0.0019226951545109655,0.0020781503496936464,0.0004077195529626485,-0.00010097180909958097,-0.006884891989073598,0.010261128217187266,-0.0008063067402971595,0.0012693637334067517,0.0018843331907359329,0.004703294245482102,0.0012638259426351768,0.0011149970896669511,0.0005318931171793738,0.0001121888919222182,-0.0002078719259355615,0.003406637568037367,0.0016441035619324375,0.0037522738373651997,-0.0006046448774868545,3.895912328935268e-5,0.0011552088032119165,-0.0003645354605689475,0.0012886003649506855,3.245255878813087e-5,0.0026091574482780882,-0.0008063067402971595,0.0063827546251846775
0.0058308095765578875,0.0013873534128763614,0.001360554764151825,-0.0006674725773195829,-0.00031556149984713136,0.0011968478094021959,0.0003630131388722858,-0.0005477703713467807,-0.0007518204229156854,-0.000756531198003249,-0.0014545710848950168,-0.001291373223282845,0.00041001759535999735,-0.00042911497063660925,0.0006774201077874781,0.0014908310863789014,0.000276108071797601,0.0004919401489455654,-0.0019988671195563905,0.00019987369748793366,0.0013873534128763614,0.004421219092797469,0.0010092238088468004,-0.00011166662263996011,0.0005135315670363663,0.001172744439915346,0.0001826125977636402,0.0002797266663592398,-0.0010513193284155938,0.0006068366626064325,0.0013016983975405933,0.00011001903901231122,0.0010372644269061176,0.0002448600041091467,0.0010502454772777252,0.0008565664635440723,0.0004862375925851428,0.001523731459934757,-0.0005267824152827916,0.00020605517841165735,0.001360554764151825,0.0010092238088468004,0.0285680591608943,-0.0003993792418055779,-0.0015153398920140675,0.002444231687191046,0.0018532578518160624,-0.0015343083268319398,0.0009734662505827408,0.003975589833320436,-0.00238510986934203,0.0005647964774528652,0.0007351405583157939,0.005445561785620726,0.0009099281097675397,-0.0013719647633823578,0.0007421095459132125,0.006676202321172196,0.0016816347595703528,0.00015237661697804956,-0.0006674725773195829,-0.00011166662263996011,-0.0003993792418055779,0.002279841194047796,-0.000237628360873661,0.0012993344568400919,0.00013263215376148525,0.00020539807990178942,0.0006602108759807314,0.0013851821408242414,0.0007559691310394213,0.0005721698009942618,3.9655355399507376e-5,0.0014908414305052754,3.129571385508323e-5,0.0004458327814692859,-3.7164636706343585e-5,0.00039838975196077123,0.0014232888072560584,6.769421351786469e-5,-0.00031556149984713136,0.0005135315670363663,-0.0015153398920140675,-0.000237628360873661,0.003633365403405854,-0.0015887085227835394,8.654009570204448e-5,0.0007157234487438313,0.00017107010387860488,0.00021057837960196488,0.0010802029653254716,-2.3935541855355934e-5,0.000573047508596033,0.0001282961157878182,0.0006689066699208182,-0.0003122133055227334,0.0006460092012004514,-9.035944716406834e-5,0.0009349319230128545,0.0004277216731498409,0.0011968478094021959,0.001172744439915346,0.002444231687191046,0.0012993344568400919,-0.0015887085227835394,0.014046449805520698,0.0011183243998036082,-0.0009325441945238623,0.002170118497718398,0.003477670886664009,0.003080851028021253,-0.000378365692219522,0.0009755777272861219,0.002795226263964926,-1.5218774194588865e-5,0.004204638075504079,-0.0002479143103337429,0.003811093623371413,0.0004622158976346875,-0.00044811994296203026,0.0003630131388722858,0.0001826125977636402,0.0018532578518160624,0.00013263215376148525,8.654009570204448e-5,0.0011183243998036082,0.0034172813192475298,-0.0004337776150235732,0.001381738490085559,0.001171051166040507,-0.00036626788690856567,-0.0003565534904805003,0.00035055739531322967,0.0007388746512061041,0.00017915894678199062,0.0001467962143902428,0.0010010096397158202,0.0017889550582748642,-0.00022632635392626273,-7.306948646112088e-5,-0.0005477703713467807,0.0002797266663592398,-0.0015343083268319398,0.00020539807990178942,0.0007157234487438313,-0.0009325441945238623,-0.0004337776150235732,0.002078033322128168,0.0002631828087429521,-0.00020695983225457534,0.0014551225011216547,0.001562828628297766,0.00034929605458144475,0.00023005159961993795,0.00040936591591711697,-0.00043960665385068,-0.0006931821302729943,-0.0004369953138486768,0.0008532754578487729,0.0006643867728945925,-0.0007518204229156854,-0.0010513193284155938,0.0009734662505827408,0.0006602108759807314,0.00017107010387860488,0.002170118497718398,0.001381738490085559,0.0002631828087429521,0.010035339544966153,0.0003475595763679331,0.001354421981543133,0.0010188810430096142,0.0005045270167138566,0.0031125622580310246,-0.00021599459811897726,-6.0586557738507945e-5,-0.00024274504121507684,0.0008388677889284168,0.0006632548046056205,-0.0007742062322663335,-0.000756531198003249,0.0006068366626064325,0.003975589833320436,0.0013851821408242414,0.00021057837960196488,0.003477670886664009,0.001171051166040507,-0.00020695983225457534,0.0003475595763679331,0.014212154865430109,-0.0002462901247099454,-0.001245354677639104,0.0003495923547246726,0.0024277102219179233,0.0001873599827591476,0.0003282112545144681,4.622208457132201e-5,0.0011598577902506336,0.002268580797960058,0.0008959067198583916,-0.0014545710848950168,0.0013016983975405933,-0.00238510986934203,0.0007559691310394213,0.0010802029653254716,0.003080851028021253,-0.00036626788690856567,0.0014551225011216547,0.001354421981543133,-0.0002462901247099454,0.024398452338404677,0.004873973043038571,0.002106462774363683,-0.00020253742350402116,0.001194512803540783,0.0003304807550731174,-0.0015061582120980362,0.0011256095161479942,0.001438017185016266,-0.0007362235842882218,-0.001291373223282845,0.00011001903901231122,0.0005647964774528652,0.0005721698009942618,-2.3935541855355934e-5,-0.000378365692219522,-0.0003565534904805003,0.001562828628297766,0.0010188810430096142,-0.001245354677639104,0.004873973043038571,0.012209669155133988,0.0008653648008319376,0.0004364921629264045,0.000693182125235312,-0.0015638120938858643,-0.0012798340556109142,-0.00020440456232489156,0.0026450861834786694,0.0018805733430936446,0.00041001759535999735,0.0010372644269061176,0.0007351405583157939,3.9655355399507376e-5,0.000573047508596033,0.0009755777272861219,0.00035055739531322967,0.00034929605458144475,0.0005045270167138566,0.0003495923547246726,0.002106462774363683,0.0008653648008319376,0.0037206967705608793,0.0011470688511193911,0.00015554751456318424,0.0001589135190054977,0.0004910140871245239,0.0015667142466947905,0.0002553519552401266,0.00019581592204632155,-0.00042911497063660925,0.0002448600041091467,0.005445561785620726,0.0014908414305052754,0.0001282961157878182,0.002795226263964926,0.0007388746512061041,0.00023005159961993795,0.0031125622580310246,0.0024277102219179233,-0.00020253742350402116,0.0004364921629264045,0.0011470688511193911,0.013623863567367049,0.0006183362671559342,-0.00013290316883886333,0.0011227939315340946,0.0034296120663616014,0.0027559726659334514,0.0005274669771414502,0.0006774201077874781,0.0010502454772777252,0.0009099281097675397,3.129571385508323e-5,0.0006689066699208182,-1.5218774194588865e-5,0.00017915894678199062,0.00040936591591711697,-0.00021599459811897726,0.0001873599827591476,0.001194512803540783,0.000693182125235312,0.00015554751456318424,0.0006183362671559342,0.0029418214582008677,-0.00013187561137847746,0.0006079913463084059,0.00028925293780584284,-9.464746441483553e-5,0.0003460983773241049,0.0014908310863789014,0.0008565664635440723,-0.0013719647633823578,0.0004458327814692859,-0.0003122133055227334,0.004204638075504079,0.0001467962143902428,-0.00043960665385068,-6.0586557738507945e-5,0.0003282112545144681,0.0003304807550731174,-0.0015638120938858643,0.0001589135190054977,-0.00013290316883886333,-0.00013187561137847746,0.01025571410628572,0.000520180418888583,0.0005719631799509871,-0.0005018524007986963,-0.00036552903066021256,0.000276108071797601,0.0004862375925851428,0.0007421095459132125,-3.7164636706343585e-5,0.0006460092012004514,-0.0002479143103337429,0.0010010096397158202,-0.0006931821302729943,-0.00024274504121507684,4.622208457132201e-5,-0.0015061582120980362,-0.0012798340556109142,0.0004910140871245239,0.0011227939315340946,0.0006079913463084059,0.000520180418888583,0.0039420132891351215,0.0010827237205817625,-0.00014308049347286898,0.00047736560457673914,0.0004919401489455654,0.001523731459934757,0.006676202321172196,0.00039838975196077123,-9.035944716406834e-5,0.003811093623371413,0.0017889550582748642,-0.0004369953138486768,0.0008388677889284168,0.0011598577902506336,0.0011256095161479942,-0.00020440456232489156,0.0015667142466947905,0.0034296120663616014,0.00028925293780584284,0.0005719631799509871,0.0010827237205817625,0.013901986837842734,0.0008085999257100081,0.0008565759741482405,-0.0019988671195563905,-0.0005267824152827916,0.0016816347595703528,0.0014232888072560584,0.0009349319230128545,0.0004622158976346875,-0.00022632635392626273,0.0008532754578487729,0.0006632548046056205,0.002268580797960058,0.001438017185016266,0.0026450861834786694,0.0002553519552401266,0.0027559726659334514,-9.464746441483553e-5,-0.0005018524007986963,-0.00014308049347286898,0.0008085999257100081,0.008924630432745204,0.0016418319770251611,0.00019987369748793366,0.00020605517841165735,0.00015237661697804956,6.769421351786469e-5,0.0004277216731498409,-0.00044811994296203026,-7.306948646112088e-5,0.0006643867728945925,-0.0007742062322663335,0.0008959067198583916,-0.0007362235842882218,0.0018805733430936446,0.00019581592204632155,0.0005274669771414502,0.0003460983773241049,-0.00036552903066021256,0.00047736560457673914,0.0008565759741482405,0.0016418319770251611,0.0044132241176613254
