0.014989705084489694,0.001393031143174113,0.00040700451151893364,0.0009554849407831768,0.0019478099217596734,0.0034504475550715,0.0037565961448793547,0.000861140897574592,0.0008615557698013856,0.0012376141879488762,0.0006672502285998557,0.0031795560361969795,0.0008936026985949359,-0.0010195914062892174,0.0018007183827385633,0.0009515414819260765,0.0009859596452938915,0.0023955825634063106,0.0030270401497729357,0.002537296966876305,0.001393031143174113,0.006758643065659389,0.0001579755493706161,-0.00015191184820070213,0.0011220504068099261,-0.00016557431575084196,0.000595039522494183,0.00039450934976576526,0.00038493706938890545,0.00017933353634723515,0.0006678368714325203,0.0012891533916334756,0.000558915243818942,0.0015340028357843961,0.001502218023990747,0.0007162972054087096,8.676863819554289e-5,0.0011657412824219683,0.0023644903110961006,-0.0008696576454056258,0.00040700451151893364,0.0001579755493706161,0.014726611620400013,0.0009064684135502013,0.0012496994363318786,0.0024320658651558334,0.0007530032832723002,-4.493078414963203e-5,0.0011939073582897105,0.0005480892603823866,0.0005799827053671143,0.0018346829450677843,0.0002432476432062561,0.00010509398677718292,-6.733852683501668e-5,0.000413932944588458,-0.00017894095015994046,1.2064665248469808e-5,0.002096372548754653,0.00509965564335969,0.0009554849407831768,-0.00015191184820070213,0.0009064684135502013,0.004620104037216978,0.00015258421559221432,0.001090987523350096,0.0012224902432371784,0.00020706316820414962,0.0004306049393449173,0.001586245792625415,0.00024351155347869367,0.0006383028140775652,0.00021336130100677996,0.000797819635955876,0.00027323055188928136,0.0004430986624690097,-0.00018481011608287637,0.0004803454513829839,-0.00023618066980692195,0.0008249468659289742,0.0019478099217596734,0.0011220504068099261,0.0012496994363318786,0.00015258421559221432,0.00857155767423736,0.0031399002114240035,0.0006658522623545378,0.00045853285134051257,0.0018524289043147816,-0.0003223285982797134,5.967608063794929e-5,0.0010292494945497634,0.000631299784513284,0.00046310320931176646,0.0008330474893350079,0.0007760554036953821,0.0024545204711757893,0.001008103437570137,0.0035375040586092246,0.0018964751825896937,0.0034504475550715,-0.00016557431575084196,0.0024320658651558334,0.001090987523350096,0.0031399002114240035,0.036224475216315256,0.0034272145003169316,0.0013091767792991268,0.0016802546520614905,-0.002596146583701768,0.00034547481059127067,0.003961354625924988,0.0004930793436489433,0.004034267565744717,0.000839144141406776,0.000968397822348636,0.00042584723878509416,0.002378423545848196,0.0032015488956559273,0.0014587718868724728,0.0037565961448793547,0.000595039522494183,0.0007530032832723002,0.0012224902432371784,0.0006658522623545378,0.0034272145003169316,0.008619075497794419,0.0005926912222812973,0.0010863648521221162,0.0006152928135602681,0.0009175208261976435,0.0023585523532256326,0.0009036695724579478,0.002170173118449183,0.0011624670519949905,0.0006346578399714337,0.000865884061010608,0.0016778793361749377,0.002444379974526651,0.0013025075658367204,0.000861140897574592,0.00039450934976576526,-4.493078414963203e-5,0.00020706316820414962,0.00045853285134051257,0.0013091767792991268,0.0005926912222812973,0.0034846260970217363,0.0012684858943670385,0.0007451439246420827,0.0004263025215726099,0.0007622870470762486,0.00014717989990508577,0.0013488578118348907,0.00013284338862330417,0.00038267394433425504,0.001193317717770483,0.0004879709349947195,-0.0004380301172262527,0.0019175452974476647,0.0008615557698013856,0.00038493706938890545,0.0011939073582897105,0.0004306049393449173,0.0018524289043147816,0.0016802546520614905,0.0010863648521221162,0.0012684858943670385,0.007785786089204234,0.0012998701045756126,0.00021907128767504597,0.0008286542546193092,8.095008410233861e-5,0.00031956714557360513,0.0001620396377325896,0.00031378851046282903,0.0022262392620801025,0.0006006490508826613,0.0035939760795725157,0.001182801631096732,0.0012376141879488762,0.00017933353634723515,0.0005480892603823866,0.001586245792625415,-0.0003223285982797134,-0.002596146583701768,0.0006152928135602681,0.0007451439246420827,0.0012998701045756126,0.017427471762163013,0.00048736839013841795,0.0015013384225661794,0.0007611501481290596,0.0013730713080935607,0.0008823850389855305,0.0006102329726703291,0.0017321050535299691,0.0008452480327219558,0.0009355857967738837,0.0022200994961977267,0.0006672502285998557,0.0006678368714325203,0.0005799827053671143,0.00024351155347869367,5.967608063794929e-5,0.00034547481059127067,0.0009175208261976435,0.0004263025215726099,0.00021907128767504597,0.00048736839013841795,0.0015486013770504516,0.001075558018563817,0.00025089939808624844,0.0009213930430638622,0.0005553777512013103,0.0002431631141218239,0.00035596220602060566,-0.00023432374588641655,0.0002741569860199072,2.0259268679109787e-5,0.0031795560361969795,0.0012891533916334756,0.0018346829450677843,0.0006383028140775652,0.0010292494945497634,0.003961354625924988,0.0023585523532256326,0.0007622870470762486,0.0008286542546193092,0.0015013384225661794,0.001075558018563817,0.014277827769594104,0.0006829492370519614,0.0019186508839373884,0.0012191152533138506,0.0004096158972664101,0.0008505482017940604,0.0010425920335211565,0.002909829505560552,0.0022589034805035133,0.0008936026985949359,0.000558915243818942,0.0002432476432062561,0.00021336130100677996,0.000631299784513284,0.0004930793436489433,0.0009036695724579478,0.00014717989990508577,8.095008410233861e-5,0.0007611501481290596,0.00025089939808624844,0.0006829492370519614,0.0015323055656718814,0.00020305561277126507,0.00020830063224391246,0.0002581653200101542,0.0006952825479904054,0.0005566585530985039,0.0006168622896918585,0.0011759261997531397,-0.0010195914062892174,0.0015340028357843961,0.00010509398677718292,0.000797819635955876,0.00046310320931176646,0.004034267565744717,0.002170173118449183,0.0013488578118348907,0.00031956714557360513,0.0013730713080935607,0.0009213930430638622,0.0019186508839373884,0.00020305561277126507,0.021382937786923312,0.0015480553713954823,0.0006469883471350297,0.0011715260862982897,0.0020032342415352692,0.0012312204192647096,7.881315575379339e-5,0.0018007183827385633,0.001502218023990747,-6.733852683501668e-5,0.00027323055188928136,0.0008330474893350079,0.000839144141406776,0.0011624670519949905,0.00013284338862330417,0.0001620396377325896,0.0008823850389855305,0.0005553777512013103,0.0012191152533138506,0.00020830063224391246,0.0015480553713954823,0.0041045874941461665,0.0004359401803898616,-0.0005844418353799479,0.0011141717249455653,0.0008240853435428595,-0.0007421505173450561,0.0009515414819260765,0.0007162972054087096,0.000413932944588458,0.0004430986624690097,0.0007760554036953821,0.000968397822348636,0.0006346578399714337,0.00038267394433425504,0.00031378851046282903,0.0006102329726703291,0.0002431631141218239,0.0004096158972664101,0.0002581653200101542,0.0006469883471350297,0.0004359401803898616,0.0016654597246260436,0.00047248505388158694,0.0007847090622260932,0.00048616952814038846,0.0008669106911132331,0.0009859596452938915,8.676863819554289e-5,-0.00017894095015994046,-0.00018481011608287637,0.0024545204711757893,0.00042584723878509416,0.000865884061010608,0.001193317717770483,0.0022262392620801025,0.0017321050535299691,0.00035596220602060566,0.0008505482017940604,0.0006952825479904054,0.0011715260862982897,-0.0005844418353799479,0.00047248505388158694,0.014991893978181466,0.0003814139512918137,0.001727651820514897,0.004135543593177381,0.0023955825634063106,0.0011657412824219683,1.2064665248469808e-5,0.0004803454513829839,0.001008103437570137,0.002378423545848196,0.0016778793361749377,0.0004879709349947195,0.0006006490508826613,0.0008452480327219558,-0.00023432374588641655,0.0010425920335211565,0.0005566585530985039,0.0020032342415352692,0.0011141717249455653,0.0007847090622260932,0.0003814139512918137,0.007117456880278759,0.002577130393606775,0.0012094305522364522,0.0030270401497729357,0.0023644903110961006,0.002096372548754653,-0.00023618066980692195,0.0035375040586092246,0.0032015488956559273,0.002444379974526651,-0.0004380301172262527,0.0035939760795725157,0.0009355857967738837,0.0002741569860199072,0.002909829505560552,0.0006168622896918585,0.0012312204192647096,0.0008240853435428595,0.00048616952814038846,0.001727651820514897,0.002577130393606775,0.034184500513913446,-0.0017613353827277273,0.002537296966876305,-0.0008696576454056258,0.00509965564335969,0.0008249468659289742,0.0018964751825896937,0.0014587718868724728,0.0013025075658367204,0.0019175452974476647,0.001182801631096732,0.0022200994961977267,2.0259268679109787e-5,0.0022589034805035133,0.0011759261997531397,7.881315575379339e-5,-0.0007421505173450561,0.0008669106911132331,0.004135543593177381,0.0012094305522364522,-0.0017613353827277273,0.025117020996093115
