0.020353365268828333,-0.004034594428150616,-0.00024811548903065227,-0.0019051370640354643,-0.0015783712902668725,0.0002523874440634557,0.0004241840349130764,0.002328622793892423,-0.001307222250950466,-0.0016519513409369818,0.0020807818364696118,-0.0008345184677099509,0.005854934596601354,0.0008276216482926132,-0.0028599821603066972,0.0021231150938269853,0.0023185474847587867,0.003273028557202884,0.0022002316589022613,-0.000509173654282047,-0.004034594428150616,0.031772626388971006,-0.0012834712647709304,0.003329745533927717,0.0014271753699722795,0.0014964261916074616,-0.0003850966340062165,-0.00021928279403510777,0.0008132181520250641,-0.0032974481010764794,0.011643551155085693,0.0036379841284358387,0.013264160250062969,-3.870223752274571e-5,0.0030060027174842402,0.001204608084247152,0.004091231531263334,0.004442294244400553,-0.0002975309243587223,-0.00037113929332525757,-0.00024811548903065227,-0.0012834712647709304,0.002381967105368495,0.00017062365710464816,-0.0005237852063870975,0.0003836960746458159,0.000961750851251059,5.9019204212200766e-6,0.0005854360678364994,-0.0004988861145353066,-0.002294691213990372,-3.99780812930208e-5,-0.0017304841742874601,-0.0011910883040901943,-0.0003610008012476983,0.00014353619799462684,-0.0015131601211631717,-0.0015137815409947627,0.00017188466191681083,0.00010213774240007498,-0.0019051370640354643,0.003329745533927717,0.00017062365710464816,0.004727969286375815,0.0005397691027313406,0.0011031854931650644,0.0009076497031832704,-0.0013390727144683956,0.0012584170791891535,0.0007660986666385506,0.0012164234369589438,0.0005143892954043794,0.0038621314483412612,0.0005751547829773125,0.0011259062233816399,-0.00035293806919022653,0.0010854188518575865,0.0037014363958572634,0.0007561248487497091,-0.0004205916561047343,-0.0015783712902668725,0.0014271753699722795,-0.0005237852063870975,0.0005397691027313406,0.0020100433804864817,-0.0004240885702136201,-0.0007097249093430964,-0.0003908392909345207,0.0001538427658555346,0.002224132460755663,-0.0006900990162806339,0.00022128851926143044,-0.0004350878412959651,0.0006957144053151218,0.0003644380966079629,-0.00012384408036110532,-0.0002789827134534723,0.001151925838632517,-0.00019015279354412095,0.00020621638674972942,0.0002523874440634557,0.0014964261916074616,0.0003836960746458159,0.0011031854931650644,-0.0004240885702136201,0.006214605501711975,0.002825978182573746,-2.289516666258242e-6,0.0014042412500319627,-0.0015217913982543275,0.0017163577748093377,0.0012899008505951588,0.0059585945164615205,-0.0009109155286940837,0.001152513970111221,-0.0005363075046257771,0.0012086181819235648,0.002728061301345585,0.0005236966104237048,-0.0003896058567243464,0.0004241840349130764,-0.0003850966340062165,0.000961750851251059,0.0009076497031832704,-0.0007097249093430964,0.002825978182573746,0.008190796123775058,0.00038051860643088575,0.0012277011011890822,-0.001307956843002723,0.0005578621377378935,0.0019461445619981988,0.0012215439475703014,-0.0009355025789661869,0.0021919169735452847,0.00032771132021187303,0.0019018858296258718,0.00864973800093631,0.000321468164424136,-0.0004584558428839374,0.002328622793892423,-0.00021928279403510777,5.9019204212200766e-6,-0.0013390727144683956,-0.0003908392909345207,-2.289516666258242e-6,0.00038051860643088575,0.0037644934033050506,-0.0005596739320807068,-0.0006187828532406134,0.0005185030783658875,8.819783859278227e-5,-0.001065677975597516,0.0001398093877015251,0.00045149118303890336,0.0003011295719691022,-0.0005187544252293131,-0.00018698904403357354,0.00019917277379988697,-0.0005051409306932255,-0.001307222250950466,0.0008132181520250641,0.0005854360678364994,0.0012584170791891535,0.0001538427658555346,0.0014042412500319627,0.0012277011011890822,-0.0005596739320807068,0.0020435857811312167,-0.00014612508243095306,-8.359827308348301e-5,0.0005826340873371687,0.001558389699311987,-0.00035229632857822343,0.0008140520049581297,-0.0006943231226719377,0.0004870892065994853,0.0009520289402891984,-3.5892226050981754e-5,-0.00017784859141787272,-0.0016519513409369818,-0.0032974481010764794,-0.0004988861145353066,0.0007660986666385506,0.002224132460755663,-0.0015217913982543275,-0.001307956843002723,-0.0006187828532406134,-0.00014612508243095306,0.012411379970735714,-0.004026080884559177,-0.0004546182522775277,-0.00909174082458798,0.0014904153842999908,-0.00042738390210383004,-0.0011577479302965002,-0.0021275055140915367,0.0011858892730558861,0.0002778858491243226,0.0013301632187224458,0.0020807818364696118,0.011643551155085693,-0.002294691213990372,0.0012164234369589438,-0.0006900990162806339,0.0017163577748093377,0.0005578621377378935,0.0005185030783658875,-8.359827308348301e-5,-0.004026080884559177,0.02493884925623887,0.002781599846957957,0.014538849229999415,0.00298190379875139,0.0026956426069395726,0.001647997857396814,0.007129830194571817,0.007165602644607086,-0.0009631515699589631,-3.7036761417060765e-5,-0.0008345184677099509,0.0036379841284358387,-3.99780812930208e-5,0.0005143892954043794,0.00022128851926143044,0.0012899008505951588,0.0019461445619981988,8.819783859278227e-5,0.0005826340873371687,-0.0004546182522775277,0.002781599846957957,0.004776361032459482,0.0029672591110576946,-0.000800967734344417,0.0030952395185959106,0.00043316720363208334,0.001714229167188806,0.003614227113505993,-0.0009037827818832007,-0.0001372929298214218,0.005854934596601354,0.013264160250062969,-0.0017304841742874601,0.0038621314483412612,-0.0004350878412959651,0.0059585945164615205,0.0012215439475703014,-0.001065677975597516,0.001558389699311987,-0.00909174082458798,0.014538849229999415,0.0029672591110576946,0.04052055808259543,0.00010664435273064727,-0.0013166720870973665,0.002171461037074309,0.0069763588855705945,0.0019908660479469624,0.0020081181402139972,-0.0026775750115221753,0.0008276216482926132,-3.870223752274571e-5,-0.0011910883040901943,0.0005751547829773125,0.0006957144053151218,-0.0009109155286940837,-0.0009355025789661869,0.0001398093877015251,-0.00035229632857822343,0.0014904153842999908,0.00298190379875139,-0.000800967734344417,0.00010664435273064727,0.005062919920927722,0.000440836776582992,-1.3486116181489264e-5,0.001764747972115756,0.004353987801377595,0.0005960593444221945,0.0005987638394393906,-0.0028599821603066972,0.0030060027174842402,-0.0003610008012476983,0.0011259062233816399,0.0003644380966079629,0.001152513970111221,0.0021919169735452847,0.00045149118303890336,0.0008140520049581297,-0.00042738390210383004,0.0026956426069395726,0.0030952395185959106,-0.0013166720870973665,0.000440836776582992,0.01428157045064334,-0.00017954470492807366,0.0020009607157528675,0.008770865711616282,-0.0008594784772757282,-8.551680617024978e-5,0.0021231150938269853,0.001204608084247152,0.00014353619799462684,-0.00035293806919022653,-0.00012384408036110532,-0.0005363075046257771,0.00032771132021187303,0.0003011295719691022,-0.0006943231226719377,-0.0011577479302965002,0.001647997857396814,0.00043316720363208334,0.002171461037074309,-1.3486116181489264e-5,-0.00017954470492807366,0.0030077998074561707,0.0007167122392060946,0.0012803272829134205,9.148829520426303e-5,0.00047212288752899204,0.0023185474847587867,0.004091231531263334,-0.0015131601211631717,0.0010854188518575865,-0.0002789827134534723,0.0012086181819235648,0.0019018858296258718,-0.0005187544252293131,0.0004870892065994853,-0.0021275055140915367,0.007129830194571817,0.001714229167188806,0.0069763588855705945,0.001764747972115756,0.0020009607157528675,0.0007167122392060946,0.008102511987687756,0.0090585576398736,-5.324464487274276e-6,0.00018177189516648906,0.003273028557202884,0.004442294244400553,-0.0015137815409947627,0.0037014363958572634,0.001151925838632517,0.002728061301345585,0.00864973800093631,-0.00018698904403357354,0.0009520289402891984,0.0011858892730558861,0.007165602644607086,0.003614227113505993,0.0019908660479469624,0.004353987801377595,0.008770865711616282,0.0012803272829134205,0.0090585576398736,0.04736822399547767,0.0022946004554877802,-0.0005041447167091269,0.0022002316589022613,-0.0002975309243587223,0.00017188466191681083,0.0007561248487497091,-0.00019015279354412095,0.0005236966104237048,0.000321468164424136,0.00019917277379988697,-3.5892226050981754e-5,0.0002778858491243226,-0.0009631515699589631,-0.0009037827818832007,0.0020081181402139972,0.0005960593444221945,-0.0008594784772757282,9.148829520426303e-5,-5.324464487274276e-6,0.0022946004554877802,0.004526698299772959,-0.0006698104574581558,-0.000509173654282047,-0.00037113929332525757,0.00010213774240007498,-0.0004205916561047343,0.00020621638674972942,-0.0003896058567243464,-0.0004584558428839374,-0.0005051409306932255,-0.00017784859141787272,0.0013301632187224458,-3.7036761417060765e-5,-0.0001372929298214218,-0.0026775750115221753,0.0005987638394393906,-8.551680617024978e-5,0.00047212288752899204,0.00018177189516648906,-0.0005041447167091269,-0.0006698104574581558,0.0022410745384660244
0.014974540816424456,0.0014118857081450872,0.0003289057048609257,0.0010334915465111325,0.0010610594702279773,0.001830265698542837,0.000939076169691437,0.0009804684190479356,0.00035907583713166893,-2.010585151663814e-5,0.002628397211804991,0.0010420250850145737,0.0008310020235993225,0.0015850039151928438,0.0008220828200353093,0.00019824899834775973,0.0012562405370971585,0.0011488421386609956,0.0006472707304787119,0.0009222372444580127,0.0014118857081450872,0.018106089941993347,0.0005591777008115985,0.0003485676692332014,0.0008773197809137344,0.00030524677412866656,0.0018287965797879153,0.0008585543354483849,0.0006305271725659321,0.0023701745349919085,-0.00018232840117498464,0.00010871827110481028,0.0029753017824442687,3.655539491218815e-5,0.001133528290049038,-0.00039823736988035916,0.0013195432713812424,0.004872745909231767,0.00015652906992588112,7.51733339511981e-5,0.0003289057048609257,0.0005591777008115985,0.0021811427540381345,0.00028729292200019925,0.00028554448863684435,0.0006341473481005385,-0.00017995469716290896,0.0004249979309732476,6.989841485688921e-5,0.00046204837527254725,0.0010910594422986221,0.0004690442138621885,0.0014324110337809563,0.0004483997791989748,0.0011028683604143025,0.0005114289016690525,0.00014277094853542682,0.0009230863853322756,2.4343329947055277e-5,0.0001907280804718173,0.0010334915465111325,0.0003485676692332014,0.00028729292200019925,0.0036688981138839204,0.0007035752365377021,0.0008446754186848338,0.00034930677260039346,0.0006374845322049964,0.00030147898575718507,0.0008816696996633215,0.0014838841644550709,0.00026211202447172093,0.0005235884598109341,0.0002659866974687379,0.0006328307521627787,0.0004495463584668637,0.0008896609254503119,0.000537395254990183,0.0001672294919364946,0.0006161095583550626,0.0010610594702279773,0.0008773197809137344,0.00028554448863684435,0.0007035752365377021,0.0017549364528341264,0.0005638298339215365,0.00037582314126904286,0.0003224611867472904,0.00032291093608969885,0.0002609494371835448,0.0009384317844312962,0.0003460251113333429,0.00010430289020101928,-0.00011219570574902982,0.0012424932268513416,0.00017653050913177433,0.0006248327268905366,0.0008557250583334068,-9.284311326682415e-5,0.00015283997947198973,0.001830265698542837,0.00030524677412866656,0.0006341473481005385,0.0008446754186848338,0.0005638298339215365,0.0050561719900663,0.0004245240250879698,0.00014636011274961352,-0.00025707311223473195,0.00019730150514598205,0.0009217715003606712,6.24652022371467e-5,-0.000624536055650796,0.000704046678119453,0.001426543876415731,0.000704752729171255,0.0005832309837632713,0.0003026753653186256,-0.00040096391095787007,0.0002430129088863705,0.000939076169691437,0.0018287965797879153,-0.00017995469716290896,0.00034930677260039346,0.00037582314126904286,0.0004245240250879698,0.005330970709061085,0.0002406069176356892,0.0003038311334638734,0.00029182620575122397,0.0009491666209786075,4.5501132663261754e-5,0.0018570650353089517,0.00039842943396999064,0.0008687682498249505,0.0006669330175077235,0.00038198604551933414,0.00012469816297690255,0.0004738223326582374,0.00013137866177740835,0.0009804684190479356,0.0008585543354483849,0.0004249979309732476,0.0006374845322049964,0.0003224611867472904,0.00014636011274961352,0.0002406069176356892,0.0032603211451152185,0.0002034150532294113,-0.00012243483161550526,0.0008173754919061098,0.0006183760622148792,0.0012687678285465938,1.1921991084930077e-5,0.0007170062730189414,0.0002939801922624117,0.00046772311833017256,0.0007608258465017094,4.8613995810903996e-5,0.0011296701712224853,0.00035907583713166893,0.0006305271725659321,6.989841485688921e-5,0.00030147898575718507,0.00032291093608969885,-0.00025707311223473195,0.0003038311334638734,0.0002034150532294113,0.0014313201922497153,0.0001368712873060402,0.0008103068126091549,0.00039908764417691364,0.00031496990287876493,0.00021974132243990867,0.0004978602738574371,5.328117514588003e-5,-0.0001412850288087587,0.0012482101765106594,0.00025454343621288285,0.00014936914853310994,-2.010585151663814e-5,0.0023701745349919085,0.00046204837527254725,0.0008816696996633215,0.0002609494371835448,0.00019730150514598205,0.00029182620575122397,-0.00012243483161550526,0.0001368712873060402,0.006973026479818992,-0.000776152191807432,-0.0005284323107212974,0.0019125164850943895,0.00040570613985065453,0.0002453471817651894,0.0005133456702682224,0.000915132873080862,0.0014942415640091834,0.0006355519558002629,0.00012245785283742928,0.002628397211804991,-0.00018232840117498464,0.0010910594422986221,0.0014838841644550709,0.0009384317844312962,0.0009217715003606712,0.0009491666209786075,0.0008173754919061098,0.0008103068126091549,-0.000776152191807432,0.018882095688209338,0.0010178510111759132,0.003320176405539643,0.0010266702880794344,0.003264374446275033,0.0010929554377046282,-0.0006519856140334256,0.0020969471251041554,0.0017570888012245097,0.0010581188331352962,0.0010420250850145737,0.00010871827110481028,0.0004690442138621885,0.00026211202447172093,0.0003460251113333429,6.24652022371467e-5,4.5501132663261754e-5,0.0006183760622148792,0.00039908764417691364,-0.0005284323107212974,0.0010178510111759132,0.004212700272570467,0.0006498107041473496,0.0009133602967521327,-0.000835636158665432,0.0004327403401864184,0.00023304046438934897,0.0009178739853813287,0.0004255895233530709,0.0006985853548649622,0.0008310020235993225,0.0029753017824442687,0.0014324110337809563,0.0005235884598109341,0.00010430289020101928,-0.000624536055650796,0.0018570650353089517,0.0012687678285465938,0.00031496990287876493,0.0019125164850943895,0.003320176405539643,0.0006498107041473496,0.017929129783511476,0.0007465789735603052,0.0013846416974993094,0.0009087868460208596,-0.0003550419239900783,0.0030628385270515274,0.0015655157135880872,0.0014997104624356603,0.0015850039151928438,3.655539491218815e-5,0.0004483997791989748,0.0002659866974687379,-0.00011219570574902982,0.000704046678119453,0.00039842943396999064,1.1921991084930077e-5,0.00021974132243990867,0.00040570613985065453,0.0010266702880794344,0.0009133602967521327,0.0007465789735603052,0.0037135866792583436,0.0004779057178485722,0.0005547365743700254,0.00024323800386743036,0.00032136635562249755,-7.865146100110372e-5,0.000299143116537389,0.0008220828200353093,0.001133528290049038,0.0011028683604143025,0.0006328307521627787,0.0012424932268513416,0.001426543876415731,0.0008687682498249505,0.0007170062730189414,0.0004978602738574371,0.0002453471817651894,0.003264374446275033,-0.000835636158665432,0.0013846416974993094,0.0004779057178485722,0.01399666880480486,0.0005415695889758097,-0.0002312004688740388,0.0003884401792990821,0.0006619732276876189,0.00015813082329770551,0.00019824899834775973,-0.00039823736988035916,0.0005114289016690525,0.0004495463584668637,0.00017653050913177433,0.000704752729171255,0.0006669330175077235,0.0002939801922624117,5.328117514588003e-5,0.0005133456702682224,0.0010929554377046282,0.0004327403401864184,0.0009087868460208596,0.0005547365743700254,0.0005415695889758097,0.0024920178478904545,0.0003465851744648039,0.00032937793554657397,0.0003633359762893122,0.00010524221069095282,0.0012562405370971585,0.0013195432713812424,0.00014277094853542682,0.0008896609254503119,0.0006248327268905366,0.0005832309837632713,0.00038198604551933414,0.00046772311833017256,-0.0001412850288087587,0.000915132873080862,-0.0006519856140334256,0.00023304046438934897,-0.0003550419239900783,0.00024323800386743036,-0.0002312004688740388,0.0003465851744648039,0.00459591007773449,-0.0005304454370032522,0.00013999399273411622,0.00010711844342188256,0.0011488421386609956,0.004872745909231767,0.0009230863853322756,0.000537395254990183,0.0008557250583334068,0.0003026753653186256,0.00012469816297690255,0.0007608258465017094,0.0012482101765106594,0.0014942415640091834,0.0020969471251041554,0.0009178739853813287,0.0030628385270515274,0.00032136635562249755,0.0003884401792990821,0.00032937793554657397,-0.0005304454370032522,0.0233047951223576,0.0015220339950059334,0.0007602387450428502,0.0006472707304787119,0.00015652906992588112,2.4343329947055277e-5,0.0001672294919364946,-9.284311326682415e-5,-0.00040096391095787007,0.0004738223326582374,4.8613995810903996e-5,0.00025454343621288285,0.0006355519558002629,0.0017570888012245097,0.0004255895233530709,0.0015655157135880872,-7.865146100110372e-5,0.0006619732276876189,0.0003633359762893122,0.00013999399273411622,0.0015220339950059334,0.004801403650026549,0.0008103546525514648,0.0009222372444580127,7.51733339511981e-5,0.0001907280804718173,0.0006161095583550626,0.00015283997947198973,0.0002430129088863705,0.00013137866177740835,0.0011296701712224853,0.00014936914853310994,0.00012245785283742928,0.0010581188331352962,0.0006985853548649622,0.0014997104624356603,0.000299143116537389,0.00015813082329770551,0.00010524221069095282,0.00010711844342188256,0.0007602387450428502,0.0008103546525514648,0.0022800419302072272
