0.006993726916327511,-0.0002028899881567039,-0.0012064859511186523,-0.0038458581019572475,-6.443259796905742e-5,0.00045240743165180126,0.0013913469121149503,0.0003141284035801582,0.0005032710252047396,-0.0004379723103106611,7.202355854539589e-5,-0.00020116691484403152,0.002863950325628926,0.002097854913142702,-0.0012317298805735732,0.00018216232932124745,-0.00039208954225710134,0.002431468888823938,-0.0020886729415020033,0.0001755821388339828,-0.0002028899881567039,0.006203318711503126,-0.0011881442204129229,-0.001367858242699492,6.805742950710737e-5,0.0011754614280992787,0.0006775510126151733,-0.00019110448516143288,-0.00023311156045417107,-0.000721847288949886,-0.00017539768704005518,0.00035766168738678085,0.002878336442152113,-0.0016624797463817911,-0.0012741516785111202,-0.0005991909704080906,0.0004913423759293416,0.002572364902575818,0.00023088838327009335,-0.00025382116464023146,-0.0012064859511186523,-0.0011881442204129229,0.029695359585524106,0.00706137131388616,0.002106537532961305,-0.0005855790705830803,-0.0023370569137361164,0.0014721439418261414,0.004579101424667159,0.001553921121319152,0.00287828784636898,0.0011130984510657204,0.0034962971865431054,0.00705991038121255,0.00284413298637526,0.0020594124705559536,0.0004364194618577054,-0.0015156558917756389,0.003229252228093428,0.0028504308826189347,-0.0038458581019572475,-0.001367858242699492,0.00706137131388616,0.03675986815046007,0.0025578862297216142,-0.0011302590623972527,0.0008825974933738512,0.00011784155096008387,0.0030528241704750043,0.0009699914652681768,-0.00038411843386955706,0.00379457097958622,-0.00377458461827055,0.0027638435586827314,0.0031873752098503403,0.0007623637384697247,0.0014285891216640988,-0.00444304444085389,0.000952816751747673,0.0009073393673301344,-6.443259796905742e-5,6.805742950710737e-5,0.002106537532961305,0.0025578862297216142,0.02541202423652617,0.0007893238967461122,0.0008350157179142202,-0.0004771098943584045,-0.0009873194295238398,0.0006940703160995925,0.00031669935164404633,-0.0006853847684591145,0.0003455944014183122,0.002212645624630594,0.00041659608955399755,0.0008087258464783173,-2.0183898010171005e-5,-0.001564836421372855,-0.0019397028085479467,0.0001106788357296069,0.00045240743165180126,0.0011754614280992787,-0.0005855790705830803,-0.0011302590623972527,0.0007893238967461122,0.003302414929573923,0.0007665898035183745,-0.00041779487462935536,6.684216606726444e-5,-0.0004996973970850477,0.00029003247625516363,-0.0001319828944571596,-0.00037316708766603734,-0.0015582473441281218,-0.000215156928993133,-0.00022747988563581926,0.0005790549981454268,0.0017505761167054762,0.000358282149439968,5.775512894003728e-5,0.0013913469121149503,0.0006775510126151733,-0.0023370569137361164,0.0008825974933738512,0.0008350157179142202,0.0007665898035183745,0.019043259941214183,0.00010734295663690258,0.00016439954290286337,-0.0009306619169269769,-0.001679794617952304,0.0030013947655839653,0.0003104935734671501,-0.0012987707261418288,-0.0015243325933083324,-0.0006166646298609807,-0.00026618573992672265,0.002053538970545501,-0.0009253424697651237,-0.0011460253848912382,0.0003141284035801582,-0.00019110448516143288,0.0014721439418261414,0.00011784155096008387,-0.0004771098943584045,-0.00041779487462935536,0.00010734295663690258,0.002232133561556518,0.00044036754883190385,0.00027863366380251635,0.0006344709363770111,0.00042488857968377727,0.002189359507614187,0.0004070101959296329,0.0005132649852881747,-0.00013308260029852435,-0.00024593267113667697,-9.021924777784972e-5,0.00022994951683212253,0.0004511049308476045,0.0005032710252047396,-0.00023311156045417107,0.004579101424667159,0.0030528241704750043,-0.0009873194295238398,6.684216606726444e-5,0.00016439954290286337,0.00044036754883190385,0.017846011121346823,0.0012513233106102469,-3.518305860878446e-5,0.0011305318316656068,0.0001393846381154358,0.002934462392263701,0.00082601798481978,0.00020689792557479898,0.0008274957088723569,-0.000282865063050359,0.0005754283988567809,0.0011309200170021736,-0.0004379723103106611,-0.000721847288949886,0.001553921121319152,0.0009699914652681768,0.0006940703160995925,-0.0004996973970850477,-0.0009306619169269769,0.00027863366380251635,0.0012513233106102469,0.002571070065360914,0.0006428540714647892,0.0006137528978561806,-0.0012899686809057349,0.0012590787191961172,0.001608728363749774,-6.2522169154646e-5,0.0005672451047432498,-0.0016889520334586474,0.0015241770450904618,0.000852917569309192,7.202355854539589e-5,-0.00017539768704005518,0.00287828784636898,-0.00038411843386955706,0.00031669935164404633,0.00029003247625516363,-0.001679794617952304,0.0006344709363770111,-3.518305860878446e-5,0.0006428540714647892,0.0036564434582880946,-0.00018428470509192126,0.0014673092792638056,0.0016254657918369662,0.0011488713691439568,0.0005280749613808628,-7.50847148161788e-5,-0.00042770618065100764,0.0012752053254727034,0.001244402717914339,-0.00020116691484403152,0.00035766168738678085,0.0011130984510657204,0.00379457097958622,-0.0006853847684591145,-0.0001319828944571596,0.0030013947655839653,0.00042488857968377727,0.0011305318316656068,0.0006137528978561806,-0.00018428470509192126,0.00852367559059524,0.0013550595830191107,0.00170434575185529,0.0015517405483303466,-0.00011099694507120741,0.0010078246450982778,0.00010362721380586043,0.0023725299662148633,0.0008447142761119309,0.002863950325628926,0.002878336442152113,0.0034962971865431054,-0.00377458461827055,0.0003455944014183122,-0.00037316708766603734,0.0003104935734671501,0.002189359507614187,0.0001393846381154358,-0.0012899686809057349,0.0014673092792638056,0.0013550595830191107,0.03549281581269939,0.0020064254210890023,-2.344003072869065e-5,0.0014354591432381605,-0.0010775542889587058,0.00430012630713989,0.0013375789086275398,0.000527912600153189,0.002097854913142702,-0.0016624797463817911,0.00705991038121255,0.0027638435586827314,0.002212645624630594,-0.0015582473441281218,-0.0012987707261418288,0.0004070101959296329,0.002934462392263701,0.0012590787191961172,0.0016254657918369662,0.00170434575185529,0.0020064254210890023,0.015219661282102868,0.0010039731372423204,0.0018826971609847425,-0.00018680607622852897,-0.0005482983433437686,0.00011598590162256945,0.002584480336000947,-0.0012317298805735732,-0.0012741516785111202,0.00284413298637526,0.0031873752098503403,0.00041659608955399755,-0.000215156928993133,-0.0015243325933083324,0.0005132649852881747,0.00082601798481978,0.001608728363749774,0.0011488713691439568,0.0015517405483303466,-2.344003072869065e-5,0.0010039731372423204,0.006523508072559346,-2.0021926574061133e-5,0.0006021629948890477,-0.002190433966629426,0.002468840896250119,0.0013483745577849353,0.00018216232932124745,-0.0005991909704080906,0.0020594124705559536,0.0007623637384697247,0.0008087258464783173,-0.00022747988563581926,-0.0006166646298609807,-0.00013308260029852435,0.00020689792557479898,-6.2522169154646e-5,0.0005280749613808628,-0.00011099694507120741,0.0014354591432381605,0.0018826971609847425,-2.0021926574061133e-5,0.0019362837695426436,-0.00042860578096513954,-0.00027236770569165575,2.9272344987596433e-5,0.0003141692222949611,-0.00039208954225710134,0.0004913423759293416,0.0004364194618577054,0.0014285891216640988,-2.0183898010171005e-5,0.0005790549981454268,-0.00026618573992672265,-0.00024593267113667697,0.0008274957088723569,0.0005672451047432498,-7.50847148161788e-5,0.0010078246450982778,-0.0010775542889587058,-0.00018680607622852897,0.0006021629948890477,-0.00042860578096513954,0.0018867282114551744,-0.0002542933060528223,0.0018266733200806191,0.0004992539587594152,0.002431468888823938,0.002572364902575818,-0.0015156558917756389,-0.00444304444085389,-0.001564836421372855,0.0017505761167054762,0.002053538970545501,-9.021924777784972e-5,-0.000282865063050359,-0.0016889520334586474,-0.00042770618065100764,0.00010362721380586043,0.00430012630713989,-0.0005482983433437686,-0.002190433966629426,-0.00027236770569165575,-0.0002542933060528223,0.008458998978666293,-0.0017138987715237682,2.7257755369075137e-5,-0.0020886729415020033,0.00023088838327009335,0.003229252228093428,0.000952816751747673,-0.0019397028085479467,0.000358282149439968,-0.0009253424697651237,0.00022994951683212253,0.0005754283988567809,0.0015241770450904618,0.0012752053254727034,0.0023725299662148633,0.0013375789086275398,0.00011598590162256945,0.002468840896250119,2.9272344987596433e-5,0.0018266733200806191,-0.0017138987715237682,0.017055219825005647,0.0012838570988770023,0.0001755821388339828,-0.00025382116464023146,0.0028504308826189347,0.0009073393673301344,0.0001106788357296069,5.775512894003728e-5,-0.0011460253848912382,0.0004511049308476045,0.0011309200170021736,0.000852917569309192,0.001244402717914339,0.0008447142761119309,0.000527912600153189,0.002584480336000947,0.0013483745577849353,0.0003141692222949611,0.0004992539587594152,2.7257755369075137e-5,0.0012838570988770023,0.003982657605023114
0.012469650685310977,0.008402019550830747,0.011583454174871844,0.012253316838588674,0.01771868787629812,0.006593084425149191,0.011229274438701886,0.0048844500597138634,0.013596302955805384,0.004238028617006572,0.004368095935961748,0.00221785626201629,0.006348811673427081,0.011009011209161512,0.004870730326174131,0.00147818265172264,0.004154553680594023,0.0027929050810783134,0.009566643370026388,0.0045482154880407775,0.008402019550830747,0.01396576342167488,0.014636169440750725,0.009190523327000637,0.01524476189746267,0.0058274210528086005,0.013560757987153584,0.004035792710488544,0.014136184910816273,0.004492502447483771,0.0028123598741124183,0.0022060602900630492,0.009322618320454501,0.010469033344025082,0.004855323615259833,0.0019981084027369716,0.0031631181173759123,0.0027299282136657244,0.008694379178613935,0.0036817303656819602,0.011583454174871844,0.014636169440750725,0.048322476828524405,0.015085433854478462,0.018629528509823245,0.007885464680768551,0.017253268287678855,0.00571326069290982,0.017177027894039104,0.007909423418040561,0.0022016176914168508,-0.0010334794920042966,0.020189266469645407,0.018648951714228767,0.0017088375898518821,0.0017747951764856273,0.003786669599863353,0.007148513534492025,0.02103461539349457,0.004233158542147233,0.012253316838588674,0.009190523327000637,0.015085433854478462,0.04346447394929581,0.022814722126916757,0.006675917986951682,0.01377739630574042,0.005238793550902348,0.01345532350383838,0.008033455352000642,0.005138021198113555,0.005558008043061908,0.0054224421393641855,0.012977304972525666,0.009053288410089323,0.004180057448288089,0.00495692121712611,0.007621061828769671,0.012057218640781395,0.006912343984282773,0.01771868787629812,0.01524476189746267,0.018629528509823245,0.022814722126916757,0.06113126395208666,0.01527199405648903,0.025130463660702516,0.011463075570134785,0.03147946745181759,0.009584493310812531,0.012320614998518708,0.008363425379476113,0.01717502689208586,0.023756348312901285,0.013905541725962839,0.004526633929750369,0.010030128678917597,0.005600387458914834,0.01652521566457076,0.01072513126569919,0.006593084425149191,0.0058274210528086005,0.007885464680768551,0.006675917986951682,0.01527199405648903,0.007690045397608981,0.009835061256857089,0.004052915629617052,0.012190792036207532,0.003454634362040738,0.003702838333454741,0.0016224771453103649,0.00805945662906685,0.010844471111075948,0.003884605645917895,0.0011615498226679667,0.003327900953410362,0.0010761424066469882,0.0070891307903731115,0.0037321433702759608,0.011229274438701886,0.013560757987153584,0.017253268287678855,0.01377739630574042,0.025130463660702516,0.009835061256857089,0.041498592954211586,0.006848135824233468,0.02192981501834114,0.006378160896277366,0.006556238340638934,0.0025674087006469547,0.01778754250209099,0.02170545985728517,0.010864917093766127,0.003384760698062198,0.007050783791411724,0.008038497203608188,0.01121632795517372,0.004847467860937024,0.0048844500597138634,0.004035792710488544,0.00571326069290982,0.005238793550902348,0.011463075570134785,0.004052915629617052,0.006848135824233468,0.004782200045762999,0.007763198926101109,0.0024334824391852796,0.00234197657779945,0.0017774717025427892,0.005104819735284137,0.007022945695173243,0.002770649227723047,0.001320128703777387,0.003126544541850057,0.001608611076703348,0.004979037593983444,0.002517334216714115,0.013596302955805384,0.014136184910816273,0.017177027894039104,0.01345532350383838,0.03147946745181759,0.012190792036207532,0.02192981501834114,0.007763198926101109,0.04594439977489767,0.0063392268266985,0.008849837240653748,0.007414746046918729,0.01842641983499674,0.017650877460519618,0.011060766459396389,0.002959718759656578,0.006007063511637515,0.002815293494971779,0.012393412400406298,0.008501560000951456,0.004238028617006572,0.004492502447483771,0.007909423418040561,0.008033455352000642,0.009584493310812531,0.003454634362040738,0.006378160896277366,0.0024334824391852796,0.0063392268266985,0.005145688042998675,0.0024110977346053462,0.0018449776976816883,0.004410880122283937,0.0068306200783510036,0.0019581391679469795,0.0018613217407580625,0.002486965451140788,0.0017973069994369386,0.005178332832575529,0.0020369018454060193,0.004368095935961748,0.0028123598741124183,0.0022016176914168508,0.005138021198113555,0.012320614998518708,0.003702838333454741,0.006556238340638934,0.00234197657779945,0.008849837240653748,0.0024110977346053462,0.005825880891504242,0.0028763395950417345,0.0033103753989696468,0.004365483890034352,0.004418278810824312,0.0008053492654842986,0.0026863823994818853,0.0010508276346227327,0.0024455663357906944,0.0026291315061081778,0.00221785626201629,0.0022060602900630492,-0.0010334794920042966,0.005558008043061908,0.008363425379476113,0.0016224771453103649,0.0025674087006469547,0.0017774717025427892,0.007414746046918729,0.0018449776976816883,0.0028763395950417345,0.011566240437640112,0.0023091376469751173,8.883929062959836e-5,0.0041571286212539835,0.0012628090075262049,0.0013685480014667404,0.002074344365778972,-0.0015980860879887238,0.002372936218125246,0.006348811673427081,0.009322618320454501,0.020189266469645407,0.0054224421393641855,0.01717502689208586,0.00805945662906685,0.01778754250209099,0.005104819735284137,0.01842641983499674,0.004410880122283937,0.0033103753989696468,0.0023091376469751173,0.04045034508615273,0.01650113368283167,0.006312072806002192,0.0016793793961278876,0.0027635436158448532,0.005304303234601386,0.013594556999941743,0.005470671927174534,0.011009011209161512,0.010469033344025082,0.018648951714228767,0.012977304972525666,0.023756348312901285,0.010844471111075948,0.02170545985728517,0.007022945695173243,0.017650877460519618,0.0068306200783510036,0.004365483890034352,8.883929062959836e-5,0.01650113368283167,0.030545358702301448,0.00616129501925495,0.0027389521335664385,0.005589033065019973,0.006152284082606129,0.016367125277480805,0.004997890331928325,0.004870730326174131,0.004855323615259833,0.0017088375898518821,0.009053288410089323,0.013905541725962839,0.003884605645917895,0.010864917093766127,0.002770649227723047,0.011060766459396389,0.0019581391679469795,0.004418278810824312,0.0041571286212539835,0.006312072806002192,0.00616129501925495,0.012591870888651439,0.002000611383155316,0.0032059267992230914,0.004543974147005525,0.0037307622724730457,0.0037523990819351115,0.00147818265172264,0.0019981084027369716,0.0017747951764856273,0.004180057448288089,0.004526633929750369,0.0011615498226679667,0.003384760698062198,0.001320128703777387,0.002959718759656578,0.0018613217407580625,0.0008053492654842986,0.0012628090075262049,0.0016793793961278876,0.0027389521335664385,0.002000611383155316,0.0024065901882269715,0.0014421187967584778,0.0011585385345319855,0.0015297832267590927,0.0010954587911220625,0.004154553680594023,0.0031631181173759123,0.003786669599863353,0.00495692121712611,0.010030128678917597,0.003327900953410362,0.007050783791411724,0.003126544541850057,0.006007063511637515,0.002486965451140788,0.0026863823994818853,0.0013685480014667404,0.0027635436158448532,0.005589033065019973,0.0032059267992230914,0.0014421187967584778,0.003944135006930984,0.00123584779621286,0.003226005202709192,0.001768420833624849,0.0027929050810783134,0.0027299282136657244,0.007148513534492025,0.007621061828769671,0.005600387458914834,0.0010761424066469882,0.008038497203608188,0.001608611076703348,0.002815293494971779,0.0017973069994369386,0.0010508276346227327,0.002074344365778972,0.005304303234601386,0.006152284082606129,0.004543974147005525,0.0011585385345319855,0.00123584779621286,0.009407098283500594,0.005491096344717843,0.00154096762721235,0.009566643370026388,0.008694379178613935,0.02103461539349457,0.012057218640781395,0.01652521566457076,0.0070891307903731115,0.01121632795517372,0.004979037593983444,0.012393412400406298,0.005178332832575529,0.0024455663357906944,-0.0015980860879887238,0.013594556999941743,0.016367125277480805,0.0037307622724730457,0.0015297832267590927,0.003226005202709192,0.005491096344717843,0.025515553264344695,0.00529121631056708,0.0045482154880407775,0.0036817303656819602,0.004233158542147233,0.006912343984282773,0.01072513126569919,0.0037321433702759608,0.004847467860937024,0.002517334216714115,0.008501560000951456,0.0020369018454060193,0.0026291315061081778,0.002372936218125246,0.005470671927174534,0.004997890331928325,0.0037523990819351115,0.0010954587911220625,0.001768420833624849,0.00154096762721235,0.00529121631056708,0.005659077105689268
