0.017181535573512305,0.0014918143868364445,7.135972148806884e-5,0.0008535369560672064,0.00066108830335655,0.0006230951215900587,0.0008412330044449017,0.0007867512894920568,-0.0002574863635318021,0.00072309799427988,-0.00033028729273982876,9.952437251928e-6,0.0004827260295701028,0.001974615675316594,0.00038175596377161005,0.0011712461643833554,0.0011897797432807462,0.0031486863855641634,0.0008500194495040211,4.033315904326519e-5,0.0014918143868364445,0.01793027048582114,0.000288065580441245,0.0010526506294545994,0.0009467909043580455,0.0010911120329629054,0.0007419912559200871,-0.0003643089777989431,0.0006887753294296806,0.0009981648549587786,-0.0007222850110460946,5.629802065087845e-6,0.0030216611240634515,0.0007203427771956565,3.1839444668935006e-5,0.0003187881418131263,0.000971447976140268,0.0017959391075142196,0.0002128305554081368,0.0006731459487546838,7.135972148806884e-5,0.000288065580441245,0.002223560885027101,0.00025064761621441944,0.00012802952448437812,0.0006836651308561969,0.0003419959028810091,0.0007058923814941623,-0.0001527105761468356,-7.305302238569544e-5,0.0007764738447025682,0.0008372834598294619,0.001129747374600551,0.0004819582929708457,-2.7003944818847778e-5,0.000526622963095203,-0.0002709411535382,0.0006584639966123525,0.00039148589252783214,0.00024596324514820895,0.0008535369560672064,0.0010526506294545994,0.00025064761621441944,0.0038561011487101317,0.0008899542879070206,0.0011335376485967698,2.924465716929738e-5,0.0005614833416027261,0.0002946007922670829,0.0006267589759066929,0.0010896274717419763,8.828755154424578e-5,0.0015309822327210908,0.000818812207370397,-0.0001256829413717604,0.0006126540242480209,0.0008642920579760226,-0.00015135357266051331,8.711542444536711e-5,0.0004432547412056169,0.00066108830335655,0.0009467909043580455,0.00012802952448437812,0.0008899542879070206,0.0018360490065370005,0.000795721195450672,0.00011080160627722544,0.0004223618175710923,0.00014763830992550321,0.0002404095499870564,0.00010672165921484834,5.884430460971958e-5,0.0005815113158565979,0.00048089022504900904,0.00046930436165497445,0.00022026382983744914,0.0009698750345407779,0.0006622898934721043,-1.0509580234752637e-5,0.00014280980829933657,0.0006230951215900587,0.0010911120329629054,0.0006836651308561969,0.0011335376485967698,0.000795721195450672,0.006104547929314455,0.001296743469028173,0.0006416960488618408,-0.00021731403768607792,0.0005176588932107715,0.002342845735775475,0.0005159510776824639,0.0008965896811108463,0.0015558989705057613,-0.0004661254376460438,0.00044949149039718114,0.0010030927675544095,3.560477582112973e-5,0.0003005920650830678,0.0005180173085231883,0.0008412330044449017,0.0007419912559200871,0.0003419959028810091,2.924465716929738e-5,0.00011080160627722544,0.001296743469028173,0.006453109061600167,0.0009396302920356742,-9.334249355059035e-5,0.0006180305611650674,0.001045841957792325,0.0007584478802629609,0.0009530177996177323,0.0007131544609203829,0.00024180563425668672,0.00048564085530368017,0.0007335184542488795,0.00012867430941315163,0.0003578100948920088,-9.219353956338348e-6,0.0007867512894920568,-0.0003643089777989431,0.0007058923814941623,0.0005614833416027261,0.0004223618175710923,0.0006416960488618408,0.0009396302920356742,0.0036109228221522633,9.24165014181731e-5,2.322853151580346e-5,0.0003521791355280406,0.0009008287350452589,0.0006986006452475489,0.00012481164321356052,0.00036174300203758227,0.00010556568656652592,0.00031277725894618283,0.0007813721762109094,0.00012550233933131868,0.000556857659488079,-0.0002574863635318021,0.0006887753294296806,-0.0001527105761468356,0.0002946007922670829,0.00014763830992550321,-0.00021731403768607792,-9.334249355059035e-5,9.24165014181731e-5,0.0015894420040872988,-0.00010236129807361739,0.00041154194847392816,-2.9648045135013292e-5,0.0005151343284514099,-0.00014413001156143176,0.0008230138852277911,-9.2151654873894e-5,-3.201832266983076e-5,0.0005446918407595887,0.0002399181306794664,7.685594317730302e-6,0.00072309799427988,0.0009981648549587786,-7.305302238569544e-5,0.0006267589759066929,0.0002404095499870564,0.0005176588932107715,0.0006180305611650674,2.322853151580346e-5,-0.00010236129807361739,0.007180171862344469,1.488470050971095e-5,-8.880466351312579e-5,0.0017127995846022525,-5.37218033738212e-5,0.0005007992219771579,0.00019577844450906302,0.0002196087663527344,0.0018599770850561057,5.040518085440253e-5,-0.0001381687254758369,-0.00033028729273982876,-0.0007222850110460946,0.0007764738447025682,0.0010896274717419763,0.00010672165921484834,0.002342845735775475,0.001045841957792325,0.0003521791355280406,0.00041154194847392816,1.488470050971095e-5,0.01745774184719174,0.0004133427784416684,0.002822781830944987,0.0019213791061162416,0.0028576373290126536,-5.3765707908295566e-6,-0.00025347047606720584,9.489363889592334e-5,0.0010827319202545921,0.000688804195345296,9.952437251928e-6,5.629802065087845e-6,0.0008372834598294619,8.828755154424578e-5,5.884430460971958e-5,0.0005159510776824639,0.0007584478802629609,0.0009008287350452589,-2.9648045135013292e-5,-8.880466351312579e-5,0.0004133427784416684,0.004242163112018252,0.0005097663084498227,0.0008037094521255701,-0.00029012006321010153,0.0004275503556115069,0.00020033827167450211,0.002132348893085249,0.0003357199244907569,0.0006029143394528857,0.0004827260295701028,0.0030216611240634515,0.001129747374600551,0.0015309822327210908,0.0005815113158565979,0.0008965896811108463,0.0009530177996177323,0.0006986006452475489,0.0005151343284514099,0.0017127995846022525,0.002822781830944987,0.0005097663084498227,0.019313713456256966,0.0006477507164618249,0.001406740032026239,0.0007790054315719558,-0.0001654776011575205,0.0011269209041494918,0.001562549421026425,0.0011465313492642034,0.001974615675316594,0.0007203427771956565,0.0004819582929708457,0.000818812207370397,0.00048089022504900904,0.0015558989705057613,0.0007131544609203829,0.00012481164321356052,-0.00014413001156143176,-5.37218033738212e-5,0.0019213791061162416,0.0008037094521255701,0.0006477507164618249,0.0046855534756244845,-0.00048232037228648154,0.0006020900942032037,0.0006677539914306224,0.002032876178024878,0.000618913801008688,0.000529307210632314,0.00038175596377161005,3.1839444668935006e-5,-2.7003944818847778e-5,-0.0001256829413717604,0.00046930436165497445,-0.0004661254376460438,0.00024180563425668672,0.00036174300203758227,0.0008230138852277911,0.0005007992219771579,0.0028576373290126536,-0.00029012006321010153,0.001406740032026239,-0.00048232037228648154,0.014388535188846226,-0.00024400818128307756,-0.001208589602690202,0.002510374727907861,0.001132335649458746,0.0003309907347313251,0.0011712461643833554,0.0003187881418131263,0.000526622963095203,0.0006126540242480209,0.00022026382983744914,0.00044949149039718114,0.00048564085530368017,0.00010556568656652592,-9.2151654873894e-5,0.00019577844450906302,-5.3765707908295566e-6,0.0004275503556115069,0.0007790054315719558,0.0006020900942032037,-0.00024400818128307756,0.002648447975161643,0.000581830112631149,0.0010697409995698405,0.0005385863905225336,0.00029986742241363304,0.0011897797432807462,0.000971447976140268,-0.0002709411535382,0.0008642920579760226,0.0009698750345407779,0.0010030927675544095,0.0007335184542488795,0.00031277725894618283,-3.201832266983076e-5,0.0002196087663527344,-0.00025347047606720584,0.00020033827167450211,-0.0001654776011575205,0.0006677539914306224,-0.001208589602690202,0.000581830112631149,0.004941101290729374,0.0003625347685232206,9.656874348392101e-5,0.0003138598437716923,0.0031486863855641634,0.0017959391075142196,0.0006584639966123525,-0.00015135357266051331,0.0006622898934721043,3.560477582112973e-5,0.00012867430941315163,0.0007813721762109094,0.0005446918407595887,0.0018599770850561057,9.489363889592334e-5,0.002132348893085249,0.0011269209041494918,0.002032876178024878,0.002510374727907861,0.0010697409995698405,0.0003625347685232206,0.030273389795329852,0.0028174113664946846,0.0003559240039772113,0.0008500194495040211,0.0002128305554081368,0.00039148589252783214,8.711542444536711e-5,-1.0509580234752637e-5,0.0003005920650830678,0.0003578100948920088,0.00012550233933131868,0.0002399181306794664,5.040518085440253e-5,0.0010827319202545921,0.0003357199244907569,0.001562549421026425,0.000618913801008688,0.001132335649458746,0.0005385863905225336,9.656874348392101e-5,0.0028174113664946846,0.005059722468172675,0.0004794233413949442,4.033315904326519e-5,0.0006731459487546838,0.00024596324514820895,0.0004432547412056169,0.00014280980829933657,0.0005180173085231883,-9.219353956338348e-6,0.000556857659488079,7.685594317730302e-6,-0.0001381687254758369,0.000688804195345296,0.0006029143394528857,0.0011465313492642034,0.000529307210632314,0.0003309907347313251,0.00029986742241363304,0.0003138598437716923,0.0003559240039772113,0.0004794233413949442,0.0018810201804924584
