0.02206117890686631,0.0007770080577386859,0.0017042508336491528,0.0008523352888794301,0.006803075256637047,9.100100705345133e-5,-0.0011766514537001355,0.0002560681383133839,0.015797334309159708,0.002033410024879275,0.0018293013025736664,0.001295646580690857,-8.688063125564819e-5,-0.00433667260621322,-0.0011444067803884986,-0.0010508855565187097,-0.0015075297353921726,0.0013535492373475304,-0.007171412666114251,-0.000767009666004368,0.0007770080577386859,0.012909529466883224,-0.00017484891234460169,-0.0019448773200844026,0.0015717709346653023,0.0020145582977513137,-0.0008285131948185389,0.0008960530090307767,-0.0036174633858023883,-6.121633073531197e-6,0.0006680477910110048,-0.0006176698015802988,0.0020152010332947553,-0.0024208281591424066,0.00039042404639111545,0.00037204257289153895,0.0008105652780479187,-0.0013109638780530552,0.0036375946323671513,0.001071709921803357,0.0017042508336491528,-0.00017484891234460169,0.0030093938817107855,0.0005213173671217525,0.0030641391067584723,0.0002686710062178235,0.0014532995963258113,0.0007855486738638548,0.00841924234125509,-0.00039384894807587,0.0011862014792690745,0.00048161889370056837,-0.0005048510020818615,0.0005261401191549663,-0.0007518113434348297,-0.0002906815354386213,-0.0003316844366586641,0.0005730480705223573,-0.001116127447003525,0.0015212624904121716,0.0008523352888794301,-0.0019448773200844026,0.0005213173671217525,0.031735780009799534,0.0018421762026821923,-0.004215279030359783,-0.00010349164728261302,-0.002155739643051331,0.0027582004298388504,-0.000930948645793146,-0.01174992736910445,0.0010581356448379252,-0.0006628670645179521,-0.002155926951099724,0.0013391916671380774,-0.007024949456836819,0.0054776440037625496,-0.008463142820661724,-0.008146630616369045,0.00016973900747769885,0.006803075256637047,0.0015717709346653023,0.0030641391067584723,0.0018421762026821923,0.02642541356669939,0.0004218475414316592,0.0001480864975563765,0.0031745669230216485,0.008631149086765363,0.0003880176869463822,0.0024275399690602056,0.0005718094135644068,-0.0006097415379302028,-0.0027635130180408913,-0.0006848265809695569,-0.0037991894931278577,-0.0016916634739208396,-0.00026909933960053744,-0.001792963807574736,0.002379886709280075,9.100100705345133e-5,0.0020145582977513137,0.0002686710062178235,-0.004215279030359783,0.0004218475414316592,0.007072919229071509,0.0005232957683332898,0.00019328819985488938,-0.0005331594224615612,0.0019269613400811228,0.0005164449088077214,-0.0011553318802300378,0.004062555138124298,-0.004235154059399931,-2.1983442899880327e-5,0.002765654009513568,0.0024691728572703003,0.0009317420501073774,0.007727990821638723,0.000503521876872062,-0.0011766514537001355,-0.0008285131948185389,0.0014532995963258113,-0.00010349164728261302,0.0001480864975563765,0.0005232957683332898,0.009268243569206351,0.0003885941446198761,0.010692003324019778,0.002266311687790786,0.0029283268014613914,3.298440501604046e-5,-0.00328578597617957,0.00912252243947865,-0.0003206384944431447,0.0008841093101366916,-0.00016493433677322952,0.0012898851863336219,0.0033187984609236235,0.0030494452984929834,0.0002560681383133839,0.0008960530090307767,0.0007855486738638548,-0.002155739643051331,0.0031745669230216485,0.00019328819985488938,0.0003885941446198761,0.004276569193288422,0.0003402551832762013,-0.002092902503230366,0.0012981425476243013,0.000835864690685925,0.00045974559014449155,0.0016829253967396464,-0.0007114282001871456,0.0012334967430742434,-0.0008731795363062908,0.00362820559297777,0.0029949099011800416,0.0014298723873297015,0.015797334309159708,-0.0036174633858023883,0.00841924234125509,0.0027582004298388504,0.008631149086765363,-0.0005331594224615612,0.010692003324019778,0.0003402551832762013,0.08526581373200075,0.011825781930286779,0.005849542925176763,0.005426900348525464,-0.007906568778601075,0.021661122934600333,-0.007018010192138477,-0.003962188180334486,-0.0021213239573797203,0.0064556110424115925,-0.012110551742959504,0.003795710117023629,0.002033410024879275,-6.121633073531197e-6,-0.00039384894807587,-0.000930948645793146,0.0003880176869463822,0.0019269613400811228,0.002266311687790786,-0.002092902503230366,0.011825781930286779,0.023424760648762807,0.0020460865641554844,-0.0011903592094701571,-0.0014134023382747843,0.009120178504576179,-0.0010416728893462269,-0.0001691342889164326,0.0009555593886101994,0.0012054129245460449,0.003494011167090824,-0.00012762617948979254,0.0018293013025736664,0.0006680477910110048,0.0011862014792690745,-0.01174992736910445,0.0024275399690602056,0.0005164449088077214,0.0029283268014613914,0.0012981425476243013,0.005849542925176763,0.0020460865641554844,0.0159183026404088,0.0010417608894483848,-0.0029221371291157797,0.010446521998827783,-0.0005792658599371625,0.002521372510861445,-0.004623405604176971,0.0017415118123326454,0.004628303274703212,0.0009026377287065488,0.001295646580690857,-0.0006176698015802988,0.00048161889370056837,0.0010581356448379252,0.0005718094135644068,-0.0011553318802300378,3.298440501604046e-5,0.000835864690685925,0.005426900348525464,-0.0011903592094701571,0.0010417608894483848,0.00558162475644621,0.0001264423448484503,0.005405922190265992,-0.00037647130035748223,0.0007838512531306305,-0.0010314382132810477,-0.00016637341607342326,0.000913405468510062,-0.000577742901341382,-8.688063125564819e-5,0.0020152010332947553,-0.0005048510020818615,-0.0006628670645179521,-0.0006097415379302028,0.004062555138124298,-0.00328578597617957,0.00045974559014449155,-0.007906568778601075,-0.0014134023382747843,-0.0029221371291157797,0.0001264423448484503,0.015239528130954687,-0.008469221845438676,0.0011324173554306863,0.0014656608905279868,0.0031718818352951443,0.00029847438236431037,0.008128990506594403,-0.0005054943276217601,-0.00433667260621322,-0.0024208281591424066,0.0005261401191549663,-0.002155926951099724,-0.0027635130180408913,-0.004235154059399931,0.00912252243947865,0.0016829253967396464,0.021661122934600333,0.009120178504576179,0.010446521998827783,0.005405922190265992,-0.008469221845438676,0.04772768103932162,-0.00368436093736485,-0.001987310008306816,-0.003424622285855501,0.003152481661684075,0.010052621601016696,0.0008014611951197277,-0.0011444067803884986,0.00039042404639111545,-0.0007518113434348297,0.0013391916671380774,-0.0006848265809695569,-2.1983442899880327e-5,-0.0003206384944431447,-0.0007114282001871456,-0.007018010192138477,-0.0010416728893462269,-0.0005792658599371625,-0.00037647130035748223,0.0011324173554306863,-0.00368436093736485,0.004668210892603797,0.0006958428069122792,0.0008851232859827959,-0.001160693176561247,0.0027028333245269843,0.00012820370754710242,-0.0010508855565187097,0.00037204257289153895,-0.0002906815354386213,-0.007024949456836819,-0.0037991894931278577,0.002765654009513568,0.0008841093101366916,0.0012334967430742434,-0.003962188180334486,-0.0001691342889164326,0.002521372510861445,0.0007838512531306305,0.0014656608905279868,-0.001987310008306816,0.0006958428069122792,0.018542119794317996,0.0008932472350638425,0.004764226320846656,0.009927703649258938,0.0007577449146132764,-0.0015075297353921726,0.0008105652780479187,-0.0003316844366586641,0.0054776440037625496,-0.0016916634739208396,0.0024691728572703003,-0.00016493433677322952,-0.0008731795363062908,-0.0021213239573797203,0.0009555593886101994,-0.004623405604176971,-0.0010314382132810477,0.0031718818352951443,-0.003424622285855501,0.0008851232859827959,0.0008932472350638425,0.007515184838706491,-0.001996634396041138,0.00402194349143181,-0.00028647524351707435,0.0013535492373475304,-0.0013109638780530552,0.0005730480705223573,-0.008463142820661724,-0.00026909933960053744,0.0009317420501073774,0.0012898851863336219,0.00362820559297777,0.0064556110424115925,0.0012054129245460449,0.0017415118123326454,-0.00016637341607342326,0.00029847438236431037,0.003152481661684075,-0.001160693176561247,0.004764226320846656,-0.001996634396041138,0.018159613236548133,0.006386905598037601,0.0013564864176007032,-0.007171412666114251,0.0036375946323671513,-0.001116127447003525,-0.008146630616369045,-0.001792963807574736,0.007727990821638723,0.0033187984609236235,0.0029949099011800416,-0.012110551742959504,0.003494011167090824,0.004628303274703212,0.000913405468510062,0.008128990506594403,0.010052621601016696,0.0027028333245269843,0.009927703649258938,0.00402194349143181,0.006386905598037601,0.05123660594630705,0.0022418311695646667,-0.000767009666004368,0.001071709921803357,0.0015212624904121716,0.00016973900747769885,0.002379886709280075,0.000503521876872062,0.0030494452984929834,0.0014298723873297015,0.003795710117023629,-0.00012762617948979254,0.0009026377287065488,-0.000577742901341382,-0.0005054943276217601,0.0008014611951197277,0.00012820370754710242,0.0007577449146132764,-0.00028647524351707435,0.0013564864176007032,0.0022418311695646667,0.005172963441986017
0.0372716816141627,0.011135544861083192,-0.000521411191406971,0.007894173994147479,0.00021766847451785607,0.0031546297848735116,0.0075989439412430665,0.003360543939860552,-0.0004884488369356437,-0.003345246225297985,0.008213417205723678,0.0026586886515994586,0.01537006541826159,0.026388606785532575,0.00891958165160848,0.006234181378015167,0.0032611148662900205,-0.0037404017364835286,0.015714958929403847,0.0023848954271197195,0.011135544861083192,0.021081040976658257,-0.000821673103544558,0.0028358390017228174,0.003949975989565751,0.002901104623639513,0.005457619167447109,0.0005688976315264163,0.0020521273018636894,0.001206097387138328,0.005825293692591821,0.003513340705535325,0.007998667142536803,0.008641603828348672,0.004162683577824595,-0.0006018967038315315,0.0018131595829348572,-0.0021516343737535784,0.0067025633198244785,0.0009447877211002973,-0.000521411191406971,-0.000821673103544558,0.00290708345311037,0.001388745224364143,-0.0004303712382276838,0.00025005933521386937,-0.00149280081830618,0.0007741108505185336,0.0040714397804357105,0.0027787027205223697,-0.0008285547671482818,-0.0008773906609361484,-0.0004041033512483342,0.002959533614868919,0.00023573623154503218,0.0018370061377046274,0.0006019372584801946,-0.0011106724517160782,-0.0029649358850270674,-0.0005245516738703472,0.007894173994147479,0.0028358390017228174,0.001388745224364143,0.02804851054299292,-0.00465189492101892,0.007079313581450291,0.0006559232938839821,0.0065201167634820565,0.005879576894036809,0.0008204779037365283,0.0025534345927814344,-0.0007037425031200806,0.008164177223448092,0.014243515938406295,0.0029923252894919917,0.004919503425394963,-0.0026617484875406387,-0.0032370046912951044,0.0010769959363416824,-0.0012932686103468945,0.00021766847451785607,0.003949975989565751,-0.0004303712382276838,-0.00465189492101892,0.02362329407335954,-7.597771033501614e-6,0.003292143021076251,-0.002917342414702367,-0.002349769247068859,0.000552008951332226,0.0014225154350162306,0.002854767212955067,0.001304237681814386,-0.001349235810200627,0.0016482179260896563,0.002036248505281059,0.003244720172181662,0.00042987401758081914,0.008671170737159064,0.002415773977541149,0.0031546297848735116,0.002901104623639513,0.00025005933521386937,0.007079313581450291,-7.597771033501614e-6,0.007124457497697507,0.0015005858356277918,0.0033081015923498215,0.002992904130486006,8.013839430596505e-6,0.00412485786376802,0.0001054671614230592,0.00553902992209382,0.005940881937916174,0.0019815327783335246,0.0010472947213555097,0.0002781742443241335,-0.00045656487146316174,0.0038443723977263622,0.000750681347609595,0.0075989439412430665,0.005457619167447109,-0.00149280081830618,0.0006559232938839821,0.003292143021076251,0.0015005858356277918,0.012028567506031318,0.0007290977761661373,0.001760036687403677,-0.001350283862554037,0.005511359187574403,0.002779462738816617,0.011311194895699771,0.011379496055913232,0.003068999515178243,0.002135766773844178,0.0008611890984912506,-0.0013130510061005614,0.011530285160626666,0.0027789424730012315,0.003360543939860552,0.0005688976315264163,0.0007741108505185336,0.0065201167634820565,-0.002917342414702367,0.0033081015923498215,0.0007290977761661373,0.005424522355469077,0.003630385004736847,0.0017322771357696713,0.00185464381673293,-2.807807461639234e-5,0.004761800624797479,0.007061824475773833,0.0005836760402604159,0.0017167049222415547,-0.00037650390922917875,-0.001520779778128207,0.00025384687736286883,-0.00017625294219764483,-0.0004884488369356437,0.0020521273018636894,0.0040714397804357105,0.005879576894036809,-0.002349769247068859,0.002992904130486006,0.001760036687403677,0.003630385004736847,0.04939216667992952,0.008418090586077068,-0.0030966661178567735,0.0014505785398975734,0.01180881060252078,0.01975289868570469,0.0013016328596681833,0.0066149259551742425,0.004216489078151163,-0.004307732523743305,0.006203169925565567,-0.0011253297253228628,-0.003345246225297985,0.001206097387138328,0.0027787027205223697,0.0008204779037365283,0.000552008951332226,8.013839430596505e-6,-0.001350283862554037,0.0017322771357696713,0.008418090586077068,0.03230507283800446,-0.001962543002456214,0.003571422939522351,0.0032621377695935365,0.0003269281318507072,-0.003904041483864143,0.008356242346258742,0.003638788907839534,0.005243279193430693,-0.003594541718205932,0.002796374336653626,0.008213417205723678,0.005825293692591821,-0.0008285547671482818,0.0025534345927814344,0.0014225154350162306,0.00412485786376802,0.005511359187574403,0.00185464381673293,-0.0030966661178567735,-0.001962543002456214,0.014910260189282112,0.0008169067866470597,0.01070380531683638,0.009852667777360926,0.004090144992028784,-0.0013720053896417398,0.0006665057291155734,-0.0015305349628341918,0.012512314822660846,0.0031569284853123466,0.0026586886515994586,0.003513340705535325,-0.0008773906609361484,-0.0007037425031200806,0.002854767212955067,0.0001054671614230592,0.002779462738816617,-2.807807461639234e-5,0.0014505785398975734,0.003571422939522351,0.0008169067866470597,0.005533049347502938,0.004043869306007485,0.0038153705582876325,-0.0007759268588574344,0.0025354076365704625,0.0015463610547698891,0.0028220376319826853,0.005725405023881976,0.0014782473258542791,0.01537006541826159,0.007998667142536803,-0.0004041033512483342,0.008164177223448092,0.001304237681814386,0.00553902992209382,0.011311194895699771,0.004761800624797479,0.01180881060252078,0.0032621377695935365,0.01070380531683638,0.004043869306007485,0.0315088960883251,0.030714076973679456,0.0045841017325474985,0.006575270333125641,0.0014394546512986632,-0.007166499526761169,0.02062090566322302,0.004195858193345097,0.026388606785532575,0.008641603828348672,0.002959533614868919,0.014243515938406295,-0.001349235810200627,0.005940881937916174,0.011379496055913232,0.007061824475773833,0.01975289868570469,0.0003269281318507072,0.009852667777360926,0.0038153705582876325,0.030714076973679456,0.0625358075142558,0.00912006119412966,0.015160411648101444,0.0030048604626616536,-0.013016919825546275,0.01711149439385289,0.0018440627489401615,0.00891958165160848,0.004162683577824595,0.00023573623154503218,0.0029923252894919917,0.0016482179260896563,0.0019815327783335246,0.003068999515178243,0.0005836760402604159,0.0013016328596681833,-0.003904041483864143,0.004090144992028784,-0.0007759268588574344,0.0045841017325474985,0.00912006119412966,0.007210840104081189,0.00012917439346051126,0.001432685460503531,-0.004445926361048697,0.0062123228559075845,0.0007742790567972775,0.006234181378015167,-0.0006018967038315315,0.0018370061377046274,0.004919503425394963,0.002036248505281059,0.0010472947213555097,0.002135766773844178,0.0017167049222415547,0.0066149259551742425,0.008356242346258742,-0.0013720053896417398,0.0025354076365704625,0.006575270333125641,0.015160411648101444,0.00012917439346051126,0.02242489940246168,0.0022106238551345466,0.00179110503485815,0.0015701268393612886,0.0015522052199502276,0.0032611148662900205,0.0018131595829348572,0.0006019372584801946,-0.0026617484875406387,0.003244720172181662,0.0002781742443241335,0.0008611890984912506,-0.00037650390922917875,0.004216489078151163,0.003638788907839534,0.0006665057291155734,0.0015463610547698891,0.0014394546512986632,0.0030048604626616536,0.001432685460503531,0.0022106238551345466,0.006506960354766534,0.0009867684213651182,0.002589611752923205,0.0010905843869582319,-0.0037404017364835286,-0.0021516343737535784,-0.0011106724517160782,-0.0032370046912951044,0.00042987401758081914,-0.00045656487146316174,-0.0013130510061005614,-0.001520779778128207,-0.004307732523743305,0.005243279193430693,-0.0015305349628341918,0.0028220376319826853,-0.007166499526761169,-0.013016919825546275,-0.004445926361048697,0.00179110503485815,0.0009867684213651182,0.018377051443271956,0.001519509151315915,0.0007601129968425918,0.015714958929403847,0.0067025633198244785,-0.0029649358850270674,0.0010769959363416824,0.008671170737159064,0.0038443723977263622,0.011530285160626666,0.00025384687736286883,0.006203169925565567,-0.003594541718205932,0.012512314822660846,0.005725405023881976,0.02062090566322302,0.01711149439385289,0.0062123228559075845,0.0015701268393612886,0.002589611752923205,0.001519509151315915,0.058627661847903106,0.005901028650040994,0.0023848954271197195,0.0009447877211002973,-0.0005245516738703472,-0.0012932686103468945,0.002415773977541149,0.000750681347609595,0.0027789424730012315,-0.00017625294219764483,-0.0011253297253228628,0.002796374336653626,0.0031569284853123466,0.0014782473258542791,0.004195858193345097,0.0018440627489401615,0.0007742790567972775,0.0015522052199502276,0.0010905843869582319,0.0007601129968425918,0.005901028650040994,0.004528577863222954
0.049772686819227044,0.0024625695218782467,0.0024742930444040384,0.01948091928093272,-0.008103721197327527,-0.011113922194068308,-0.0027091009680953217,-0.005337226050736431,0.022074711986515932,-0.018956661670131623,0.02488754944603435,-0.0099286412857193,0.008825980853162888,-0.014088569333778044,-0.006940508597307955,0.009638453071471795,0.008709271276993374,0.0018885352668828643,0.005814555457207162,-0.00493101982853647,0.0024625695218782467,0.018748751174285126,0.00205564029093859,0.007209876169768443,0.007306880240254278,0.0018207410685847601,-0.0034522125399283256,-0.00023712000835585714,-0.0012785908510153758,0.0009298121355925036,8.052858387763554e-5,-0.0002577945977859767,0.0008848429467776088,0.0067341896406089286,-0.0012313375372105758,0.0042889732813971865,-0.0015024251778929024,0.00013435377333185974,-0.0035529625173303745,-0.0007032853314829899,0.0024742930444040384,0.00205564029093859,0.0028786805030730158,0.0019377863396141473,-0.001331489314508826,-0.0004137406010714511,0.0006985268171381656,0.0003475025449586453,-0.003207140302808432,0.00046131725461303263,0.0010983603608099046,-0.00011044147613714762,0.0011171216561127175,-0.0003052298053611815,0.00010393183842896455,0.000305395499574398,0.0004288545606755087,0.0006088746026110066,0.0009740185938091122,0.00039630907243604974,0.01948091928093272,0.007209876169768443,0.0019377863396141473,0.04217517651456211,0.003305617261351526,0.001027340080119833,0.0020705783194296676,-0.0004487089992891277,0.0379690397079403,-0.006795050041007121,0.016143670083147047,-0.003032285831166689,0.002499368967024171,0.005112058512997976,-0.0026467162468944657,0.004382728151787399,0.005572982417004737,0.004318257421252302,0.002264169562241726,-0.004527044252209202,-0.008103721197327527,0.007306880240254278,-0.001331489314508826,0.003305617261351526,0.0318113345905709,0.006749055720395558,-0.0027321175350848827,0.0020009065501467955,0.003304223458635203,0.007223726322909791,-0.0026187529873325753,0.0008401045484257167,0.003035683556271555,0.012572337205716103,0.0023338482955915342,0.0036345387205201462,-0.004022874295113794,0.004288182245717802,-0.012614096323530092,0.0029834544343449324,-0.011113922194068308,0.0018207410685847601,-0.0004137406010714511,0.001027340080119833,0.006749055720395558,0.010078326673001667,0.0041659941062272,0.0031768518028803556,-0.0008729342051678902,0.009694959780529418,-0.007649890585898669,0.0039542671678831414,-0.004055980991884683,0.00579238104973707,0.002910439934457775,-0.004484646540602704,-0.0024020707074672437,-0.0012864963685954326,0.002305919112438771,0.002499520316009114,-0.0027091009680953217,-0.0034522125399283256,0.0006985268171381656,0.0020705783194296676,-0.0027321175350848827,0.0041659941062272,0.01749774484362915,0.0032800756656193386,0.006300230652862522,0.014861637141000432,-0.0010713385484100405,0.0033089982526154724,-0.004455612455369037,-0.00825613821131915,0.004378067584558483,-0.006155597421442457,0.0037547377995165478,0.0020724371770612544,0.013191105157449961,0.003079714497208842,-0.005337226050736431,-0.00023712000835585714,0.0003475025449586453,-0.0004487089992891277,0.0020009065501467955,0.0031768518028803556,0.0032800756656193386,0.004280678285001546,-0.0003521759012152614,0.0062710528926317455,-0.0034518202021823763,0.0022288323959677404,-0.001561384262774167,0.0006353381984621212,0.0022248971556288956,-0.002253239842570208,-0.00033533411671400723,0.0008034334610319708,0.003517107962157719,0.0017407198475274275,0.022074711986515932,-0.0012785908510153758,-0.003207140302808432,0.0379690397079403,0.003304223458635203,-0.0008729342051678902,0.006300230652862522,-0.0003521759012152614,0.09048672141012647,-0.006250080048476632,0.024382054359442316,-0.003952970585193007,0.0020552781217100975,-0.001037796147623225,-0.0006675506462520912,0.0033669083598248492,0.010602249340592187,0.012693057003749408,0.009324224922108246,-0.009231042890023322,-0.018956661670131623,0.0009298121355925036,0.00046131725461303263,-0.006795050041007121,0.007223726322909791,0.009694959780529418,0.014861637141000432,0.0062710528926317455,-0.006250080048476632,0.041593633317800575,-0.006885714333673822,0.007256664718480275,-0.0036313361691484693,-0.0026914678484234013,0.009065639202262287,-0.0062382948112251315,-6.105031298568608e-5,0.004034280582538163,0.009116689962282631,0.006018711216751911,0.02488754944603435,8.052858387763554e-5,0.0010983603608099046,0.016143670083147047,-0.0026187529873325753,-0.007649890585898669,-0.0010713385484100405,-0.0034518202021823763,0.024382054359442316,-0.006885714333673822,0.025455850054533637,-0.005522295332475112,0.007666992105767047,-0.008264287929181852,-0.0027201210221858346,0.007921617899683433,0.006659114169603882,0.006864492815467806,-0.0018885523321222225,-0.0048746026221157465,-0.0099286412857193,-0.0002577945977859767,-0.00011044147613714762,-0.003032285831166689,0.0008401045484257167,0.0039542671678831414,0.0033089982526154724,0.0022288323959677404,-0.003952970585193007,0.007256664718480275,-0.005522295332475112,0.006290775696827746,-0.003252299202395314,0.0018839756613317704,0.003342738479978737,-0.004424001619971576,-0.0016220778497018971,-6.209078496711813e-5,0.0018734775471759908,0.0014734976294266333,0.008825980853162888,0.0008848429467776088,0.0011171216561127175,0.002499368967024171,0.003035683556271555,-0.004055980991884683,-0.004455612455369037,-0.001561384262774167,0.0020552781217100975,-0.0036313361691484693,0.007666992105767047,-0.003252299202395314,0.015972339417123144,-0.0014889322895279152,-9.811119733361934e-5,0.004461202114590068,0.0015699210257920232,0.005975906436005275,-0.0057680517628505845,-0.0005020861585248624,-0.014088569333778044,0.0067341896406089286,-0.0003052298053611815,0.005112058512997976,0.012572337205716103,0.00579238104973707,-0.00825613821131915,0.0006353381984621212,-0.001037796147623225,-0.0026914678484234013,-0.008264287929181852,0.0018839756613317704,-0.0014889322895279152,0.032367088812302824,0.0001486829945681276,0.0003406749894368744,-0.0068109705304918436,-0.0010248352649529166,-0.015818572416507783,-0.0006189687666492711,-0.006940508597307955,-0.0012313375372105758,0.00010393183842896455,-0.0026467162468944657,0.0023338482955915342,0.002910439934457775,0.004378067584558483,0.0022248971556288956,-0.0006675506462520912,0.009065639202262287,-0.0027201210221858346,0.003342738479978737,-9.811119733361934e-5,0.0001486829945681276,0.006998720877223209,-0.0026953878196744195,-0.0008147389554256501,0.0037322515028766147,0.00021609316963068704,0.0018188487933186704,0.009638453071471795,0.0042889732813971865,0.000305395499574398,0.004382728151787399,0.0036345387205201462,-0.004484646540602704,-0.006155597421442457,-0.002253239842570208,0.0033669083598248492,-0.0062382948112251315,0.007921617899683433,-0.004424001619971576,0.004461202114590068,0.0003406749894368744,-0.0026953878196744195,0.018774288425782285,0.0009593090199080334,-0.00011621348578315957,-0.013040645748697646,-0.001996498791825198,0.008709271276993374,-0.0015024251778929024,0.0004288545606755087,0.005572982417004737,-0.004022874295113794,-0.0024020707074672437,0.0037547377995165478,-0.00033533411671400723,0.010602249340592187,-6.105031298568608e-5,0.006659114169603882,-0.0016220778497018971,0.0015699210257920232,-0.0068109705304918436,-0.0008147389554256501,0.0009593090199080334,0.007373273192197391,0.002444216558548708,0.0074470102628351065,-0.000992721170804227,0.0018885352668828643,0.00013435377333185974,0.0006088746026110066,0.004318257421252302,0.004288182245717802,-0.0012864963685954326,0.0020724371770612544,0.0008034334610319708,0.012693057003749408,0.004034280582538163,0.006864492815467806,-6.209078496711813e-5,0.005975906436005275,-0.0010248352649529166,0.0037322515028766147,-0.00011621348578315957,0.002444216558548708,0.016461993806491746,-0.00020674658919223737,0.00042897013282543835,0.005814555457207162,-0.0035529625173303745,0.0009740185938091122,0.002264169562241726,-0.012614096323530092,0.002305919112438771,0.013191105157449961,0.003517107962157719,0.009324224922108246,0.009116689962282631,-0.0018885523321222225,0.0018734775471759908,-0.0057680517628505845,-0.015818572416507783,0.00021609316963068704,-0.013040645748697646,0.0074470102628351065,-0.00020674658919223737,0.05803180049790713,0.0005847273962602182,-0.00493101982853647,-0.0007032853314829899,0.00039630907243604974,-0.004527044252209202,0.0029834544343449324,0.002499520316009114,0.003079714497208842,0.0017407198475274275,-0.009231042890023322,0.006018711216751911,-0.0048746026221157465,0.0014734976294266333,-0.0005020861585248624,-0.0006189687666492711,0.0018188487933186704,-0.001996498791825198,-0.000992721170804227,0.00042897013282543835,0.0005847273962602182,0.005070198118176732
