0.019359590705891043,0.003635824430446599,0.0008054704472050039,0.002826499957354238,0.0028208162542208218,-0.00033883300766884416,0.0009688136131433824,0.0006030628334423963,0.0030135562518973187,-0.002041591768807737,0.0023522660640193905,0.0006802427278939274,0.0012054328322678941,-0.0010511146475379273,0.0010220555602613096,0.0004050409720701156,0.0007154537453522591,-0.0002597632522517285,0.0019774991728159744,-0.00016879056141845804,0.003635824430446599,0.012157904969260128,0.00016765860322793792,0.0007357830827550188,0.002636201595193133,0.0013007151349406897,0.0009323899097368307,0.00019129383397966241,0.002834146230365085,0.002903677729594298,0.0009826000609954053,0.0006559374716327566,0.0013870057625627783,0.00012027041396095003,-0.00019836147878607972,0.0006862900466360054,0.0010771246264857357,0.00024312414004339582,0.002715510779475393,-0.000612427146118435,0.0008054704472050039,0.00016765860322793792,0.0018860212970943737,0.000802993651162885,0.0006144764087783501,0.0005512606593720737,0.00019557485913862367,0.00019172710846805378,0.001064851104651778,0.00027405108223842726,0.00035883073288116144,-2.971554875990735e-5,9.98427937596458e-5,0.0004529198361336613,0.00013984374018802026,0.00010461212977597718,0.0001640329155699392,-6.0142911304985976e-5,-0.0007736550859964554,6.805789832524705e-5,0.002826499957354238,0.0007357830827550188,0.000802993651162885,0.017341291817378434,0.0012847111840091673,-0.0002471509467008691,-0.0003842538179222008,0.00043958373081827505,0.0022857282272125247,0.000145762158599815,-0.0004666288403682482,5.31663106029144e-5,0.0009449217769883056,0.002463181844455018,0.0011580153968117654,0.002524175069164597,0.0009313832111461644,0.0003484437987154221,0.001013228689352075,0.00022087579901067993,0.0028208162542208218,0.002636201595193133,0.0006144764087783501,0.0012847111840091673,0.022441899795686976,0.0023420175157286014,0.0019551899896452633,0.0012801745503100452,0.0017401329238920186,0.001649852703883045,0.000884981332041561,0.0011605816249851033,0.003198726284855542,-0.002187048398692636,-5.834159025372424e-5,0.0012358047628286241,0.0005017238683611797,0.0005939407399292297,0.003208857459951036,0.001476078626405465,-0.00033883300766884416,0.0013007151349406897,0.0005512606593720737,-0.0002471509467008691,0.0023420175157286014,0.004138611167229067,0.00081219856798777,0.0005352742713142846,0.0015052169580127821,0.001803335314691787,0.00023277338610047557,0.00018392156225095985,0.00154430974513891,-0.00018628729883458884,-8.246448051743383e-5,-5.012308538695839e-5,0.00017718032415763778,0.0003488858889498257,0.0009866303492906594,1.98053061016779e-5,0.0009688136131433824,0.0009323899097368307,0.00019557485913862367,-0.0003842538179222008,0.0019551899896452633,0.00081219856798777,0.006479062753502985,-0.0002088978592737832,0.0027636071091594267,0.001160612024360836,0.0008792120435721567,0.0007900330768815092,0.0014096517734078404,-0.0010734436831465297,-0.0001630906015338624,2.254720510836642e-5,0.0004686184140957791,0.0010118458955318897,0.0009716472870693719,0.0011938013475610947,0.0006030628334423963,0.00019129383397966241,0.00019172710846805378,0.00043958373081827505,0.0012801745503100452,0.0005352742713142846,-0.0002088978592737832,0.002961267877836855,0.0007213576024678,-0.0004658276356307029,-0.0003368071060159861,0.0002198251342227085,0.00012732705715076356,0.0005558874880318681,0.00015134202316845384,-0.0005988339473464723,0.00027976151380282305,0.0002446404160040316,0.0010318530686778266,0.00018808429817611093,0.0030135562518973187,0.002834146230365085,0.001064851104651778,0.0022857282272125247,0.0017401329238920186,0.0015052169580127821,0.0027636071091594267,0.0007213576024678,0.03668833912265951,0.002451402789065742,-0.0003299304369455548,4.824304937000494e-5,0.0019027307435401858,0.0036947018501191967,-0.000285555105039227,0.0017973447613610825,0.0019101062360203952,0.0029796070893160073,0.001066405797181045,-0.0005546830071681841,-0.002041591768807737,0.002903677729594298,0.00027405108223842726,0.000145762158599815,0.001649852703883045,0.001803335314691787,0.001160612024360836,-0.0004658276356307029,0.002451402789065742,0.019693578430757953,0.0006624984142183366,0.0002617381953632251,0.0020575063868606283,0.0019324769310774459,0.00031067534575032816,-0.00014104050877788207,0.0010936750448012796,0.001960117593826912,0.0037579370406253605,0.000531773475001473,0.0023522660640193905,0.0009826000609954053,0.00035883073288116144,-0.0004666288403682482,0.000884981332041561,0.00023277338610047557,0.0008792120435721567,-0.0003368071060159861,-0.0003299304369455548,0.0006624984142183366,0.007462254814221602,-6.259025568073554e-5,0.0014146300450448139,-0.0016375158034064108,0.00011356475753264628,0.0007033301660221399,-0.0005275558113515583,0.0008477860314900443,0.001407833194373321,0.00030070855559515095,0.0006802427278939274,0.0006559374716327566,-2.971554875990735e-5,5.31663106029144e-5,0.0011605816249851033,0.00018392156225095985,0.0007900330768815092,0.0002198251342227085,4.824304937000494e-5,0.0002617381953632251,-6.259025568073554e-5,0.003423064991020052,0.000856118238326153,8.613963598795907e-5,-4.477890422444882e-5,0.00013244406840981515,0.00035022972141435704,0.00022235624692615178,0.0016887394487967986,-4.094382067358209e-5,0.0012054328322678941,0.0013870057625627783,9.98427937596458e-5,0.0009449217769883056,0.003198726284855542,0.00154430974513891,0.0014096517734078404,0.00012732705715076356,0.0019027307435401858,0.0020575063868606283,0.0014146300450448139,0.000856118238326153,0.011025623774167723,-0.001348126441216247,-0.0011626636710409363,0.0009274830805960361,0.00044489260341075204,0.0011314416923060488,0.0020383563517626744,0.0006456400984339865,-0.0010511146475379273,0.00012027041396095003,0.0004529198361336613,0.002463181844455018,-0.002187048398692636,-0.00018628729883458884,-0.0010734436831465297,0.0005558874880318681,0.0036947018501191967,0.0019324769310774459,-0.0016375158034064108,8.613963598795907e-5,-0.001348126441216247,0.01664063797844601,0.0005017781558088863,-0.0003995923315712731,0.0004980319812694957,-7.401086501981533e-5,0.002678838253695366,-0.0013486572173291135,0.0010220555602613096,-0.00019836147878607972,0.00013984374018802026,0.0011580153968117654,-5.834159025372424e-5,-8.246448051743383e-5,-0.0001630906015338624,0.00015134202316845384,-0.000285555105039227,0.00031067534575032816,0.00011356475753264628,-4.477890422444882e-5,-0.0011626636710409363,0.0005017781558088863,0.003842875208567705,0.000189619416242938,0.0005261913306117028,0.0003545059735441548,0.0019052359778336642,-0.0001526162813973238,0.0004050409720701156,0.0006862900466360054,0.00010461212977597718,0.002524175069164597,0.0012358047628286241,-5.012308538695839e-5,2.254720510836642e-5,-0.0005988339473464723,0.0017973447613610825,-0.00014104050877788207,0.0007033301660221399,0.00013244406840981515,0.0009274830805960361,-0.0003995923315712731,0.000189619416242938,0.015520871284387682,0.0004776473933761916,0.002240000093290495,-0.00038613073571000826,0.00029955402944559836,0.0007154537453522591,0.0010771246264857357,0.0001640329155699392,0.0009313832111461644,0.0005017238683611797,0.00017718032415763778,0.0004686184140957791,0.00027976151380282305,0.0019101062360203952,0.0010936750448012796,-0.0005275558113515583,0.00035022972141435704,0.00044489260341075204,0.0004980319812694957,0.0005261913306117028,0.0004776473933761916,0.0042132243506742065,-0.0005756676175008154,0.0018386354413913418,-0.00012195462637941851,-0.0002597632522517285,0.00024312414004339582,-6.0142911304985976e-5,0.0003484437987154221,0.0005939407399292297,0.0003488858889498257,0.0010118458955318897,0.0002446404160040316,0.0029796070893160073,0.001960117593826912,0.0008477860314900443,0.00022235624692615178,0.0011314416923060488,-7.401086501981533e-5,0.0003545059735441548,0.002240000093290495,-0.0005756676175008154,0.01026115315082922,0.002221072144080184,0.00010528356415135896,0.0019774991728159744,0.002715510779475393,-0.0007736550859964554,0.001013228689352075,0.003208857459951036,0.0009866303492906594,0.0009716472870693719,0.0010318530686778266,0.001066405797181045,0.0037579370406253605,0.001407833194373321,0.0016887394487967986,0.0020383563517626744,0.002678838253695366,0.0019052359778336642,-0.00038613073571000826,0.0018386354413913418,0.002221072144080184,0.032971458392699965,-0.0009980200730522536,-0.00016879056141845804,-0.000612427146118435,6.805789832524705e-5,0.00022087579901067993,0.001476078626405465,1.98053061016779e-5,0.0011938013475610947,0.00018808429817611093,-0.0005546830071681841,0.000531773475001473,0.00030070855559515095,-4.094382067358209e-5,0.0006456400984339865,-0.0013486572173291135,-0.0001526162813973238,0.00029955402944559836,-0.00012195462637941851,0.00010528356415135896,-0.0009980200730522536,0.00328450332446231
