0.012136321600507847,0.00019194603394615938,0.0005408299400391489,0.001319758132527288,-2.9143928418797383e-5,0.0039587242536939845,0.0011897476705606258,0.00026549532401493937,0.0010626485479910638,0.003046753077669595,0.0004120011768485955,0.0017021500764948898,2.9592096861925026e-5,0.002070468031167833,0.0009234473528578089,9.305135404934548e-5,7.685908613790205e-5,0.0013901790811772343,-0.0003026125598800373,0.0003681330103826525,0.00019194603394615938,0.005829658379167336,0.0003133730515478319,0.0007371480209545879,0.0004736178215641057,-0.0006559734014454752,6.530219046577383e-5,0.00043150634981311154,0.0003101155276611006,0.0006511138391306059,0.00044972826659881024,-0.00015408754510355953,-2.4559032373486812e-5,0.00035881704382380466,0.0005546341964346301,0.0005360182353567202,0.00013800232827734094,0.000160178336401672,0.0002682449759004843,0.000636401001892925,0.0005408299400391489,0.0003133730515478319,0.01358427389188749,0.0012296072871780786,0.0009693486311495513,0.0014075240750564418,0.0009370696450942244,0.00027839300113993205,0.00021119052771175175,0.00078369749851136,0.0008289025552432689,0.00238630180792976,0.0003800667809085123,0.002982572749264889,0.00018543303413725169,0.0005300889700235573,0.0004251970147854745,0.0012545763249739495,0.0024755735247922175,0.0031162873599629975,0.001319758132527288,0.0007371480209545879,0.0012296072871780786,0.004827277239005042,0.0004687394095161577,0.0006887794562490809,0.0011098822755689236,0.0006040990128729014,-0.00015849352295910105,0.0010836356864457233,0.0002517832798583755,0.0008760923051832578,0.000305246446779303,0.002121217469696267,-3.986734931603489e-5,0.00047918202350896537,0.0013390469868717813,0.0008327651512209386,-2.7208272030875542e-5,0.0013128258431076645,-2.9143928418797383e-5,0.0004736178215641057,0.0009693486311495513,0.0004687394095161577,0.007128864410254768,0.002501448414908942,0.0006086602353550512,0.0004828993110801782,0.0007751613556298649,-0.0008686809265222332,0.0005917052506388046,0.0009921432233577416,0.00022617676338595137,0.0017307518792237244,0.0011495239050293515,0.0005772610900476059,0.0010497604066060525,-5.4427065967933304e-5,0.0006161416748560124,0.001369696886102966,0.0039587242536939845,-0.0006559734014454752,0.0014075240750564418,0.0006887794562490809,0.002501448414908942,0.03629027634196939,0.002915907899775921,0.0010859078636454777,0.0022913316121377135,-8.970026076548113e-5,0.0004550498391546249,0.001715635031116486,0.0011473882355828111,0.0027158483494112693,0.0012620703626021169,0.001034548193588927,-0.0002486844540710529,0.0024852693554728274,0.0021298067882673426,-0.00018565727123302068,0.0011897476705606258,6.530219046577383e-5,0.0009370696450942244,0.0011098822755689236,0.0006086602353550512,0.002915907899775921,0.005389418891155774,0.000298804435301393,0.0006589315746371698,0.0007105562478654456,-5.5501517072145256e-5,0.0010702934380343002,0.00021423878678313962,0.001852477116264609,0.0003989675772196669,0.00034834922150474594,0.001068998996054055,0.0005923457296136908,0.00035289470513018067,0.002504483811572644,0.00026549532401493937,0.00043150634981311154,0.00027839300113993205,0.0006040990128729014,0.0004828993110801782,0.0010859078636454777,0.000298804435301393,0.002601934300544278,5.2469980379880754e-5,-0.00019334792189271735,0.0001141071010490137,-2.50147801036758e-5,-3.745096771653772e-5,0.0008152583039299994,-0.00010224219694884086,0.0002539774533440222,0.0005967705046852342,0.00038351682551732483,-0.00034613909519893145,0.0002575984797314843,0.0010626485479910638,0.0003101155276611006,0.00021119052771175175,-0.00015849352295910105,0.0007751613556298649,0.0022913316121377135,0.0006589315746371698,5.2469980379880754e-5,0.006530402301924892,-0.0008490197898366537,0.000170915427194873,0.00030881839544991217,-0.00025783103966709787,0.00016184028373055127,0.0003695384502574119,-0.00011121174471555897,0.0006943841820788744,-0.0005290474157595225,0.0010579181863283986,-3.921953180387267e-5,0.003046753077669595,0.0006511138391306059,0.00078369749851136,0.0010836356864457233,-0.0008686809265222332,-8.970026076548113e-5,0.0007105562478654456,-0.00019334792189271735,-0.0008490197898366537,0.016783959013783573,-0.00038118662404471927,0.0007867114620176384,0.0005286139712844352,-0.00119114731624677,-0.00021854630530373408,0.0001899450661047083,0.00052118532108131,0.0004571198234182754,0.0010625054883743334,0.0010953030188321999,0.0004120011768485955,0.00044972826659881024,0.0008289025552432689,0.0002517832798583755,0.0005917052506388046,0.0004550498391546249,-5.5501517072145256e-5,0.0001141071010490137,0.000170915427194873,-0.00038118662404471927,0.001305874324679993,0.00027762297827762215,-5.029666454228633e-5,0.0006526215662523698,0.00036681518691314874,0.00018596606544338262,-4.39321273676724e-5,3.2704779392764266e-5,0.0006795643302492952,0.00033601538084640525,0.0017021500764948898,-0.00015408754510355953,0.00238630180792976,0.0008760923051832578,0.0009921432233577416,0.001715635031116486,0.0010702934380343002,-2.50147801036758e-5,0.00030881839544991217,0.0007867114620176384,0.00027762297827762215,0.012835641334636714,0.0002447188732459025,0.0038124214453288023,0.0005134289964914007,0.00013759885547590196,0.0009078151215654157,0.0010204659700465564,0.002310945380949553,0.0028862723491180227,2.9592096861925026e-5,-2.4559032373486812e-5,0.0003800667809085123,0.000305246446779303,0.00022617676338595137,0.0011473882355828111,0.00021423878678313962,-3.745096771653772e-5,-0.00025783103966709787,0.0005286139712844352,-5.029666454228633e-5,0.0002447188732459025,0.001212466351057212,0.00040558068876173797,5.223942630588093e-5,4.667069394309401e-5,0.0002386208497929848,0.0005347903330047944,-3.2202199124823876e-5,0.0006338058375364541,0.002070468031167833,0.00035881704382380466,0.002982572749264889,0.002121217469696267,0.0017307518792237244,0.0027158483494112693,0.001852477116264609,0.0008152583039299994,0.00016184028373055127,-0.00119114731624677,0.0006526215662523698,0.0038124214453288023,0.00040558068876173797,0.0198299738989125,0.0008308260481438927,0.0008356525739994446,0.0011529235489439534,0.0013312743020594455,-0.0009723133007094715,0.003771352337646014,0.0009234473528578089,0.0005546341964346301,0.00018543303413725169,-3.986734931603489e-5,0.0011495239050293515,0.0012620703626021169,0.0003989675772196669,-0.00010224219694884086,0.0003695384502574119,-0.00021854630530373408,0.00036681518691314874,0.0005134289964914007,5.223942630588093e-5,0.0008308260481438927,0.0032425139238359585,0.00017028872037473373,-0.0004221219424095687,0.0002545699316486151,-0.00018674983428095904,0.0005808119478729982,9.305135404934548e-5,0.0005360182353567202,0.0005300889700235573,0.00047918202350896537,0.0005772610900476059,0.001034548193588927,0.00034834922150474594,0.0002539774533440222,-0.00011121174471555897,0.0001899450661047083,0.00018596606544338262,0.00013759885547590196,4.667069394309401e-5,0.0008356525739994446,0.00017028872037473373,0.0014541493872664334,4.728757075577906e-5,0.00045083452193502103,-5.720874518069223e-5,0.001275166044982944,7.685908613790205e-5,0.00013800232827734094,0.0004251970147854745,0.0013390469868717813,0.0010497604066060525,-0.0002486844540710529,0.001068998996054055,0.0005967705046852342,0.0006943841820788744,0.00052118532108131,-4.39321273676724e-5,0.0009078151215654157,0.0002386208497929848,0.0011529235489439534,-0.0004221219424095687,4.728757075577906e-5,0.011790584164555399,-5.2397893603979516e-5,0.0014677988988519967,0.0010899954771135044,0.0013901790811772343,0.000160178336401672,0.0012545763249739495,0.0008327651512209386,-5.4427065967933304e-5,0.0024852693554728274,0.0005923457296136908,0.00038351682551732483,-0.0005290474157595225,0.0004571198234182754,3.2704779392764266e-5,0.0010204659700465564,0.0005347903330047944,0.0013312743020594455,0.0002545699316486151,0.00045083452193502103,-5.2397893603979516e-5,0.0057886935453543165,-0.00022476370014432257,0.001939286573978417,-0.0003026125598800373,0.0002682449759004843,0.0024755735247922175,-2.7208272030875542e-5,0.0006161416748560124,0.0021298067882673426,0.00035289470513018067,-0.00034613909519893145,0.0010579181863283986,0.0010625054883743334,0.0006795643302492952,0.002310945380949553,-3.2202199124823876e-5,-0.0009723133007094715,-0.00018674983428095904,-5.720874518069223e-5,0.0014677988988519967,-0.00022476370014432257,0.029886239759999666,-0.0007982972363396786,0.0003681330103826525,0.000636401001892925,0.0031162873599629975,0.0013128258431076645,0.001369696886102966,-0.00018565727123302068,0.002504483811572644,0.0002575984797314843,-3.921953180387267e-5,0.0010953030188321999,0.00033601538084640525,0.0028862723491180227,0.0006338058375364541,0.003771352337646014,0.0005808119478729982,0.001275166044982944,0.0010899954771135044,0.001939286573978417,-0.0007982972363396786,0.021870080901710706
